0.60735	0.76743	0.072413	0.51867	0.79436	0.083372	0.54286	0.71622	0.035977	0.61888	0.82882	0.4895	0.4933	0.84915	0.47495	0.64647	0.85264	0.031714	0.58254	0.91334	0.046041	0.54988	0.85136	0.87988	0.56313	0.78085	0.077987	0.5561	0.83891	0.48226	78.338	-13.466	-15.881	-6.2711	-1.147	-2.5756
0.60734	0.76743	0.072414	0.51867	0.79436	0.083373	0.54287	0.71622	0.035981	0.61887	0.82882	0.4895	0.49329	0.84915	0.47495	0.64646	0.85264	0.031706	0.58253	0.91334	0.04604	0.54986	0.85135	0.87988	0.56313	0.78085	0.077986	0.5561	0.83891	0.48226	78.337	-13.47	-15.886	-6.2733	-1.148	-2.5771
0.60733	0.76742	0.072414	0.51867	0.79435	0.083373	0.54287	0.71622	0.035986	0.61887	0.82882	0.4895	0.49329	0.84914	0.47494	0.64646	0.85264	0.031698	0.58253	0.91334	0.046039	0.54985	0.85134	0.87989	0.56313	0.78085	0.077986	0.55609	0.83891	0.48226	78.335	-13.473	-15.891	-6.2754	-1.1492	-2.579
0.60733	0.76741	0.072415	0.51867	0.79435	0.083374	0.54287	0.71622	0.03599	0.61886	0.82882	0.4895	0.49328	0.84914	0.47494	0.64645	0.85264	0.031691	0.58252	0.91334	0.046038	0.54983	0.85132	0.87989	0.56314	0.78085	0.077986	0.55608	0.8389	0.48226	78.334	-13.477	-15.896	-6.2771	-1.1508	-2.5813
0.60732	0.7674	0.072415	0.51867	0.79435	0.083374	0.54287	0.71622	0.035994	0.61886	0.82882	0.4895	0.49327	0.84913	0.47494	0.64644	0.85264	0.031683	0.58252	0.91334	0.046037	0.54982	0.85131	0.87989	0.56314	0.78084	0.077986	0.55607	0.8389	0.48226	78.332	-13.48	-15.901	-6.2783	-1.1525	-2.5839
0.60732	0.76739	0.072416	0.51867	0.79435	0.083375	0.54287	0.71622	0.035997	0.61885	0.82882	0.48949	0.49326	0.84912	0.47494	0.64644	0.85265	0.031677	0.58251	0.91334	0.046037	0.5498	0.85129	0.8799	0.56314	0.78084	0.077986	0.55607	0.83889	0.48226	78.331	-13.482	-15.905	-6.2788	-1.1545	-2.5868
0.60731	0.76738	0.072417	0.51867	0.79434	0.083376	0.54287	0.71622	0.035999	0.61884	0.82882	0.48949	0.49326	0.84911	0.47494	0.64643	0.85265	0.031672	0.58251	0.91334	0.046037	0.54979	0.85128	0.87991	0.56315	0.78084	0.077986	0.55606	0.83888	0.48226	78.329	-13.484	-15.908	-6.2787	-1.1564	-2.59
0.60731	0.76737	0.072419	0.51867	0.79434	0.083378	0.54287	0.71622	0.036001	0.61884	0.82881	0.48949	0.49325	0.8491	0.47494	0.64643	0.85265	0.031668	0.58251	0.91334	0.046037	0.54978	0.85127	0.87991	0.56315	0.78084	0.077986	0.55605	0.83887	0.48226	78.328	-13.486	-15.91	-6.2778	-1.1586	-2.5935
0.60731	0.76737	0.07242	0.51867	0.79434	0.083379	0.54287	0.71622	0.036001	0.61883	0.8288	0.48949	0.49325	0.84909	0.47494	0.64643	0.85265	0.031664	0.5825	0.91334	0.046037	0.54977	0.85125	0.87992	0.56315	0.78083	0.077987	0.55605	0.83886	0.48226	78.326	-13.487	-15.912	-6.2762	-1.1607	-2.5973
0.60731	0.76736	0.072422	0.51867	0.79433	0.08338	0.54287	0.71622	0.036001	0.61883	0.82879	0.4895	0.49324	0.84908	0.47494	0.64643	0.85265	0.031662	0.5825	0.91334	0.046038	0.54976	0.85124	0.87992	0.56315	0.78084	0.077987	0.55604	0.83884	0.48226	78.324	-13.487	-15.912	-6.2741	-1.1626	-2.6013
0.60731	0.76736	0.072424	0.51867	0.79433	0.083381	0.54287	0.71622	0.036001	0.61882	0.82878	0.4895	0.49324	0.84906	0.47494	0.64643	0.85264	0.03166	0.5825	0.91334	0.046039	0.54975	0.85123	0.87993	0.56315	0.78084	0.077987	0.55604	0.83883	0.48226	78.322	-13.486	-15.912	-6.2716	-1.1642	-2.6054
0.60731	0.76735	0.072427	0.51867	0.79433	0.083382	0.54288	0.71622	0.036	0.61881	0.82877	0.4895	0.49324	0.84905	0.47494	0.64643	0.85264	0.031659	0.5825	0.91333	0.046039	0.54973	0.85122	0.87994	0.56315	0.78084	0.077987	0.55603	0.83882	0.48226	78.32	-13.484	-15.911	-6.2688	-1.1654	-2.6095
0.60731	0.76735	0.072429	0.51867	0.79433	0.083383	0.54288	0.71622	0.036	0.61881	0.82876	0.4895	0.49323	0.84904	0.47494	0.64643	0.85264	0.031659	0.5825	0.91333	0.04604	0.54972	0.85121	0.87994	0.56315	0.78085	0.077987	0.55603	0.83881	0.48226	78.318	-13.482	-15.909	-6.2658	-1.1662	-2.6136
0.60731	0.76734	0.072431	0.51867	0.79433	0.083384	0.54288	0.71622	0.035999	0.6188	0.82876	0.4895	0.49323	0.84903	0.47494	0.64643	0.85264	0.031658	0.5825	0.91333	0.04604	0.54971	0.85121	0.87995	0.56315	0.78086	0.077987	0.55602	0.8388	0.48226	78.316	-13.479	-15.907	-6.2627	-1.1664	-2.6176
0.60731	0.76734	0.072432	0.51867	0.79433	0.083384	0.54288	0.71622	0.035999	0.6188	0.82875	0.4895	0.49322	0.84903	0.47494	0.64644	0.85264	0.031658	0.5825	0.91333	0.04604	0.54969	0.8512	0.87996	0.56315	0.78087	0.077986	0.55602	0.83879	0.48226	78.314	-13.475	-15.904	-6.2596	-1.1661	-2.6216
0.60731	0.76734	0.072434	0.51867	0.79433	0.083383	0.54288	0.71622	0.035999	0.61879	0.82874	0.48951	0.49322	0.84903	0.47494	0.64644	0.85264	0.031658	0.5825	0.91333	0.046039	0.54968	0.8512	0.87996	0.56315	0.78088	0.077985	0.55601	0.83879	0.48226	78.312	-13.471	-15.901	-6.2566	-1.1652	-2.6254
0.60731	0.76734	0.072435	0.51867	0.79433	0.083382	0.54288	0.71622	0.035999	0.61878	0.82874	0.48951	0.49321	0.84902	0.47494	0.64644	0.85264	0.031659	0.5825	0.91333	0.046038	0.54966	0.8512	0.87997	0.56314	0.7809	0.077984	0.556	0.83879	0.48226	78.31	-13.466	-15.897	-6.2535	-1.1638	-2.6292
0.60731	0.76734	0.072436	0.51867	0.79433	0.083381	0.54289	0.71623	0.036	0.61877	0.82874	0.48951	0.4932	0.84903	0.47493	0.64644	0.85265	0.031659	0.5825	0.91333	0.046037	0.54964	0.85121	0.87997	0.56314	0.78091	0.077983	0.556	0.83879	0.48226	78.307	-13.461	-15.893	-6.2505	-1.1619	-2.6331
0.60731	0.76734	0.072437	0.51867	0.79434	0.08338	0.54289	0.71623	0.036001	0.61877	0.82874	0.48951	0.49319	0.84903	0.47493	0.64644	0.85265	0.031659	0.5825	0.91333	0.046035	0.54962	0.85122	0.87998	0.56314	0.78093	0.077981	0.55599	0.83879	0.48226	78.305	-13.456	-15.89	-6.2474	-1.1596	-2.637
0.6073	0.76734	0.072438	0.51867	0.79434	0.083378	0.54289	0.71623	0.036003	0.61875	0.82875	0.48951	0.49318	0.84904	0.47493	0.64644	0.85265	0.031659	0.5825	0.91334	0.046034	0.5496	0.85123	0.87998	0.56313	0.78095	0.077979	0.55598	0.8388	0.48226	78.303	-13.451	-15.886	-6.2442	-1.1571	-2.6413
0.6073	0.76734	0.072438	0.51866	0.79434	0.083376	0.54289	0.71623	0.036005	0.61874	0.82875	0.48951	0.49317	0.84904	0.47493	0.64644	0.85265	0.031659	0.5825	0.91334	0.046032	0.54957	0.85125	0.87999	0.56313	0.78097	0.077977	0.55597	0.83881	0.48225	78.3	-13.445	-15.882	-6.2408	-1.1544	-2.646
0.6073	0.76734	0.072439	0.51866	0.79435	0.083373	0.54289	0.71623	0.036007	0.61873	0.82876	0.48951	0.49316	0.84905	0.47493	0.64644	0.85266	0.03166	0.5825	0.91334	0.046029	0.54955	0.85127	0.87999	0.56312	0.78099	0.077975	0.55595	0.83882	0.48225	78.298	-13.441	-15.878	-6.2372	-1.1517	-2.6511
0.6073	0.76735	0.072439	0.51866	0.79435	0.083371	0.5429	0.71623	0.03601	0.61871	0.82876	0.48951	0.49314	0.84905	0.47492	0.64644	0.85266	0.03166	0.5825	0.91335	0.046027	0.54952	0.8513	0.87999	0.56311	0.78102	0.077973	0.55593	0.83883	0.48225	78.296	-13.436	-15.874	-6.2333	-1.149	-2.6566
0.6073	0.76735	0.07244	0.51866	0.79436	0.083369	0.5429	0.71623	0.036012	0.6187	0.82877	0.48951	0.49313	0.84906	0.47492	0.64644	0.85266	0.03166	0.5825	0.91335	0.046024	0.54949	0.85132	0.88	0.56311	0.78104	0.077971	0.55592	0.83884	0.48225	78.293	-13.432	-15.87	-6.2291	-1.1464	-2.6628
0.6073	0.76735	0.072441	0.51866	0.79436	0.083367	0.5429	0.71624	0.036014	0.61868	0.82878	0.48951	0.49311	0.84906	0.47492	0.64644	0.85267	0.031661	0.58249	0.91335	0.046022	0.54946	0.85135	0.88	0.5631	0.78106	0.07797	0.5559	0.83885	0.48225	78.291	-13.429	-15.866	-6.2246	-1.144	-2.6693
0.6073	0.76735	0.072442	0.51866	0.79436	0.083365	0.5429	0.71624	0.036016	0.61866	0.82878	0.48951	0.4931	0.84906	0.47492	0.64644	0.85267	0.031662	0.58249	0.91336	0.046019	0.54944	0.85139	0.88001	0.56309	0.78108	0.077969	0.55588	0.83886	0.48225	78.288	-13.427	-15.863	-6.2197	-1.1419	-2.6762
0.6073	0.76736	0.072444	0.51866	0.79436	0.083363	0.5429	0.71624	0.036018	0.61865	0.82879	0.48951	0.49308	0.84906	0.47492	0.64644	0.85267	0.031662	0.58249	0.91336	0.046016	0.54941	0.85142	0.88001	0.56309	0.7811	0.077968	0.55587	0.83886	0.48225	78.286	-13.426	-15.86	-6.2146	-1.1401	-2.6833
0.6073	0.76736	0.072445	0.51865	0.79437	0.083361	0.5429	0.71624	0.036019	0.61863	0.82879	0.48951	0.49306	0.84906	0.47492	0.64644	0.85267	0.031663	0.58249	0.91336	0.046013	0.54938	0.85145	0.88001	0.56308	0.78111	0.077968	0.55585	0.83887	0.48225	78.283	-13.425	-15.857	-6.2093	-1.1386	-2.6905
0.6073	0.76736	0.072447	0.51865	0.79437	0.08336	0.54291	0.71624	0.03602	0.61861	0.8288	0.48951	0.49305	0.84906	0.47492	0.64644	0.85268	0.031663	0.58249	0.91336	0.04601	0.54936	0.85149	0.88001	0.56307	0.78113	0.077968	0.55583	0.83888	0.48225	78.281	-13.425	-15.854	-6.2038	-1.1374	-2.6975
0.60731	0.76737	0.072449	0.51865	0.79437	0.083359	0.54291	0.71624	0.036021	0.6186	0.8288	0.48951	0.49304	0.84905	0.47492	0.64644	0.85268	0.031664	0.58249	0.91337	0.046008	0.54933	0.85152	0.88002	0.56307	0.78114	0.077967	0.55581	0.83888	0.48225	78.278	-13.425	-15.852	-6.1984	-1.1365	-2.7041
0.60731	0.76737	0.072451	0.51865	0.79437	0.083358	0.54291	0.71624	0.036021	0.61858	0.8288	0.48951	0.49302	0.84905	0.47492	0.64643	0.85268	0.031664	0.58249	0.91337	0.046005	0.54931	0.85154	0.88002	0.56306	0.78115	0.077967	0.5558	0.83888	0.48225	78.276	-13.426	-15.85	-6.193	-1.1357	-2.7101
0.60732	0.76737	0.072453	0.51865	0.79437	0.083356	0.54291	0.71624	0.036022	0.61857	0.82881	0.48951	0.49301	0.84904	0.47492	0.64643	0.85268	0.031663	0.58249	0.91337	0.046002	0.54929	0.85157	0.88002	0.56306	0.78116	0.077968	0.55578	0.83888	0.48225	78.273	-13.427	-15.848	-6.1878	-1.1351	-2.7154
0.60732	0.76738	0.072455	0.51865	0.79437	0.083355	0.54291	0.71625	0.036022	0.61856	0.82881	0.48951	0.493	0.84903	0.47491	0.64643	0.85268	0.031663	0.58249	0.91337	0.046	0.54927	0.85159	0.88003	0.56305	0.78117	0.077968	0.55577	0.83888	0.48225	78.271	-13.429	-15.847	-6.1829	-1.1346	-2.7199
0.60732	0.76738	0.072456	0.51865	0.79437	0.083354	0.54292	0.71625	0.036022	0.61855	0.82881	0.48951	0.49299	0.84903	0.47491	0.64643	0.85268	0.031663	0.58249	0.91337	0.045997	0.54925	0.85161	0.88003	0.56305	0.78117	0.077968	0.55576	0.83888	0.48226	78.268	-13.43	-15.847	-6.1784	-1.1343	-2.7232
0.60733	0.76738	0.072457	0.51865	0.79437	0.083353	0.54292	0.71625	0.036023	0.61854	0.8288	0.48951	0.49298	0.84902	0.47491	0.64643	0.85268	0.031662	0.58249	0.91337	0.045995	0.54924	0.85162	0.88004	0.56305	0.78118	0.077968	0.55575	0.83888	0.48226	78.266	-13.431	-15.847	-6.1745	-1.1338	-2.7257
0.60733	0.76738	0.072458	0.51865	0.79437	0.083352	0.54292	0.71625	0.036023	0.61853	0.8288	0.48952	0.49297	0.84902	0.47491	0.64643	0.85268	0.031662	0.58249	0.91337	0.045993	0.54922	0.85163	0.88004	0.56305	0.78118	0.077968	0.55574	0.83888	0.48226	78.264	-13.433	-15.847	-6.1712	-1.1334	-2.7271
0.60733	0.76738	0.072458	0.51865	0.79437	0.083351	0.54292	0.71625	0.036024	0.61853	0.8288	0.48952	0.49296	0.84902	0.47491	0.64643	0.85268	0.031661	0.58249	0.91337	0.045992	0.54921	0.85164	0.88004	0.56305	0.78118	0.077968	0.55574	0.83888	0.48226	78.262	-13.434	-15.847	-6.1685	-1.1329	-2.7276
0.60732	0.76737	0.072459	0.51865	0.79437	0.08335	0.54292	0.71625	0.036026	0.61852	0.8288	0.48952	0.49296	0.84901	0.47491	0.64643	0.85268	0.031661	0.58249	0.91337	0.04599	0.5492	0.85165	0.88004	0.56305	0.78118	0.077968	0.55573	0.83887	0.48226	78.26	-13.435	-15.848	-6.1666	-1.1324	-2.7272
0.60732	0.76737	0.072458	0.51865	0.79437	0.083349	0.54292	0.71625	0.036027	0.61852	0.8288	0.48952	0.49295	0.84901	0.47491	0.64643	0.85268	0.031662	0.58249	0.91337	0.045989	0.54919	0.85165	0.88004	0.56305	0.78118	0.077968	0.55573	0.83887	0.48226	78.259	-13.435	-15.848	-6.1656	-1.1319	-2.7262
0.60732	0.76737	0.072458	0.51865	0.79437	0.083348	0.54292	0.71625	0.036029	0.61852	0.8288	0.48952	0.49294	0.84901	0.4749	0.64643	0.85268	0.031662	0.58249	0.91337	0.045989	0.54918	0.85165	0.88005	0.56305	0.78117	0.077968	0.55573	0.83887	0.48225	78.258	-13.436	-15.849	-6.1652	-1.1315	-2.7246
0.60731	0.76737	0.072458	0.51864	0.79436	0.083347	0.54292	0.71625	0.036031	0.61851	0.8288	0.48952	0.49294	0.84901	0.4749	0.64642	0.85269	0.031663	0.58249	0.91337	0.045988	0.54917	0.85164	0.88005	0.56306	0.78117	0.077968	0.55572	0.83887	0.48225	78.257	-13.437	-15.849	-6.1657	-1.1311	-2.7224
0.60731	0.76736	0.072457	0.51864	0.79436	0.083347	0.54292	0.71625	0.036033	0.61851	0.82881	0.48952	0.49293	0.84901	0.4749	0.64642	0.85269	0.031665	0.58249	0.91337	0.045989	0.54916	0.85164	0.88005	0.56306	0.78116	0.077969	0.55572	0.83887	0.48225	78.257	-13.437	-15.85	-6.1667	-1.1309	-2.7201
0.6073	0.76736	0.072457	0.51864	0.79436	0.083347	0.54292	0.71625	0.036036	0.6185	0.82881	0.48952	0.49292	0.84901	0.4749	0.64642	0.85269	0.031667	0.58249	0.91337	0.045989	0.54915	0.85164	0.88005	0.56306	0.78116	0.077969	0.55571	0.83886	0.48225	78.257	-13.438	-15.85	-6.1685	-1.1309	-2.7175
0.6073	0.76736	0.072456	0.51864	0.79436	0.083347	0.54292	0.71625	0.036037	0.6185	0.82881	0.48952	0.49291	0.84901	0.4749	0.64642	0.85269	0.031669	0.58249	0.91337	0.04599	0.54914	0.85163	0.88005	0.56306	0.78115	0.07797	0.55571	0.83886	0.48225	78.258	-13.44	-15.851	-6.1707	-1.1312	-2.7148
0.60729	0.76736	0.072456	0.51864	0.79436	0.083348	0.54292	0.71625	0.036039	0.61849	0.82881	0.48952	0.49291	0.84901	0.47489	0.64642	0.85269	0.031672	0.58249	0.91337	0.045992	0.54912	0.85163	0.88006	0.56306	0.78114	0.077971	0.5557	0.83886	0.48225	78.259	-13.441	-15.852	-6.1732	-1.1317	-2.712
0.60729	0.76736	0.072456	0.51863	0.79435	0.083348	0.54292	0.71625	0.03604	0.61848	0.82881	0.48952	0.4929	0.84901	0.47489	0.64642	0.85269	0.031675	0.58249	0.91337	0.045993	0.54911	0.85162	0.88006	0.56307	0.78112	0.077973	0.5557	0.83886	0.48225	78.26	-13.443	-15.853	-6.176	-1.1324	-2.7091
0.60729	0.76736	0.072456	0.51863	0.79435	0.083349	0.54292	0.71625	0.036041	0.61848	0.82881	0.48952	0.49289	0.849	0.47489	0.64642	0.85269	0.031677	0.58248	0.91337	0.045995	0.5491	0.85162	0.88006	0.56307	0.78111	0.077974	0.55569	0.83885	0.48225	78.261	-13.446	-15.854	-6.1788	-1.1335	-2.7062
0.60728	0.76735	0.072456	0.51863	0.79435	0.08335	0.54292	0.71625	0.03604	0.61847	0.82881	0.48953	0.49288	0.849	0.47489	0.64642	0.85269	0.03168	0.58248	0.91337	0.045996	0.54908	0.85161	0.88006	0.56307	0.7811	0.077976	0.55568	0.83884	0.48225	78.262	-13.449	-15.856	-6.1815	-1.1346	-2.7031
0.60728	0.76735	0.072455	0.51863	0.79435	0.083351	0.54292	0.71625	0.036039	0.61846	0.82881	0.48953	0.49288	0.84899	0.47489	0.64642	0.8527	0.031683	0.58248	0.91337	0.045998	0.54907	0.8516	0.88006	0.56308	0.78108	0.077977	0.55567	0.83884	0.48224	78.263	-13.453	-15.859	-6.184	-1.1358	-2.6999
0.60728	0.76735	0.072454	0.51863	0.79434	0.083352	0.54292	0.71625	0.036038	0.61845	0.8288	0.48953	0.49287	0.84898	0.47489	0.64642	0.8527	0.031685	0.58248	0.91337	0.045999	0.54905	0.85159	0.88006	0.56309	0.78107	0.077979	0.55566	0.83883	0.48224	78.264	-13.456	-15.862	-6.1862	-1.137	-2.6964
0.60728	0.76735	0.072453	0.51863	0.79434	0.083353	0.54292	0.71624	0.036035	0.61844	0.82879	0.48953	0.49286	0.84896	0.47489	0.64642	0.8527	0.031686	0.58248	0.91337	0.046001	0.54904	0.85158	0.88006	0.56309	0.78105	0.07798	0.55566	0.83881	0.48224	78.264	-13.461	-15.866	-6.1879	-1.1381	-2.6927
0.60728	0.76735	0.072451	0.51864	0.79434	0.083354	0.54292	0.71624	0.036032	0.61843	0.82878	0.48954	0.49285	0.84894	0.47489	0.64642	0.8527	0.031687	0.58247	0.91337	0.046002	0.54902	0.85157	0.88007	0.5631	0.78104	0.077981	0.55565	0.8388	0.48224	78.264	-13.465	-15.87	-6.1892	-1.139	-2.6885
0.60728	0.76735	0.072449	0.51864	0.79434	0.083355	0.54292	0.71624	0.036029	0.61843	0.82877	0.48954	0.49285	0.84893	0.47489	0.64642	0.8527	0.031687	0.58247	0.91337	0.046002	0.549	0.85155	0.88007	0.5631	0.78102	0.077983	0.55564	0.83878	0.48224	78.264	-13.47	-15.875	-6.1898	-1.1394	-2.684
0.60727	0.76734	0.072445	0.51864	0.79433	0.083356	0.54292	0.71624	0.036025	0.61842	0.82875	0.48954	0.49284	0.8489	0.47489	0.64642	0.8527	0.031687	0.58247	0.91337	0.046003	0.54898	0.85154	0.88007	0.56311	0.781	0.077984	0.55563	0.83876	0.48224	78.263	-13.474	-15.88	-6.1901	-1.1393	-2.6789
0.60727	0.76734	0.072442	0.51864	0.79433	0.083356	0.54292	0.71624	0.036021	0.61841	0.82873	0.48955	0.49284	0.84888	0.47489	0.64642	0.8527	0.031686	0.58247	0.91337	0.046003	0.54896	0.85152	0.88007	0.56312	0.78099	0.077985	0.55562	0.83873	0.48224	78.262	-13.479	-15.885	-6.1898	-1.1386	-2.6734
0.60726	0.76733	0.072438	0.51865	0.79433	0.083357	0.54292	0.71624	0.036016	0.6184	0.8287	0.48955	0.49283	0.84885	0.4749	0.64642	0.8527	0.031684	0.58247	0.91337	0.046004	0.54894	0.8515	0.88007	0.56312	0.78097	0.077985	0.55561	0.83871	0.48224	78.26	-13.484	-15.891	-6.1891	-1.1373	-2.6673
0.60726	0.76733	0.072434	0.51865	0.79432	0.083358	0.54293	0.71624	0.036012	0.61839	0.82868	0.48956	0.49282	0.84881	0.4749	0.64641	0.8527	0.031682	0.58247	0.91337	0.046004	0.54892	0.85147	0.88008	0.56313	0.78095	0.077986	0.5556	0.83868	0.48224	78.258	-13.488	-15.896	-6.1882	-1.1352	-2.6606
0.60725	0.76733	0.07243	0.51865	0.79432	0.083359	0.54293	0.71623	0.036007	0.61838	0.82864	0.48956	0.49281	0.84878	0.4749	0.64641	0.8527	0.03168	0.58247	0.91337	0.046005	0.54889	0.85145	0.88008	0.56313	0.78094	0.077987	0.55559	0.83865	0.48224	78.255	-13.493	-15.902	-6.1869	-1.1324	-2.6533
0.60725	0.76732	0.072427	0.51865	0.79432	0.08336	0.54293	0.71623	0.036002	0.61837	0.82861	0.48956	0.4928	0.84874	0.4749	0.64641	0.8527	0.031677	0.58247	0.91336	0.046006	0.54887	0.85142	0.88008	0.56313	0.78092	0.077987	0.55558	0.83861	0.48224	78.251	-13.497	-15.907	-6.1854	-1.1288	-2.6453
0.60725	0.76732	0.072425	0.51866	0.79432	0.08336	0.54294	0.71623	0.035997	0.61835	0.82857	0.48957	0.49279	0.8487	0.4749	0.64641	0.8527	0.031675	0.58247	0.91336	0.046007	0.54884	0.85139	0.88008	0.56313	0.7809	0.077987	0.55557	0.83858	0.48224	78.248	-13.502	-15.913	-6.1839	-1.1244	-2.6366
0.60725	0.76733	0.072425	0.51866	0.79432	0.083361	0.54294	0.71623	0.035993	0.61834	0.82853	0.48957	0.49278	0.84865	0.47491	0.64641	0.8527	0.031673	0.58247	0.91336	0.046009	0.54881	0.85135	0.88008	0.56313	0.78089	0.077987	0.55555	0.83854	0.48224	78.244	-13.507	-15.918	-6.1824	-1.1193	-2.6271
0.60726	0.76734	0.072427	0.51866	0.79432	0.083362	0.54294	0.71623	0.035989	0.61833	0.82849	0.48958	0.49277	0.84861	0.47491	0.64641	0.8527	0.031671	0.58247	0.91336	0.046011	0.54878	0.85132	0.88009	0.56313	0.78087	0.077987	0.55554	0.8385	0.48225	78.239	-13.512	-15.924	-6.1809	-1.1137	-2.6167
0.60727	0.76735	0.072433	0.51866	0.79432	0.083363	0.54295	0.71623	0.035984	0.61831	0.82844	0.48959	0.49276	0.84856	0.47491	0.64641	0.8527	0.031669	0.58248	0.91336	0.046013	0.54874	0.85128	0.88009	0.56313	0.78086	0.077987	0.55552	0.83847	0.48225	78.234	-13.517	-15.93	-6.1794	-1.1075	-2.6056
0.60729	0.76738	0.072442	0.51866	0.79432	0.083363	0.54295	0.71623	0.035981	0.6183	0.82839	0.48959	0.49274	0.84851	0.47492	0.64641	0.8527	0.031668	0.58248	0.91335	0.046016	0.54871	0.85124	0.88009	0.56313	0.78084	0.077987	0.55551	0.83843	0.48225	78.229	-13.523	-15.937	-6.1781	-1.101	-2.5935
0.60732	0.76741	0.072455	0.51867	0.79432	0.083363	0.54295	0.71622	0.035977	0.61828	0.82834	0.4896	0.49272	0.84846	0.47492	0.64641	0.85269	0.031667	0.58249	0.91335	0.04602	0.54867	0.8512	0.88009	0.56312	0.78083	0.077986	0.55549	0.83839	0.48225	78.224	-13.529	-15.945	-6.1768	-1.0942	-2.5804
0.60735	0.76745	0.072473	0.51867	0.79433	0.083363	0.54295	0.71622	0.035974	0.61827	0.82829	0.4896	0.49271	0.84841	0.47492	0.64642	0.85269	0.031667	0.58249	0.91335	0.046025	0.54864	0.85115	0.8801	0.56312	0.78082	0.077985	0.55548	0.83835	0.48225	78.218	-13.536	-15.953	-6.1755	-1.0872	-2.5663
0.60739	0.7675	0.072494	0.51867	0.79434	0.083362	0.54296	0.71622	0.035971	0.61825	0.82824	0.48961	0.49269	0.84835	0.47493	0.64642	0.85269	0.031666	0.5825	0.91335	0.04603	0.5486	0.85111	0.8801	0.56311	0.78082	0.077983	0.55546	0.83831	0.48225	78.211	-13.543	-15.963	-6.1744	-1.0802	-2.5513
0.60744	0.76756	0.072519	0.51867	0.79434	0.08336	0.54296	0.71622	0.035968	0.61824	0.82819	0.48962	0.49267	0.8483	0.47493	0.64642	0.85269	0.031666	0.58251	0.91334	0.046035	0.54856	0.85106	0.88011	0.5631	0.78081	0.077981	0.55544	0.83827	0.48225	78.205	-13.551	-15.974	-6.1732	-1.0732	-2.5354
0.6075	0.76762	0.072547	0.51867	0.79436	0.083359	0.54296	0.71621	0.035966	0.61822	0.82814	0.48962	0.49265	0.84825	0.47494	0.64643	0.85268	0.031667	0.58252	0.91334	0.046042	0.54852	0.85101	0.88011	0.5631	0.78081	0.077979	0.55542	0.83822	0.48225	78.198	-13.559	-15.986	-6.1719	-1.0663	-2.5186
0.60756	0.76769	0.072578	0.51868	0.79437	0.083356	0.54296	0.71621	0.035964	0.6182	0.82809	0.48963	0.49263	0.84819	0.47494	0.64643	0.85268	0.031667	0.58253	0.91334	0.046048	0.54848	0.85096	0.88011	0.56309	0.7808	0.077976	0.55541	0.83818	0.48225	78.19	-13.567	-16	-6.1706	-1.0596	-2.5013
0.60762	0.76776	0.072611	0.51868	0.79438	0.083354	0.54297	0.71621	0.035963	0.61819	0.82804	0.48963	0.49261	0.84814	0.47495	0.64643	0.85267	0.031668	0.58254	0.91334	0.046056	0.54844	0.85092	0.88012	0.56308	0.7808	0.077972	0.55539	0.83814	0.48225	78.183	-13.575	-16.015	-6.1693	-1.053	-2.4834
0.60769	0.76784	0.072644	0.51869	0.79439	0.08335	0.54297	0.7162	0.035962	0.61817	0.82799	0.48964	0.49259	0.84808	0.47495	0.64644	0.85267	0.031669	0.58255	0.91334	0.046064	0.54841	0.85087	0.88012	0.56307	0.7808	0.077968	0.55537	0.83809	0.48225	78.175	-13.583	-16.031	-6.1677	-1.0466	-2.4653
0.60775	0.76791	0.072678	0.51869	0.7944	0.083347	0.54297	0.7162	0.035961	0.61815	0.82794	0.48965	0.49257	0.84803	0.47495	0.64644	0.85266	0.031669	0.58256	0.91334	0.046072	0.54836	0.85082	0.88013	0.56307	0.78081	0.077964	0.55536	0.83805	0.48225	78.166	-13.591	-16.048	-6.166	-1.0406	-2.4472
0.60781	0.76798	0.07271	0.5187	0.79442	0.083343	0.54297	0.7162	0.03596	0.61814	0.82789	0.48965	0.49255	0.84798	0.47495	0.64645	0.85265	0.03167	0.58257	0.91334	0.04608	0.54832	0.85077	0.88013	0.56306	0.78081	0.07796	0.55534	0.83801	0.48225	78.158	-13.598	-16.067	-6.1641	-1.0348	-2.4294
0.60787	0.76805	0.072741	0.5187	0.79443	0.083338	0.54297	0.71619	0.035959	0.61812	0.82785	0.48966	0.49253	0.84793	0.47495	0.64645	0.85265	0.03167	0.58258	0.91334	0.046088	0.54828	0.85073	0.88014	0.56306	0.78081	0.077955	0.55533	0.83797	0.48225	78.15	-13.605	-16.085	-6.1621	-1.0293	-2.4121
0.60793	0.76812	0.072768	0.51871	0.79444	0.083334	0.54298	0.71619	0.035959	0.61811	0.8278	0.48966	0.49251	0.84788	0.47495	0.64646	0.85264	0.03167	0.58259	0.91334	0.046096	0.54824	0.85069	0.88015	0.56305	0.78082	0.07795	0.55531	0.83793	0.48225	78.142	-13.611	-16.105	-6.1599	-1.0243	-2.3956
0.60797	0.76817	0.072793	0.51871	0.79445	0.083329	0.54298	0.71619	0.035958	0.61809	0.82776	0.48967	0.49249	0.84783	0.47495	0.64646	0.85263	0.03167	0.5826	0.91334	0.046104	0.5482	0.85064	0.88015	0.56305	0.78082	0.077946	0.55529	0.83789	0.48225	78.135	-13.616	-16.124	-6.1577	-1.0197	-2.3801
0.60801	0.76822	0.072814	0.51872	0.79446	0.083324	0.54298	0.71619	0.035958	0.61807	0.82772	0.48968	0.49247	0.84779	0.47495	0.64647	0.85262	0.03167	0.58261	0.91334	0.046112	0.54816	0.85061	0.88016	0.56305	0.78082	0.077941	0.55528	0.83785	0.48225	78.128	-13.621	-16.143	-6.1555	-1.0155	-2.3658
0.60805	0.76826	0.072831	0.51872	0.79447	0.083318	0.54299	0.71618	0.035957	0.61806	0.82769	0.48968	0.49245	0.84775	0.47495	0.64647	0.85262	0.031669	0.58262	0.91334	0.046119	0.54812	0.85057	0.88016	0.56304	0.78082	0.077937	0.55526	0.83782	0.48225	78.121	-13.625	-16.161	-6.1533	-1.0118	-2.3528
0.60808	0.76829	0.072845	0.51873	0.79448	0.083313	0.54299	0.71618	0.035956	0.61804	0.82766	0.48968	0.49243	0.84772	0.47494	0.64648	0.85261	0.031668	0.58262	0.91334	0.046126	0.54808	0.85054	0.88017	0.56304	0.78083	0.077933	0.55525	0.83779	0.48225	78.115	-13.629	-16.179	-6.1513	-1.0086	-2.3411
0.6081	0.76832	0.072855	0.51873	0.79448	0.083307	0.543	0.71618	0.035955	0.61802	0.82763	0.48969	0.49241	0.84769	0.47493	0.64648	0.85261	0.031667	0.58263	0.91334	0.046132	0.54804	0.85052	0.88018	0.56304	0.78083	0.07793	0.55523	0.83777	0.48224	78.11	-13.632	-16.196	-6.1494	-1.0061	-2.331
0.60811	0.76834	0.072863	0.51874	0.79449	0.083302	0.543	0.71618	0.035953	0.618	0.82761	0.48969	0.49239	0.84766	0.47493	0.64648	0.8526	0.031665	0.58264	0.91335	0.046137	0.548	0.85049	0.88018	0.56303	0.78083	0.077927	0.55521	0.83775	0.48224	78.106	-13.635	-16.211	-6.1479	-1.004	-2.3222
0.60812	0.76835	0.072868	0.51874	0.7945	0.083296	0.543	0.71617	0.035952	0.61798	0.82759	0.4897	0.49237	0.84764	0.47492	0.64648	0.8526	0.031664	0.58264	0.91335	0.046141	0.54796	0.85047	0.88019	0.56303	0.78083	0.077924	0.55519	0.83773	0.48224	78.102	-13.637	-16.225	-6.1467	-1.0026	-2.3149
0.60812	0.76836	0.072871	0.51874	0.7945	0.083291	0.54301	0.71617	0.03595	0.61796	0.82758	0.4897	0.49235	0.84763	0.47491	0.64649	0.8526	0.031662	0.58265	0.91335	0.046145	0.54792	0.85046	0.88019	0.56303	0.78083	0.077922	0.55517	0.83772	0.48224	78.099	-13.638	-16.237	-6.1458	-1.0016	-2.309
0.60813	0.76836	0.072872	0.51875	0.79451	0.083285	0.54301	0.71617	0.035949	0.61794	0.82757	0.4897	0.49233	0.84762	0.47491	0.64649	0.85259	0.03166	0.58265	0.91335	0.046147	0.54788	0.85045	0.8802	0.56303	0.78083	0.07792	0.55515	0.83772	0.48223	78.097	-13.639	-16.247	-6.1454	-1.0011	-2.3044
0.60812	0.76837	0.072873	0.51875	0.79451	0.08328	0.54301	0.71617	0.035947	0.61791	0.82757	0.4897	0.49231	0.84761	0.4749	0.64649	0.85259	0.031658	0.58265	0.91335	0.046148	0.54784	0.85045	0.8802	0.56303	0.78083	0.077918	0.55513	0.83772	0.48223	78.096	-13.64	-16.256	-6.1454	-1.001	-2.3012
0.60812	0.76837	0.072873	0.51875	0.79451	0.083275	0.54302	0.71617	0.035946	0.61789	0.82757	0.4897	0.49229	0.84761	0.47489	0.64649	0.85259	0.031656	0.58266	0.91335	0.046149	0.5478	0.85045	0.8802	0.56303	0.78083	0.077917	0.55511	0.83773	0.48223	78.095	-13.641	-16.262	-6.1458	-1.0013	-2.2992
0.60812	0.76836	0.072873	0.51875	0.79452	0.083271	0.54302	0.71617	0.035945	0.61787	0.82758	0.4897	0.49228	0.84761	0.47488	0.64649	0.85259	0.031655	0.58265	0.91335	0.046148	0.54776	0.85046	0.88021	0.56303	0.78083	0.077916	0.55509	0.83774	0.48222	78.095	-13.642	-16.267	-6.1467	-1.0018	-2.2984
0.60811	0.76836	0.072872	0.51875	0.79452	0.083267	0.54302	0.71617	0.035944	0.61785	0.8276	0.4897	0.49226	0.84762	0.47487	0.64649	0.85259	0.031654	0.58265	0.91336	0.046147	0.54772	0.85048	0.88021	0.56303	0.78083	0.077915	0.55506	0.83775	0.48222	78.095	-13.643	-16.27	-6.148	-1.0025	-2.2989
0.60811	0.76836	0.072872	0.51875	0.79452	0.083264	0.54302	0.71617	0.035943	0.61782	0.82762	0.4897	0.49225	0.84763	0.47487	0.64649	0.8526	0.031654	0.58265	0.91336	0.046145	0.54768	0.8505	0.88021	0.56303	0.78083	0.077915	0.55504	0.83777	0.48221	78.097	-13.644	-16.271	-6.1497	-1.0033	-2.3005
0.6081	0.76836	0.072872	0.51874	0.79452	0.083262	0.54302	0.71617	0.035942	0.6178	0.82764	0.4897	0.49223	0.84765	0.47486	0.64649	0.8526	0.031653	0.58265	0.91336	0.046143	0.54764	0.85052	0.88021	0.56303	0.78082	0.077915	0.55502	0.8378	0.48221	78.099	-13.645	-16.272	-6.1519	-1.0041	-2.3032
0.60809	0.76835	0.072872	0.51874	0.79452	0.083261	0.54302	0.71617	0.035941	0.61778	0.82768	0.4897	0.49222	0.84766	0.47485	0.64648	0.8526	0.031654	0.58264	0.91336	0.04614	0.54761	0.85055	0.88021	0.56303	0.78082	0.077916	0.555	0.83783	0.4822	78.101	-13.647	-16.271	-6.1545	-1.005	-2.3071
0.60809	0.76835	0.072872	0.51873	0.79452	0.08326	0.54302	0.71617	0.035939	0.61776	0.82771	0.48969	0.4922	0.84769	0.47485	0.64648	0.85261	0.031655	0.58264	0.91336	0.046138	0.54757	0.85059	0.88021	0.56302	0.78082	0.077917	0.55497	0.83786	0.4822	78.105	-13.648	-16.269	-6.1574	-1.0058	-2.3121
0.60808	0.76835	0.072872	0.51873	0.79451	0.083261	0.54302	0.71618	0.035938	0.61774	0.82775	0.48969	0.49219	0.84771	0.47484	0.64648	0.85261	0.031656	0.58263	0.91336	0.046135	0.54753	0.85064	0.88021	0.56302	0.78081	0.077919	0.55495	0.8379	0.48219	78.109	-13.651	-16.267	-6.1607	-1.0064	-2.318
0.60807	0.76835	0.072871	0.51872	0.79451	0.083263	0.54302	0.71618	0.035935	0.61772	0.82779	0.48968	0.49217	0.84773	0.47484	0.64647	0.85262	0.031658	0.58262	0.91336	0.046132	0.5475	0.85069	0.88021	0.56302	0.78081	0.077921	0.55493	0.83794	0.48219	78.114	-13.653	-16.265	-6.1644	-1.007	-2.3247
0.60806	0.76835	0.072871	0.51871	0.79451	0.083266	0.54302	0.71618	0.035933	0.61769	0.82784	0.48968	0.49215	0.84776	0.47483	0.64646	0.85262	0.03166	0.58261	0.91337	0.046129	0.54747	0.85074	0.88021	0.56301	0.7808	0.077923	0.55491	0.83798	0.48218	78.119	-13.656	-16.263	-6.1682	-1.0073	-2.3321
0.60805	0.76835	0.07287	0.51871	0.79451	0.083269	0.54302	0.71619	0.035929	0.61767	0.82789	0.48967	0.49214	0.84779	0.47483	0.64646	0.85263	0.031663	0.5826	0.91337	0.046126	0.54744	0.85079	0.88021	0.563	0.7808	0.077926	0.55488	0.83803	0.48218	78.125	-13.659	-16.26	-6.1722	-1.0076	-2.3398
0.60804	0.76835	0.072869	0.5187	0.7945	0.083273	0.54301	0.7162	0.035926	0.61765	0.82793	0.48967	0.49212	0.84782	0.47482	0.64645	0.85263	0.031665	0.58259	0.91337	0.046124	0.5474	0.85084	0.88021	0.56299	0.78079	0.077929	0.55486	0.83807	0.48217	78.13	-13.663	-16.259	-6.1761	-1.0077	-2.3475
0.60803	0.76835	0.072868	0.51869	0.7945	0.083277	0.54301	0.7162	0.035922	0.61763	0.82798	0.48966	0.4921	0.84784	0.47482	0.64644	0.85264	0.031668	0.58258	0.91337	0.046122	0.54737	0.85089	0.88021	0.56298	0.78078	0.077932	0.55484	0.83811	0.48217	78.136	-13.667	-16.257	-6.1798	-1.0075	-2.3547
0.60802	0.76836	0.072868	0.51868	0.7945	0.083281	0.543	0.7162	0.035918	0.61762	0.82802	0.48966	0.49208	0.84786	0.47482	0.64643	0.85264	0.03167	0.58257	0.91338	0.04612	0.54734	0.85093	0.8802	0.56298	0.78078	0.077935	0.55482	0.83815	0.48216	78.141	-13.67	-16.257	-6.183	-1.0072	-2.3611
0.60802	0.76836	0.072869	0.51867	0.79449	0.083284	0.543	0.71621	0.035915	0.6176	0.82805	0.48966	0.49207	0.84788	0.47482	0.64643	0.85265	0.031672	0.58256	0.91338	0.046119	0.54731	0.85097	0.8802	0.56297	0.78077	0.077937	0.5548	0.83817	0.48216	78.145	-13.674	-16.257	-6.1856	-1.0066	-2.366
