3.2165	9.8912	64.648	0.5295	0.75577	0.014037	0.57134	0.76546	0.10426	0.49575	0.7229	0.04573	0.57623	0.62942	0.51435	0.4464	0.63465	0.5077	0.59625	0.91215	0.12074	0.51699	0.95046	0.1496	0.51835	0.48647	0.87548	0.51849	0.765	0.12235	0.58522	0.62591	0.51862	78.974	-3.1889	-12.004	0.15594	1.1378	-0.36849	-1.1251	30.054	-6.763	-11.318	1.8685	6.2004	-22.359	13.249	3.1706
4.0042	10.822	95.305	0.53026	0.76784	0.014071	0.57097	0.7757	0.10363	0.49549	0.73275	0.045387	0.57583	0.63828	0.51257	0.44598	0.64259	0.50566	0.59505	0.92245	0.11965	0.51556	0.96039	0.14828	0.51863	0.49733	0.87451	0.51801	0.77502	0.12102	0.58476	0.63453	0.51693	78.534	-3.3231	-11.989	0.41863	1.7496	-0.57708	-0.50983	30.054	-7.0543	-15.173	2.7129	8.2438	-29.839	18.851	4.8186
4.7933	11.045	131.81	0.53076	0.77683	0.014097	0.57058	0.7849	0.10309	0.49522	0.74134	0.04532	0.57549	0.64736	0.51101	0.44563	0.65079	0.50385	0.59378	0.93169	0.11805	0.51406	0.96934	0.14626	0.51897	0.50823	0.87367	0.51742	0.78417	0.11963	0.58437	0.64343	0.51549	78.03	-3.5063	-11.927	0.99702	2.5638	-0.83431	-0.1208	30.065	-7.1699	-19.321	3.7744	10.411	-38.064	25.499	6.8346
5.4982	9.987	173.62	0.53115	0.78441	0.014118	0.57017	0.79311	0.10261	0.49495	0.74876	0.045492	0.57521	0.65663	0.50968	0.44534	0.65923	0.5023	0.59248	0.93993	0.11597	0.5125	0.97737	0.14357	0.51936	0.51918	0.87296	0.51674	0.79249	0.11818	0.58403	0.6526	0.51431	77.47	-3.7366	-11.819	1.8534	3.5532	-1.1197	0.051024	30.088	-7.1146	-23.164	4.979	12.368	-45.871	32.72	9.1859
6.0003	6.9338	219.7	0.53148	0.79144	0.014137	0.56975	0.80039	0.10218	0.49468	0.75506	0.045868	0.57498	0.6661	0.50857	0.44511	0.66791	0.50101	0.59115	0.94723	0.11346	0.5109	0.98454	0.14028	0.5198	0.53014	0.87238	0.51598	0.80004	0.11667	0.58375	0.66202	0.51337	76.863	-4.0113	-11.669	2.9552	4.71	-1.4091	0.017162	30.123	-6.8963	-26.414	6.2882	13.961	-52.765	40.351	11.885
6.1766	1.3715	268.99	0.5318	0.7983	0.014156	0.56932	0.80679	0.10179	0.49443	0.76034	0.046413	0.57481	0.67573	0.50767	0.44494	0.67681	0.49997	0.58982	0.95366	0.11056	0.5093	0.99091	0.13644	0.5203	0.54113	0.87194	0.51517	0.80684	0.11512	0.58352	0.67167	0.51266	76.221	-4.3269	-11.48	4.1979	5.9997	-1.6729	-0.20839	30.168	-6.5256	-28.676	7.6105	14.977	-57.99	48.022	14.886
5.9038	-6.777	321.03	0.53216	0.80511	0.014175	0.56888	0.81239	0.10144	0.49418	0.76469	0.047094	0.57469	0.6855	0.50699	0.44482	0.68591	0.49919	0.5885	0.95928	0.10733	0.5077	0.99654	0.13214	0.52085	0.55212	0.87164	0.51432	0.81294	0.11357	0.58334	0.68151	0.51217	75.56	-4.679	-11.259	5.4679	7.4056	-1.8915	-0.60936	30.218	-6.0161	-29.851	8.8631	15.367	-61.387	55.565	18.12
5.0554	-17.207	375.77	0.53258	0.81181	0.014194	0.56844	0.81724	0.10113	0.49395	0.76819	0.04788	0.57461	0.69539	0.50651	0.44475	0.69517	0.49865	0.5872	0.96415	0.10385	0.50612	1.0015	0.12747	0.52145	0.5631	0.87147	0.51345	0.81839	0.11202	0.5832	0.69149	0.51189	74.896	-5.0624	-11.011	6.6614	8.9279	-2.0556	-1.1676	30.269	-5.3838	-30.005	9.9715	15.169	-63.135	62.906	21.491
3.496	-29.462	433.04	0.53311	0.81831	0.014213	0.568	0.82142	0.10084	0.49373	0.77095	0.048741	0.57457	0.70534	0.50621	0.44471	0.70456	0.49834	0.58595	0.96834	0.10018	0.50459	1.0058	0.12253	0.52209	0.57407	0.87145	0.51258	0.82324	0.11051	0.58312	0.70159	0.51179	74.246	-5.4713	-10.741	7.6874	10.574	-2.1607	-1.8631	30.316	-4.647	-29.233	10.866	14.441	-63.482	69.963	24.877
1.1091	-43.104	492.16	0.53376	0.82456	0.014233	0.56756	0.825	0.10057	0.49354	0.77306	0.04965	0.57457	0.71534	0.50609	0.44471	0.71403	0.49825	0.58475	0.97191	0.096385	0.50313	1.0095	0.1174	0.52278	0.58501	0.87156	0.51172	0.82753	0.10905	0.58308	0.71174	0.51186	73.628	-5.8991	-10.458	8.4656	12.346	-2.2015	-2.6745	30.355	-3.8259	-27.578	11.483	13.22	-62.563	76.584	28.146
-2.1466	-57.733	552	0.53453	0.83053	0.014252	0.56714	0.82803	0.10033	0.49336	0.77461	0.050584	0.5746	0.72533	0.50612	0.44475	0.72354	0.49835	0.58361	0.97493	0.092552	0.50173	1.0128	0.1122	0.5235	0.59591	0.8718	0.51089	0.83131	0.10768	0.58307	0.7219	0.51207	73.06	-6.3388	-10.165	8.9264	14.23	-2.17	-3.5792	30.38	-2.942	-25.039	11.785	11.53	-60.397	82.586	31.184
-6.214	-72.876	611.22	0.53537	0.83622	0.014271	0.56672	0.83058	0.10012	0.49321	0.77569	0.05152	0.57466	0.73527	0.50628	0.4448	0.73304	0.49863	0.58254	0.97746	0.088745	0.50043	1.0156	0.107	0.52424	0.60676	0.87218	0.51011	0.83462	0.10641	0.5831	0.73202	0.5124	72.558	-6.7836	-9.8703	9.0191	16.201	-2.0579	-4.5541	30.388	-2.0173	-21.648	11.763	9.4173	-57.044	87.814	33.9
-10.95	-87.944	668.46	0.53624	0.84157	0.01429	0.56632	0.83271	0.099937	0.49307	0.77638	0.052439	0.57474	0.74512	0.50657	0.44489	0.74249	0.49906	0.58155	0.97954	0.085029	0.49922	1.0179	0.1019	0.525	0.61756	0.87268	0.50938	0.83752	0.10526	0.58316	0.74206	0.51282	72.135	-7.2263	-9.5768	8.7198	18.22	-1.8586	-5.5759	30.377	-1.0742	-17.496	11.438	6.9669	-52.65	92.171	36.225
-16.146	-102.34	722.41	0.53712	0.84657	0.014307	0.56593	0.83447	0.099781	0.49296	0.77675	0.053327	0.57485	0.75484	0.50695	0.44499	0.75183	0.49961	0.58065	0.98124	0.081462	0.49812	1.0199	0.096973	0.52578	0.6283	0.87329	0.50871	0.84003	0.10424	0.58325	0.75196	0.51333	71.803	-7.6601	-9.2889	8.0356	20.242	-1.5683	-6.6217	30.346	-0.13406	-12.717	10.859	4.2828	-47.416	95.618	38.125
-21.556	-115.53	771.88	0.53796	0.85118	0.014324	0.56556	0.83591	0.099653	0.49286	0.77689	0.05417	0.57496	0.76437	0.50741	0.4451	0.76102	0.50026	0.57983	0.9826	0.078095	0.49713	1.0215	0.092296	0.52656	0.63896	0.87402	0.50811	0.84221	0.10336	0.58336	0.76168	0.5139	71.569	-8.0786	-9.0091	7.001	22.214	-1.1894	-7.6698	30.294	0.78295	-7.4631	10.088	1.4691	-41.544	98.158	39.585
-26.928	-127.02	815.84	0.53875	0.85539	0.014339	0.56521	0.83708	0.099556	0.49278	0.77684	0.054958	0.5751	0.77369	0.50793	0.44523	0.77001	0.501	0.57911	0.98367	0.074969	0.49626	1.0229	0.087924	0.52733	0.64955	0.87486	0.50758	0.84409	0.10263	0.58349	0.77119	0.5145	71.437	-8.4761	-8.7395	5.6693	24.079	-0.73353	-8.6996	30.224	1.6586	-1.9194	9.1882	-1.3678	-35.264	99.826	40.606
-32.046	-136.42	853.54	0.53946	0.85919	0.014352	0.56488	0.83802	0.099487	0.49272	0.77666	0.055684	0.57524	0.78275	0.50849	0.44537	0.77876	0.50179	0.57847	0.9845	0.072118	0.49549	1.024	0.0839	0.52809	0.66005	0.87579	0.50711	0.84571	0.10204	0.58363	0.78043	0.51513	71.408	-8.8475	-8.4814	4.1017	25.786	-0.22135	-9.6923	30.139	2.477	3.701	8.2178	-4.1215	-28.837	100.69	41.196
-36.742	-143.48	884.67	0.54009	0.8626	0.014365	0.56456	0.83876	0.099449	0.49267	0.77639	0.056344	0.57539	0.79152	0.50908	0.44552	0.78723	0.50261	0.57791	0.98511	0.069561	0.49483	1.0249	0.08026	0.52884	0.67046	0.87681	0.50672	0.8471	0.1016	0.58378	0.78937	0.51576	71.48	-9.1885	-8.2351	2.353	27.3	0.3224	-10.632	30.042	3.2252	9.181	7.2288	-6.6943	-22.521	100.86	41.385
-40.853	-148.12	909.25	0.54064	0.86565	0.014376	0.56427	0.83935	0.099438	0.49263	0.77608	0.056935	0.57555	0.79996	0.50968	0.44568	0.79539	0.50345	0.57743	0.98554	0.067313	0.49427	1.0255	0.077021	0.52955	0.68079	0.87792	0.50638	0.8483	0.10129	0.58395	0.79799	0.51638	71.647	-9.4957	-8.0011	0.47186	28.598	0.87725	-11.503	29.938	3.8932	14.33	6.2854	-9.0095	-16.522	100.48	41.24
-44.216	-150.37	927.53	0.54111	0.86839	0.014385	0.56399	0.83979	0.099454	0.49261	0.77574	0.057458	0.57571	0.80805	0.51028	0.44584	0.8032	0.50428	0.57703	0.98583	0.065376	0.49381	1.0261	0.074193	0.53024	0.69102	0.87909	0.5061	0.84932	0.1011	0.58411	0.80626	0.51699	71.902	-9.7663	-7.7793	-1.4958	29.669	1.4263	-12.295	29.831	4.4737	18.989	5.4543	-11.011	-11.004	99.734	40.842
-46.719	-150.31	939.79	0.54149	0.87082	0.014393	0.56374	0.84013	0.099494	0.49259	0.77541	0.057914	0.57588	0.81577	0.51086	0.44601	0.81066	0.50509	0.5767	0.986	0.063746	0.49344	1.0264	0.071773	0.53088	0.70115	0.88034	0.50587	0.85019	0.10101	0.58428	0.81415	0.51758	72.236	-9.9983	-7.5697	-3.5061	30.507	1.9537	-12.999	29.726	4.9625	23.028	4.7883	-12.664	-6.0883	98.775	40.263
-48.344	-148.11	946.27	0.5418	0.873	0.014401	0.5635	0.84038	0.099557	0.49259	0.77509	0.058307	0.57605	0.8231	0.51142	0.44618	0.81775	0.50587	0.57643	0.98608	0.06241	0.49315	1.0267	0.069747	0.53148	0.7112	0.88164	0.50569	0.85093	0.10103	0.58444	0.82166	0.51813	72.639	-10.191	-7.3723	-5.523	31.115	2.4429	-13.606	29.628	5.3581	26.359	4.3053	-13.953	-1.8428	97.69	39.543
-49.166	-144.02	947.21	0.54206	0.87497	0.014407	0.56329	0.84057	0.099638	0.49259	0.77481	0.058641	0.57622	0.83003	0.51195	0.44634	0.82445	0.50662	0.57621	0.98609	0.06135	0.49293	1.0268	0.068095	0.53203	0.72114	0.88299	0.50555	0.85156	0.10113	0.5846	0.82876	0.51864	73.1	-10.344	-7.187	-7.5223	31.503	2.8799	-14.114	29.54	5.6613	28.934	3.9927	-14.877	1.724	96.492	38.698
-49.332	-138.33	942.81	0.5423	0.87678	0.014413	0.56309	0.84069	0.099736	0.49259	0.77456	0.058921	0.57639	0.83656	0.51244	0.44651	0.83076	0.50731	0.57605	0.98604	0.060542	0.49278	1.0269	0.066787	0.53253	0.73098	0.88439	0.50544	0.8521	0.1013	0.58476	0.83547	0.51912	73.606	-10.457	-7.014	-9.4896	31.689	3.2535	-14.519	29.465	5.875	30.747	3.815	-15.447	4.6504	95.14	37.725
-49.037	-131.39	933.28	0.54256	0.8785	0.014419	0.56292	0.84078	0.099846	0.4926	0.77436	0.059155	0.57655	0.84268	0.5129	0.44668	0.83669	0.50795	0.57592	0.98596	0.059959	0.49267	1.027	0.065792	0.53298	0.74074	0.88582	0.50536	0.85255	0.10152	0.58491	0.84178	0.51955	74.146	-10.531	-6.8534	-11.416	31.696	3.5558	-14.82	29.406	6.0038	31.82	3.7211	-15.681	7.0023	93.554	36.615
-48.495	-123.53	918.89	0.54289	0.88018	0.014425	0.56276	0.84084	0.099965	0.49261	0.77421	0.059348	0.57672	0.8484	0.51331	0.44685	0.84225	0.50853	0.57583	0.98586	0.059573	0.49262	1.0269	0.065073	0.53336	0.7504	0.88727	0.5053	0.85293	0.10178	0.58506	0.84769	0.51995	74.708	-10.569	-6.7055	-13.297	31.549	3.7816	-15.019	29.363	6.0538	32.196	3.6533	-15.599	8.8489	91.641	35.356
-47.899	-115.06	900	0.54333	0.8819	0.014432	0.56261	0.84088	0.10009	0.49262	0.77409	0.059508	0.57688	0.85373	0.51367	0.44701	0.84745	0.50906	0.57577	0.98575	0.059353	0.4926	1.0269	0.06459	0.5337	0.75997	0.88874	0.50527	0.85326	0.10207	0.5852	0.85322	0.52031	75.282	-10.572	-6.5703	-15.129	31.274	3.9291	-15.118	29.338	6.0318	31.931	3.5608	-15.228	10.253	89.324	33.942
-47.403	-106.27	877.07	0.5439	0.8837	0.01444	0.56249	0.84091	0.10022	0.49263	0.77402	0.05964	0.57704	0.85868	0.514	0.44717	0.8523	0.50953	0.57573	0.98563	0.059269	0.4926	1.0268	0.064305	0.53397	0.76946	0.89023	0.50524	0.85354	0.10239	0.58532	0.85838	0.52064	75.858	-10.541	-6.448	-16.912	30.895	3.9998	-15.122	29.33	5.9456	31.091	3.4065	-14.594	11.27	86.56	32.384
-47.097	-97.399	850.64	0.54462	0.88563	0.014449	0.56237	0.84093	0.10035	0.49265	0.77399	0.059751	0.5772	0.86328	0.51428	0.44732	0.85683	0.50994	0.57571	0.98552	0.059292	0.49263	1.0268	0.06418	0.53419	0.77886	0.89171	0.50523	0.85377	0.10272	0.58544	0.86319	0.52094	76.427	-10.481	-6.3384	-18.646	30.435	3.9983	-15.036	29.338	5.8031	29.747	3.1712	-13.729	11.946	83.348	30.705
-47.009	-88.665	821.37	0.54552	0.88775	0.014459	0.56227	0.84096	0.10049	0.49266	0.77398	0.059847	0.57734	0.86755	0.51453	0.44747	0.86107	0.5103	0.5757	0.98542	0.059395	0.49267	1.0267	0.064179	0.53436	0.78818	0.89319	0.50523	0.85398	0.10306	0.58555	0.86767	0.52122	76.981	-10.394	-6.2411	-20.333	29.912	3.9314	-14.867	29.362	5.6126	27.975	2.8575	-12.673	12.319	79.745	28.944
-47.098	-80.232	790	0.54658	0.8901	0.014472	0.56217	0.84098	0.10061	0.49267	0.77401	0.059933	0.57749	0.87151	0.51474	0.44761	0.86504	0.51061	0.5757	0.98534	0.059553	0.49273	1.0266	0.064269	0.53448	0.79742	0.89465	0.50524	0.85416	0.1034	0.58565	0.87186	0.52148	77.515	-10.283	-6.1558	-21.978	29.339	3.8071	-14.621	29.4	5.382	25.853	2.4867	-11.467	12.426	75.854	27.15
-47.28	-72.229	757.32	0.54779	0.89272	0.014485	0.56208	0.84102	0.10074	0.49267	0.77406	0.060013	0.57762	0.87519	0.51493	0.44774	0.86877	0.51088	0.57571	0.98528	0.059745	0.49279	1.0266	0.06442	0.53455	0.8066	0.89608	0.50525	0.85433	0.10373	0.58574	0.87576	0.52173	78.023	-10.152	-6.0816	-23.585	28.728	3.6343	-14.306	29.45	5.119	23.458	2.0938	-10.157	12.301	71.815	25.376
-47.449	-64.742	724.12	0.54913	0.89563	0.0145	0.56199	0.84107	0.10086	0.49267	0.77412	0.060092	0.57774	0.87861	0.51508	0.44786	0.87229	0.5111	0.57572	0.98523	0.059951	0.49285	1.0265	0.064606	0.53458	0.8157	0.89748	0.50527	0.85448	0.10407	0.58581	0.87943	0.52198	78.502	-10.002	-6.0176	-25.156	28.09	3.4224	-13.933	29.51	4.831	20.865	1.722	-8.7862	11.976	67.786	23.672
-47.498	-57.825	691.2	0.55055	0.89885	0.014517	0.56191	0.84113	0.10098	0.49266	0.77421	0.060173	0.57786	0.88182	0.51521	0.44796	0.87562	0.51128	0.57573	0.98521	0.060157	0.49292	1.0265	0.064805	0.53456	0.82475	0.89883	0.50529	0.85464	0.1044	0.58587	0.88288	0.52221	78.95	-9.8379	-5.9629	-26.7	27.437	3.1811	-13.509	29.579	4.5246	18.145	1.414	-7.3957	11.484	63.925	22.081
-47.338	-51.504	659.27	0.55202	0.90239	0.014534	0.56182	0.8412	0.1011	0.49265	0.77431	0.060259	0.57796	0.88484	0.51533	0.44805	0.87881	0.51143	0.57575	0.98521	0.06035	0.49299	1.0265	0.064999	0.53451	0.83373	0.90014	0.50531	0.85479	0.10472	0.58591	0.88615	0.52245	79.366	-9.6617	-5.9162	-28.222	26.781	2.9196	-13.044	29.654	4.206	15.363	1.2072	-6.0193	10.861	60.373	20.634
-46.905	-45.776	628.99	0.5535	0.90623	0.014553	0.56173	0.84128	0.10121	0.49263	0.77441	0.060351	0.57805	0.8877	0.51542	0.44813	0.88188	0.51154	0.57576	0.98523	0.060522	0.49305	1.0266	0.065176	0.53443	0.84266	0.90137	0.50533	0.85495	0.10503	0.58593	0.88927	0.52269	79.751	-9.4763	-5.8763	-29.731	26.135	2.6463	-12.547	29.735	3.8808	12.576	1.1292	-4.6841	10.14	57.247	19.354
-46.165	-40.617	600.88	0.55494	0.91036	0.014572	0.56163	0.84139	0.10133	0.49261	0.77453	0.060451	0.57812	0.89043	0.51551	0.4482	0.88485	0.51162	0.57577	0.98526	0.060666	0.49311	1.0266	0.065324	0.53432	0.85154	0.90254	0.50534	0.85512	0.10534	0.58594	0.89228	0.52293	80.106	-9.2841	-5.8418	-31.235	25.509	2.3681	-12.027	29.819	3.5538	9.8319	1.1958	-3.409	9.3512	54.633	18.248
-45.122	-35.98	575.38	0.55631	0.91472	0.01459	0.56153	0.84151	0.10144	0.49258	0.77465	0.060562	0.57818	0.89306	0.51558	0.44824	0.88776	0.51167	0.57578	0.98532	0.060779	0.49317	1.0267	0.065437	0.53418	0.86037	0.90363	0.50535	0.85531	0.10565	0.58592	0.8952	0.52318	80.433	-9.0872	-5.8114	-32.743	24.916	2.0899	-11.494	29.905	3.2291	7.1658	1.4091	-2.2051	8.5232	52.578	17.312
-43.813	-31.812	552.78	0.55755	0.91925	0.014609	0.56141	0.84164	0.10156	0.49253	0.77477	0.060684	0.57822	0.89563	0.51564	0.44827	0.89063	0.5117	0.57579	0.98539	0.060861	0.49322	1.0268	0.065511	0.53402	0.86915	0.90462	0.50535	0.85551	0.10595	0.58589	0.89806	0.52343	80.736	-8.8875	-5.7841	-34.265	24.364	1.8154	-10.956	29.992	2.9104	4.6045	1.7591	-1.0773	7.6806	51.09	16.534
-42.308	-28.053	533.25	0.55866	0.9239	0.014627	0.56127	0.84179	0.10168	0.49248	0.7749	0.060819	0.57824	0.89815	0.51569	0.44828	0.89347	0.5117	0.5758	0.98547	0.06091	0.49327	1.0269	0.065545	0.53385	0.8779	0.90552	0.50535	0.85573	0.10625	0.58583	0.90089	0.52368	81.017	-8.6868	-5.7586	-35.81	23.864	1.5469	-10.42	30.079	2.6009	2.166	2.2241	-0.025486	6.8461	50.146	15.894
-40.701	-24.639	516.87	0.55962	0.92858	0.014645	0.56112	0.84196	0.1018	0.49242	0.77503	0.060967	0.57824	0.90066	0.51573	0.44827	0.89633	0.51167	0.5758	0.98557	0.060931	0.49332	1.0271	0.065541	0.53366	0.8866	0.90632	0.50533	0.85597	0.10654	0.58575	0.90372	0.52393	81.281	-8.4866	-5.7341	-37.388	23.425	1.2848	-9.8945	30.165	2.3033	-0.13884	2.7719	0.95314	6.04	49.69	15.367
-39.097	-21.508	503.62	0.56042	0.9332	0.014661	0.56095	0.84214	0.10193	0.49235	0.77517	0.06113	0.57822	0.90318	0.51576	0.44825	0.89921	0.51162	0.5758	0.98568	0.060924	0.49336	1.0272	0.065499	0.53346	0.89527	0.90701	0.50529	0.85624	0.10684	0.58565	0.90657	0.52419	81.531	-8.2881	-5.7097	-39.005	23.052	1.0277	-9.3853	30.249	2.02	-2.305	3.3656	1.8618	5.2812	49.647	14.93
-37.601	-18.6	493.43	0.56109	0.93771	0.014676	0.56076	0.84233	0.10208	0.49227	0.77531	0.061309	0.57818	0.90572	0.51579	0.4482	0.90213	0.51154	0.57581	0.98579	0.060895	0.4934	1.0274	0.065423	0.53326	0.90391	0.90758	0.50525	0.85652	0.10713	0.58552	0.90945	0.52443	81.77	-8.0924	-5.6849	-40.669	22.751	0.77356	-8.8985	30.331	1.753	-4.3314	3.9687	2.7032	4.5877	49.936	14.556
-36.299	-15.86	486.16	0.56164	0.94201	0.01469	0.56056	0.84254	0.10224	0.49218	0.77546	0.061505	0.57813	0.90832	0.5158	0.44814	0.90511	0.51143	0.57581	0.98591	0.060848	0.49345	1.0276	0.065319	0.53305	0.91252	0.90803	0.50518	0.85683	0.10743	0.58537	0.9124	0.52467	82.002	-7.9003	-5.6592	-42.383	22.524	0.51979	-8.439	30.409	1.504	-6.2196	4.5495	3.4789	3.9771	50.482	14.228
-35.249	-13.243	481.66	0.56207	0.94606	0.014702	0.56033	0.84277	0.10241	0.49208	0.77561	0.061722	0.57805	0.91098	0.51581	0.44805	0.90816	0.51131	0.57581	0.98604	0.060787	0.49349	1.0278	0.065189	0.53285	0.92109	0.90836	0.5051	0.85717	0.10773	0.5852	0.91542	0.52489	82.231	-7.7124	-5.6325	-44.153	22.369	0.2642	-8.0109	30.483	1.2746	-7.9736	5.0842	4.19	3.4666	51.222	13.933
-34.476	-10.711	479.76	0.56238	0.94981	0.014714	0.56008	0.84302	0.1026	0.49197	0.77577	0.06196	0.57795	0.91372	0.5158	0.44796	0.9113	0.51116	0.57582	0.98618	0.060717	0.49353	1.028	0.065039	0.53264	0.92964	0.90857	0.50499	0.85752	0.10803	0.58501	0.91853	0.5251	82.459	-7.5292	-5.6048	-45.984	22.28	0.004977	-7.6172	30.553	1.0661	-9.5959	5.5601	4.8346	3.0781	52.115	13.663
-33.973	-8.2404	480.29	0.56258	0.95326	0.014723	0.55981	0.84328	0.10281	0.49185	0.77593	0.062223	0.57784	0.91656	0.51577	0.44784	0.91454	0.51098	0.57582	0.98631	0.060642	0.49357	1.0282	0.064873	0.53244	0.93817	0.90865	0.50487	0.8579	0.10834	0.5848	0.92173	0.52529	82.689	-7.3512	-5.5763	-47.88	22.251	-0.25903	-7.2606	30.618	0.87954	-11.088	5.9768	5.409	2.8369	53.143	13.42
-33.703	-5.8131	483.09	0.56266	0.95637	0.014732	0.55953	0.84356	0.10305	0.49172	0.77611	0.062513	0.57771	0.9195	0.51574	0.44771	0.91789	0.51079	0.57583	0.98645	0.060565	0.49362	1.0284	0.064697	0.53224	0.94667	0.90861	0.50473	0.85831	0.10866	0.58457	0.92505	0.52546	82.923	-7.1783	-5.5476	-49.845	22.273	-0.52822	-6.9425	30.678	0.71598	-12.448	6.3454	5.9081	2.771	54.311	13.207
-33.613	-3.4197	488.02	0.56261	0.95917	0.014738	0.55923	0.84386	0.10331	0.49157	0.77629	0.062833	0.57756	0.92255	0.51568	0.44756	0.92135	0.51057	0.57583	0.9866	0.06049	0.49366	1.0286	0.064513	0.53205	0.95516	0.90845	0.50457	0.85874	0.10898	0.58433	0.92847	0.5256	83.162	-7.0107	-5.5193	-51.883	22.339	-0.8023	-6.6638	30.731	0.57608	-13.674	6.683	6.3262	2.9095	55.637	13.03
-33.639	-1.0553	494.91	0.56242	0.96166	0.014743	0.55892	0.84417	0.10359	0.49143	0.77649	0.063187	0.57739	0.92572	0.51562	0.4474	0.92494	0.51032	0.57584	0.98674	0.060421	0.49371	1.0289	0.064325	0.53187	0.96364	0.90817	0.5044	0.85919	0.10931	0.58406	0.93202	0.52572	83.407	-6.848	-5.4921	-53.995	22.437	-1.0807	-6.4246	30.779	0.46044	-14.764	7.0099	6.6576	3.2813	57.146	12.896
-33.718	1.2832	503.62	0.56208	0.96387	0.014747	0.55859	0.84451	0.10391	0.49127	0.7767	0.063577	0.57721	0.92901	0.51553	0.44722	0.92866	0.51006	0.57585	0.98689	0.060358	0.49375	1.0291	0.064136	0.53169	0.9721	0.90778	0.50421	0.85967	0.10965	0.58379	0.93568	0.52581	83.66	-6.6901	-5.467	-56.185	22.557	-1.3625	-6.2244	30.819	0.36943	-15.713	7.3464	6.8971	3.9122	58.86	12.81
-33.801	3.602	513.97	0.56161	0.96582	0.014749	0.55826	0.84488	0.10425	0.49111	0.77692	0.064008	0.57702	0.93243	0.51543	0.44704	0.93251	0.50978	0.57585	0.98704	0.060305	0.4938	1.0293	0.06395	0.53152	0.98056	0.90727	0.504	0.86017	0.11001	0.58351	0.93947	0.52588	83.921	-6.5363	-5.4451	-58.449	22.692	-1.6466	-6.0624	30.852	0.30311	-16.518	7.7101	7.0408	4.8226	60.795	12.773
-33.859	5.9149	525.76	0.56101	0.96755	0.014749	0.55792	0.84526	0.10463	0.49094	0.77715	0.064483	0.57681	0.93598	0.51531	0.44685	0.93649	0.50947	0.57586	0.9872	0.060261	0.49385	1.0296	0.063767	0.53136	0.98902	0.90665	0.50379	0.86069	0.11039	0.58321	0.94338	0.52592	84.19	-6.3861	-5.4277	-60.785	22.833	-1.9319	-5.937	30.877	0.26144	-17.178	8.1096	7.0876	6.0217	62.945	12.783
-33.897	8.2415	538.77	0.56031	0.9691	0.014749	0.55758	0.84567	0.10504	0.49077	0.7774	0.065007	0.5766	0.93965	0.51518	0.44664	0.94062	0.50915	0.57587	0.98735	0.060227	0.49389	1.0298	0.06359	0.53121	0.99749	0.90594	0.50357	0.86124	0.11078	0.58291	0.94741	0.52593	84.466	-6.2388	-5.416	-63.185	22.973	-2.2172	-5.8467	30.894	0.24426	-17.694	8.5421	7.0393	7.5092	65.281	12.831
-33.943	10.607	552.79	0.55954	0.9705	0.014748	0.55725	0.84611	0.10549	0.4906	0.77767	0.065583	0.57638	0.94345	0.51503	0.44643	0.94488	0.50881	0.57587	0.98751	0.060202	0.49395	1.0301	0.063419	0.53107	1.006	0.90512	0.50334	0.86181	0.1112	0.58259	0.95157	0.52592	84.75	-6.0935	-5.4114	-65.643	23.108	-2.5017	-5.7893	30.902	0.25118	-18.072	8.9952	6.9003	9.2757	67.753	12.908
-34.05	13.046	567.6	0.55875	0.97178	0.014746	0.55693	0.84658	0.10597	0.49043	0.77795	0.066215	0.57615	0.94738	0.51486	0.44622	0.94928	0.50845	0.57587	0.98766	0.060185	0.494	1.0303	0.063257	0.53094	1.0145	0.90422	0.50312	0.86241	0.11164	0.58228	0.95585	0.52588	85.041	-5.9492	-5.4153	-68.152	23.236	-2.7844	-5.7627	30.902	0.28159	-18.32	9.45	6.6778	11.302	70.299	13
-34.28	15.6	583.01	0.55796	0.97296	0.014745	0.55661	0.84708	0.10648	0.49027	0.77824	0.066907	0.57591	0.95144	0.51469	0.446	0.95382	0.50807	0.57587	0.98782	0.060176	0.49405	1.0306	0.063103	0.53081	1.023	0.90323	0.5029	0.86303	0.11211	0.58196	0.96024	0.52583	85.337	-5.8047	-5.4291	-70.705	23.356	-3.065	-5.7651	30.893	0.33499	-18.446	9.883	6.381	13.561	72.849	13.096
-34.698	18.317	598.83	0.5572	0.97408	0.014743	0.55632	0.84761	0.10704	0.49011	0.77855	0.067664	0.57567	0.95562	0.5145	0.44578	0.9585	0.50768	0.57586	0.98797	0.06017	0.4941	1.0308	0.062958	0.53069	1.0316	0.90217	0.50269	0.86367	0.11261	0.58164	0.96476	0.52575	85.64	-5.6588	-5.4542	-73.297	23.466	-3.343	-5.7943	30.875	0.41085	-18.467	10.271	6.021	16.02	75.338	13.182
-35.357	21.251	614.91	0.55651	0.97515	0.014741	0.55605	0.84817	0.10763	0.48995	0.77888	0.068491	0.57543	0.95993	0.5143	0.44556	0.96332	0.50727	0.57585	0.98812	0.060165	0.49416	1.031	0.062822	0.53057	1.0402	0.90103	0.50249	0.86434	0.11315	0.58132	0.9694	0.52565	85.948	-5.5103	-5.492	-75.923	23.569	-3.6176	-5.8486	30.848	0.50862	-18.395	10.595	5.6103	18.64	77.708	13.247
-36.297	24.455	631.11	0.55589	0.97617	0.01474	0.5558	0.84877	0.10825	0.48981	0.77922	0.06939	0.57519	0.96437	0.51409	0.44535	0.96829	0.50684	0.57583	0.98826	0.060159	0.49422	1.0313	0.062696	0.53046	1.0489	0.89982	0.50231	0.86504	0.11373	0.58101	0.97416	0.52555	86.26	-5.3577	-5.5439	-78.576	23.662	-3.888	-5.9265	30.812	0.62775	-18.246	10.838	5.1601	21.386	79.916	13.281
-37.537	27.979	647.32	0.55535	0.97716	0.014739	0.55559	0.8494	0.10891	0.48968	0.77958	0.070369	0.57495	0.96893	0.51388	0.44514	0.9734	0.50639	0.5758	0.98839	0.060146	0.49427	1.0315	0.062579	0.53035	1.0577	0.89856	0.50215	0.86576	0.11435	0.58069	0.97904	0.52542	86.575	-5.1995	-5.6111	-81.25	23.741	-4.1533	-6.0271	30.768	0.76798	-18.03	10.992	4.6803	24.222	81.934	13.276
-39.07	31.866	663.44	0.55489	0.97811	0.014739	0.55541	0.85007	0.10961	0.48956	0.77994	0.071432	0.57471	0.97362	0.51366	0.44494	0.97867	0.50592	0.57576	0.9885	0.060122	0.49433	1.0317	0.06247	0.53023	1.0665	0.89724	0.50201	0.86651	0.11503	0.58039	0.98405	0.52529	86.895	-5.0342	-5.6948	-83.936	23.8	-4.4124	-6.1497	30.716	0.92927	-17.755	11.052	4.1781	27.123	83.751	13.229
-40.871	36.152	679.38	0.5545	0.97903	0.014739	0.55528	0.85077	0.11034	0.48945	0.78033	0.072586	0.57448	0.97844	0.51343	0.44475	0.98408	0.50543	0.57571	0.9886	0.060083	0.49438	1.0319	0.06237	0.53012	1.0754	0.89587	0.5019	0.8673	0.11575	0.5801	0.98918	0.52514	87.217	-4.8601	-5.796	-86.627	23.833	-4.6641	-6.2945	30.656	1.1117	-17.426	11.024	3.6579	30.067	85.376	13.134
-42.897	40.858	695.07	0.55418	0.97992	0.014739	0.55518	0.85152	0.11111	0.48937	0.78073	0.073838	0.57427	0.9834	0.51319	0.44458	0.98967	0.50491	0.57565	0.98867	0.060023	0.49444	1.0321	0.062277	0.52999	1.0844	0.89445	0.50183	0.86811	0.11653	0.57982	0.99446	0.52499	87.542	-4.6758	-5.9157	-89.315	23.831	-4.9066	-6.4618	30.59	1.3156	-17.043	10.919	3.1219	33.038	86.829	12.992
-45.091	45.997	710.43	0.5539	0.98078	0.01474	0.55513	0.8523	0.11192	0.48931	0.78116	0.075195	0.57407	0.9885	0.51294	0.44443	0.99542	0.50435	0.57557	0.98872	0.059939	0.4945	1.0322	0.062192	0.52986	1.0936	0.893	0.50179	0.86897	0.11737	0.57956	0.99988	0.52482	87.868	-4.4795	-6.0544	-91.992	23.786	-5.1383	-6.6531	30.517	1.5417	-16.602	10.752	2.5688	36.028	88.141	12.802
-47.391	51.57	725.38	0.55366	0.98162	0.01474	0.55513	0.85314	0.11277	0.48926	0.78161	0.076668	0.57388	0.99376	0.51267	0.44431	1.0013	0.50376	0.57548	0.98873	0.059825	0.49455	1.0324	0.062112	0.52972	1.1028	0.89151	0.50179	0.86987	0.11827	0.57933	1.0054	0.52464	88.195	-4.2698	-6.2127	-94.646	23.685	-5.3573	-6.8705	30.439	1.7908	-16.095	10.538	1.9945	39.033	89.344	12.563
-49.726	57.567	739.83	0.55344	0.98243	0.014741	0.55517	0.85401	0.11366	0.48924	0.78209	0.078267	0.57372	0.99918	0.51239	0.44422	1.0075	0.50311	0.57537	0.9887	0.059678	0.4946	1.0325	0.062036	0.52955	1.1121	0.88999	0.50184	0.87082	0.11924	0.57913	1.0112	0.52444	88.522	-4.0452	-6.3908	-97.264	23.516	-5.5616	-7.1165	30.356	2.0643	-15.509	10.293	1.3926	42.053	90.473	12.277
-52.026	63.968	753.66	0.55321	0.98322	0.014742	0.55527	0.85495	0.11459	0.48924	0.78261	0.080003	0.5736	1.0048	0.51209	0.44417	1.0138	0.50242	0.57525	0.98863	0.059495	0.49465	1.0325	0.061963	0.52937	1.1216	0.88845	0.50193	0.87182	0.12028	0.57895	1.0171	0.52422	88.848	-3.8044	-6.5885	-99.828	23.265	-5.7483	-7.3947	30.27	2.3634	-14.828	10.033	0.75447	45.092	91.562	11.946
-54.216	70.737	766.75	0.55298	0.984	0.014742	0.55541	0.85594	0.11557	0.48927	0.78317	0.08189	0.5735	1.0106	0.51176	0.44417	1.0204	0.50166	0.57511	0.9885	0.059272	0.4947	1.0325	0.061892	0.52917	1.1311	0.88688	0.50206	0.8729	0.1214	0.57883	1.0232	0.52398	89.171	-3.5465	-6.8052	-102.32	22.921	-5.9134	-7.7093	30.181	2.6899	-14.031	9.7761	0.070324	48.151	92.641	11.57
-56.222	77.827	778.92	0.55272	0.98476	0.014742	0.55561	0.857	0.11661	0.48932	0.7838	0.083944	0.57345	1.0166	0.5114	0.44422	1.0272	0.50082	0.57496	0.98832	0.059011	0.49474	1.0325	0.06182	0.52893	1.1408	0.8853	0.50225	0.87405	0.12259	0.57875	1.0295	0.5237	89.488	-3.2706	-7.0401	-104.71	22.473	-6.0522	-8.0651	30.089	3.0456	-13.097	9.5415	-0.67066	51.232	93.739	11.153
-57.966	85.182	789.96	0.55244	0.98553	0.014743	0.55585	0.85813	0.11771	0.48939	0.78451	0.086181	0.57346	1.0228	0.511	0.44433	1.0342	0.49989	0.57479	0.98808	0.058711	0.49478	1.0324	0.061746	0.52867	1.1506	0.8837	0.50249	0.87529	0.12387	0.57873	1.0361	0.52339	89.798	-2.9761	-7.2916	-106.96	21.91	-6.1592	-8.4675	29.995	3.4324	-12.001	9.3474	-1.4794	54.327	94.877	10.695
-59.37	92.738	799.62	0.55212	0.98629	0.014743	0.55613	0.85935	0.11889	0.48948	0.78532	0.088619	0.57351	1.0293	0.51054	0.44452	1.0415	0.49887	0.57461	0.98778	0.058376	0.49482	1.0323	0.061668	0.52836	1.1606	0.88209	0.50277	0.87663	0.12524	0.57877	1.0429	0.52302	90.096	-2.6632	-7.5579	-109.03	21.225	-6.2277	-8.9228	29.899	3.8524	-10.723	9.2117	-2.3661	57.42	96.068	10.195
-60.366	100.42	807.59	0.55177	0.98706	0.014742	0.55646	0.86068	0.12015	0.48958	0.78625	0.091279	0.57364	1.036	0.51003	0.44479	1.0492	0.49774	0.57441	0.98741	0.058012	0.49485	1.0321	0.061584	0.52801	1.1706	0.88047	0.5031	0.8781	0.12671	0.57889	1.05	0.5226	90.378	-2.3321	-7.8363	-110.87	20.412	-6.2517	-9.4373	29.8	4.3077	-9.2425	9.1492	-3.3396	60.483	97.312	9.6523
-60.895	108.14	813.54	0.55138	0.98784	0.014742	0.55682	0.86213	0.12151	0.4897	0.78733	0.094181	0.57383	1.043	0.50945	0.44515	1.0571	0.49648	0.5742	0.98698	0.057626	0.49488	1.0318	0.061492	0.52761	1.1808	0.87885	0.50348	0.87971	0.12827	0.57908	1.0573	0.52211	90.64	-1.9839	-8.1236	-112.41	19.47	-6.226	-10.018	29.699	4.8003	-7.5458	9.1707	-4.4082	63.474	98.59	9.063
-60.919	115.8	817.09	0.55096	0.98864	0.014742	0.55722	0.86372	0.12298	0.48983	0.78859	0.097347	0.57411	1.0504	0.50879	0.44561	1.0655	0.4951	0.57399	0.9865	0.05723	0.4949	1.0315	0.061392	0.52716	1.1911	0.87722	0.50389	0.88149	0.12995	0.57937	1.065	0.52153	90.874	-1.6198	-8.4163	-113.59	18.404	-6.1457	-10.672	29.594	5.3323	-5.6225	9.2814	-5.578	66.343	99.864	8.4253
-60.424	123.28	817.84	0.55051	0.98944	0.014741	0.55764	0.86548	0.12459	0.48995	0.79007	0.1008	0.57447	1.0581	0.50804	0.44617	1.0741	0.49357	0.57376	0.98596	0.056837	0.49492	1.0312	0.061282	0.52665	1.2015	0.8756	0.50435	0.88345	0.13174	0.57976	1.073	0.52086	91.075	-1.2421	-8.7097	-114.33	17.224	-6.0082	-11.406	29.483	5.9053	-3.4691	9.4777	-6.8529	69.03	101.07	7.7399
-59.421	130.44	815.38	0.55004	0.99027	0.01474	0.55807	0.86742	0.12635	0.49007	0.7918	0.10456	0.57493	1.0662	0.5072	0.44686	1.0832	0.49189	0.57353	0.98539	0.056466	0.49493	1.0308	0.061162	0.52608	1.212	0.87398	0.50482	0.88564	0.13365	0.58024	1.0814	0.52008	91.233	-0.85357	-8.9988	-114.56	15.948	-5.8135	-12.228	29.365	6.5211	-1.0903	9.7471	-8.2333	71.467	102.12	7.0105
-57.945	137.12	809.31	0.54958	0.99112	0.014739	0.55851	0.86959	0.12828	0.49018	0.79384	0.10866	0.57549	1.0747	0.50625	0.44766	1.0927	0.49006	0.5733	0.98481	0.056135	0.49495	1.0304	0.061034	0.52545	1.2226	0.87237	0.50532	0.88806	0.1357	0.58084	1.0902	0.51919	91.339	-0.45754	-9.2781	-114.19	14.596	-5.5638	-13.143	29.237	7.1809	1.5003	10.07	-9.7157	73.582	102.9	6.2448
-56.047	143.16	799.24	0.54913	0.99199	0.014739	0.55895	0.87202	0.13041	0.49026	0.79623	0.1131	0.57615	1.0836	0.50519	0.44859	1.1026	0.48807	0.57308	0.98423	0.055867	0.49497	1.0301	0.060899	0.52474	1.2332	0.87078	0.50582	0.89077	0.13789	0.58155	1.0994	0.51818	91.384	-0.058207	-9.5415	-113.14	13.196	-5.2636	-14.158	29.095	7.8856	4.279	10.424	-11.29	75.302	103.3	5.4558
-53.789	148.35	784.82	0.5487	0.9929	0.014739	0.55937	0.87473	0.13275	0.4903	0.79902	0.11792	0.57692	1.093	0.50402	0.44965	1.113	0.48591	0.57286	0.98367	0.055689	0.495	1.0297	0.060761	0.52396	1.244	0.86919	0.50632	0.8938	0.14024	0.58237	1.109	0.51702	91.355	0.33953	-9.7826	-111.34	11.781	-4.9193	-15.278	28.935	8.6354	7.2089	10.781	-12.94	76.558	103.2	4.6611
-51.233	152.47	765.73	0.54831	0.99387	0.014739	0.55977	0.87778	0.13534	0.49029	0.80226	0.12313	0.57779	1.1028	0.50272	0.45083	1.1239	0.48361	0.57265	0.98318	0.055627	0.49504	1.0294	0.060623	0.5231	1.2548	0.86763	0.5068	0.89717	0.14275	0.58331	1.1191	0.51573	91.241	0.73001	-9.9946	-108.74	10.383	-4.5385	-16.507	28.753	9.4304	10.239	11.117	-14.638	77.282	102.47	3.882
-48.439	155.29	741.76	0.54797	0.9949	0.014739	0.56014	0.88119	0.1382	0.49022	0.806	0.12874	0.57877	1.1132	0.50131	0.45215	1.1352	0.48114	0.57246	0.98279	0.055711	0.49508	1.0292	0.060493	0.52217	1.2656	0.8661	0.50725	0.90093	0.14545	0.58437	1.1296	0.5143	91.029	1.1068	-10.171	-105.29	9.0346	-4.1295	-17.847	28.545	10.269	13.304	11.407	-16.347	77.416	101.01	3.1423
-45.46	156.58	712.75	0.54768	0.99602	0.01474	0.56045	0.88502	0.14134	0.49008	0.81029	0.13476	0.57985	1.124	0.49979	0.45359	1.1471	0.47854	0.57229	0.98255	0.05597	0.49516	1.029	0.060377	0.52116	1.2765	0.86459	0.50765	0.90512	0.14834	0.58555	1.1406	0.51273	90.707	1.4628	-10.306	-100.95	7.7676	-3.7004	-19.299	28.304	11.15	16.324	11.629	-18.018	76.913	98.727	2.4676
-42.343	156.09	678.72	0.54744	0.99726	0.014742	0.5607	0.88931	0.14479	0.48984	0.8152	0.14119	0.58103	1.1354	0.49816	0.45514	1.1595	0.47581	0.57215	0.9825	0.056435	0.49525	1.0291	0.060285	0.52009	1.2875	0.86313	0.50798	0.90978	0.15143	0.58683	1.1522	0.51102	90.261	1.7903	-10.392	-95.748	6.6071	-3.2583	-20.862	28.025	12.071	19.207	11.766	-19.593	75.748	95.566	1.8847
-39.135	153.65	639.86	0.54726	0.99866	0.014744	0.56088	0.89409	0.14856	0.48951	0.82076	0.14803	0.5823	1.1474	0.49643	0.45681	1.1725	0.47297	0.57204	0.9827	0.057135	0.49537	1.0294	0.060228	0.51894	1.2984	0.8617	0.50824	0.91496	0.15474	0.58821	1.1642	0.50918	89.681	2.0809	-10.427	-89.711	5.5725	-2.8086	-22.533	27.702	13.027	21.851	11.803	-21.002	73.908	91.501	1.419
-35.883	149.14	596.54	0.54715	1.0003	0.014748	0.56098	0.89941	0.15268	0.48905	0.82702	0.15527	0.58364	1.1599	0.49461	0.45857	1.186	0.47003	0.57196	0.98321	0.058097	0.49553	1.0299	0.060217	0.51772	1.3093	0.86034	0.5084	0.92068	0.15827	0.58968	1.1767	0.50722	88.956	2.3261	-10.405	-82.922	4.6765	-2.3565	-24.308	27.331	14.013	24.149	11.726	-22.168	71.398	86.546	1.0909
-32.642	142.54	549.39	0.5471	1.0021	0.014752	0.56098	0.90531	0.15713	0.48847	0.83403	0.1629	0.58505	1.173	0.49273	0.46042	1.2	0.46703	0.57192	0.98408	0.059346	0.49573	1.0308	0.060268	0.51644	1.3203	0.85903	0.50845	0.92699	0.16203	0.59123	1.1897	0.50516	88.081	2.5171	-10.326	-75.506	3.924	-1.9079	-26.177	26.905	15.024	25.995	11.522	-23.016	68.238	80.755	0.91273
-29.467	133.95	499.27	0.54712	1.0042	0.014757	0.56087	0.91183	0.16194	0.48775	0.84183	0.17089	0.58652	1.1866	0.49081	0.46233	1.2146	0.46399	0.57193	0.9854	0.060903	0.49598	1.032	0.060394	0.5151	1.3312	0.85781	0.50838	0.93393	0.16603	0.59284	1.2033	0.50303	87.055	2.6457	-10.191	-67.632	3.3115	-1.4694	-28.132	26.421	16.051	27.296	11.184	-23.477	64.471	74.236	0.88493
-26.412	123.64	447.24	0.54724	1.0067	0.014764	0.56065	0.919	0.16709	0.48688	0.85043	0.17921	0.58802	1.2008	0.48886	0.4643	1.2298	0.46095	0.57197	0.98721	0.062786	0.49628	1.0337	0.06061	0.51372	1.342	0.85667	0.50817	0.94154	0.17027	0.5945	1.2173	0.50085	85.879	2.7045	-10.003	-59.505	2.8275	-1.0485	-30.162	25.874	17.087	27.977	10.708	-23.495	60.156	67.136	0.99448
-23.522	111.95	394.5	0.54747	1.0095	0.014772	0.56031	0.92686	0.17258	0.48586	0.85986	0.18781	0.58953	1.2155	0.48692	0.46629	1.2455	0.45793	0.57206	0.9896	0.065005	0.49663	1.0359	0.060933	0.51231	1.3528	0.85562	0.50782	0.94983	0.17474	0.59619	1.2318	0.49864	84.566	2.6878	-9.768	-51.352	2.4525	-0.65404	-32.251	25.263	18.123	27.998	10.096	-23.037	55.367	59.645	1.2141
-20.82	99.347	342.28	0.54783	1.0127	0.014782	0.55985	0.93542	0.17839	0.48467	0.87013	0.19666	0.59105	1.2308	0.48501	0.4683	1.2617	0.45498	0.5722	0.99264	0.067565	0.49704	1.0387	0.061378	0.51086	1.3636	0.85469	0.50733	0.95884	0.17943	0.59789	1.2467	0.49645	83.132	2.5923	-9.4961	-43.405	2.1611	-0.29594	-34.385	24.585	19.149	27.348	9.3578	-22.096	50.192	51.976	1.5022
-18.311	86.332	291.76	0.54834	1.0163	0.014794	0.55925	0.94471	0.1845	0.48333	0.88125	0.20569	0.59254	1.2465	0.48317	0.47029	1.2784	0.45214	0.57237	0.99638	0.070465	0.4975	1.0422	0.06196	0.50941	1.3743	0.85388	0.50668	0.96859	0.18433	0.59957	1.2621	0.4943	81.602	2.4174	-9.1989	-35.878	1.926	0.015874	-36.547	23.842	20.154	26.054	8.5116	-20.696	44.727	44.354	1.8067
-15.982	73.409	243.96	0.54904	1.0204	0.014809	0.55853	0.95474	0.19086	0.48182	0.8932	0.21485	0.59399	1.2628	0.48144	0.47224	1.2956	0.44944	0.57258	1.0009	0.073695	0.49801	1.0464	0.06269	0.50795	1.3849	0.8532	0.50588	0.9791	0.18942	0.60122	1.2779	0.49223	80.008	2.1663	-8.8899	-28.954	1.7212	0.273	-38.721	23.036	21.13	24.175	7.5789	-18.885	39.068	36.992	2.0718
-13.805	61.031	199.66	0.54995	1.0249	0.014825	0.55767	0.96552	0.19745	0.48016	0.90598	0.22407	0.59538	1.2794	0.47983	0.47414	1.3133	0.44693	0.57283	1.0063	0.077237	0.49857	1.0515	0.063581	0.50651	1.3954	0.85267	0.50494	0.99036	0.19468	0.60281	1.2941	0.49029	78.386	1.8457	-8.5837	-22.771	1.5234	0.46909	-40.888	22.169	22.065	21.793	6.5839	-16.729	33.311	30.074	2.245
-11.75	49.549	159.44	0.55112	1.0299	0.014845	0.55669	0.97704	0.20422	0.47835	0.91954	0.23328	0.59669	1.2965	0.4784	0.47597	1.3314	0.44465	0.5731	1.0125	0.081068	0.49918	1.0573	0.064641	0.50509	1.4058	0.8523	0.50385	1.0024	0.20007	0.60433	1.3106	0.48851	76.774	1.4657	-8.2936	-17.407	1.316	0.60035	-43.03	21.248	22.95	19.008	5.5537	-14.315	27.564	23.742	2.2873
-9.7938	39.197	123.64	0.55259	1.0354	0.014867	0.55559	0.9893	0.21112	0.47641	0.93386	0.24241	0.59789	1.314	0.47716	0.47769	1.3498	0.44265	0.57338	1.0197	0.085155	0.49981	1.0641	0.065873	0.50371	1.416	0.8521	0.50263	1.0152	0.20555	0.60574	1.3274	0.48691	75.21	1.0393	-8.0314	-12.924	1.0869	0.66978	-45.132	20.279	23.779	15.971	4.5164	-11.749	21.96	18.116	2.1879
-7.9414	30.088	92.406	0.55451	1.0418	0.014894	0.55439	1.0023	0.21808	0.47434	0.9489	0.25137	0.59899	1.3318	0.47616	0.47929	1.3686	0.44095	0.57368	1.0279	0.089457	0.50047	1.0719	0.06728	0.50239	1.4262	0.85208	0.50129	1.0287	0.21109	0.60705	1.3445	0.48555	73.729	0.58109	-7.8058	-9.2673	0.83729	0.67315	-47.176	19.271	24.543	12.77	3.4916	-9.1232	16.607	13.21	1.9444
-6.2235	22.236	65.815	0.55715	1.0497	0.01493	0.55308	1.016	0.22504	0.47217	0.96459	0.26009	0.59995	1.3498	0.47542	0.48076	1.3877	0.4396	0.57398	1.0371	0.093931	0.50114	1.0807	0.068858	0.50114	1.4363	0.85224	0.49984	1.0429	0.21665	0.60822	1.3618	0.48445	72.362	0.10604	-7.6217	-6.3835	0.5717	0.61664	-49.149	18.232	25.237	9.5617	2.5062	-6.5568	11.669	9.0369	1.5963
-4.6823	15.608	43.831	0.56118	1.0607	0.014981	0.55168	1.0303	0.23194	0.46992	0.9809	0.2685	0.60077	1.3681	0.47496	0.48207	1.407	0.43862	0.57425	1.0473	0.098522	0.50181	1.0906	0.070598	0.49996	1.4463	0.85259	0.49829	1.0578	0.22216	0.60925	1.3794	0.48363	71.131	-0.37117	-7.4806	-4.5365	0.27149	0.56258	-51.037	17.175	25.857	6.8931	1.6264	-4.2926	7.5408	5.8541	1.2944
-3.3759	10.235	26.446	0.56845	1.0786	0.015069	0.55021	1.0454	0.23871	0.46761	0.99775	0.27652	0.60145	1.3866	0.47481	0.48322	1.4266	0.43805	0.57451	1.0587	0.10317	0.50245	1.1015	0.072487	0.49887	1.4561	0.85313	0.49667	1.0733	0.22759	0.61012	1.397	0.48313	70.053	-0.83739	-7.3802	-2.3755	0.057078	0.34065	-52.83	16.109	26.401	3.4956	0.74628	-1.9696	3.466	2.6493	0.73035
0	0	0	NaN	NaN	NaN	0.54868	1.061	0.24528	0.46526	1.0151	0.28408	0.60196	1.4052	0.47499	0.4842	1.4462	0.43792	0.57472	1.0711	0.10783	0.50305	1.1136	0.074507	0.49788	1.4659	0.85387	0.49499	1.0895	0.23289	0.61083	1.4148	0.48295	69.135	-1.2815	-7.3153	0.027829	0.002172	0.006664	-54.517	15.046	26.867	-0.021597	0.043397	-0.038588	0.097694	-0.21371	0.017113
