-2.3097	6.1501	100.76	0.68355	0.77498	0.013709	0.69591	0.77984	0.10973	0.622	0.74947	0.039751	0.71091	0.62672	0.50481	0.58359	0.64141	0.5012	0.73485	0.91622	0.13271	0.6662	0.94549	0.16966	0.65686	0.47394	0.86049	0.65147	0.77938	0.12592	0.64945	0.63423	0.49782	80.715	-5.1491	-22.716	-0.17921	2.4645	-1.6011	-3.0976	-3.0476	-7.3902	-17.001	0.20324	-2.584	-35.844	-0.93059	-0.88567
-3.1361	-0.1261	150.92	0.68164	0.78845	0.013792	0.69534	0.7859	0.10714	0.6221	0.75379	0.038676	0.71097	0.63701	0.50341	0.58355	0.65075	0.49932	0.73255	0.92311	0.12857	0.6634	0.95197	0.16497	0.65741	0.48601	0.85945	0.65092	0.78531	0.12279	0.64939	0.64404	0.49634	80.308	-5.3136	-22.609	-0.32397	3.6714	-1.9673	-3.3642	-3.0068	-7.0477	-21.252	0.97852	-3.2199	-45.583	-1.0987	-0.98616
-4.0865	-9.6501	210.98	0.68031	0.79813	0.013851	0.69469	0.79118	0.10449	0.62212	0.75707	0.037836	0.71106	0.64738	0.50216	0.58356	0.66015	0.49755	0.73016	0.92926	0.12378	0.66053	0.95789	0.15948	0.65802	0.49821	0.85854	0.65031	0.79065	0.11959	0.64934	0.65394	0.49503	79.73	-5.5144	-22.397	-0.29592	5.2555	-2.3707	-3.7225	-2.9532	-6.7358	-25.183	2.0726	-3.8903	-55.437	-1.2278	-1.0825
-5.1516	-22.97	280.1	0.67929	0.80593	0.013899	0.69396	0.79587	0.10189	0.62207	0.75953	0.037269	0.71117	0.65782	0.50107	0.5836	0.6696	0.49592	0.72774	0.93478	0.11852	0.65763	0.96339	0.15333	0.6587	0.51052	0.85778	0.64964	0.79559	0.11644	0.64932	0.66391	0.49386	78.981	-5.7652	-22.078	-0.13581	7.1783	-2.719	-4.1415	-2.8866	-6.444	-27.821	3.5204	-4.4595	-63.519	-1.2989	-1.1429
-6.3386	-40.293	356.74	0.67846	0.8127	0.013941	0.69319	0.8001	0.099435	0.62198	0.76138	0.036996	0.7113	0.66832	0.50016	0.58366	0.67911	0.49447	0.72533	0.93978	0.11293	0.65477	0.96856	0.14672	0.65945	0.52289	0.85717	0.64892	0.80031	0.11347	0.6493	0.67393	0.49288	78.076	-6.0787	-21.658	0.17367	9.4624	-3.0083	-4.5995	-2.8069	-6.1573	-28.979	5.2488	-4.9262	-69.591	-1.3704	-1.2237
-7.6985	-61.296	439.04	0.6778	0.81881	0.01398	0.69239	0.804	0.097211	0.62185	0.76278	0.037014	0.71144	0.67888	0.49945	0.58375	0.68867	0.49323	0.72298	0.94436	0.10719	0.65201	0.97347	0.1398	0.66025	0.53527	0.85672	0.64813	0.80491	0.11075	0.64929	0.68401	0.49208	77.047	-6.4641	-21.157	0.60278	12.073	-3.1942	-5.0876	-2.715	-5.8595	-28.312	7.1603	-5.2409	-73.013	-1.5258	-1.3775
-9.3538	-85.151	525.16	0.6773	0.82443	0.014015	0.69159	0.80764	0.095275	0.6217	0.76387	0.037297	0.71158	0.68951	0.49899	0.58384	0.69831	0.49227	0.72073	0.94856	0.10144	0.64939	0.97815	0.13275	0.6611	0.54763	0.85646	0.64727	0.80945	0.10834	0.64929	0.69416	0.49151	75.942	-6.9262	-20.605	1.1249	14.973	-3.2552	-5.6116	-2.6134	-5.5366	-25.806	9.1044	-5.3928	-73.835	-1.912	-1.6979
-11.489	-110.77	613.36	0.67697	0.82962	0.014048	0.69081	0.81105	0.093653	0.62157	0.76475	0.037802	0.71171	0.70025	0.49878	0.58393	0.70805	0.49163	0.71862	0.95242	0.095812	0.64694	0.98259	0.12574	0.66198	0.55993	0.85637	0.64637	0.81392	0.10627	0.64931	0.7044	0.49117	74.822	-7.4636	-20.039	1.7095	18.112	-3.1819	-6.1877	-2.5069	-5.1811	-21.566	10.909	-5.3835	-72.371	-2.7155	-2.3029
-14.308	-137.05	701.72	0.67681	0.83443	0.014079	0.69006	0.81424	0.092349	0.62146	0.76548	0.038476	0.71182	0.71113	0.49883	0.584	0.71791	0.49133	0.71667	0.95596	0.090427	0.6447	0.98676	0.1189	0.66288	0.57213	0.85646	0.64544	0.81825	0.10453	0.64933	0.71476	0.49109	73.751	-8.0695	-19.49	2.3145	21.423	-2.9699	-6.8355	-2.4017	-4.7933	-15.717	12.403	-5.2114	-68.957	-4.1313	-3.3131
-17.972	-163.05	788.21	0.67683	0.83892	0.014109	0.68936	0.81721	0.091345	0.62137	0.76611	0.039264	0.71191	0.72213	0.49914	0.58405	0.72789	0.49138	0.71491	0.95916	0.085383	0.64268	0.99062	0.11237	0.6638	0.58421	0.85671	0.64452	0.82237	0.10311	0.64935	0.72525	0.49128	72.787	-8.7308	-18.98	2.8825	24.826	-2.6181	-7.5707	-2.3041	-4.3819	-8.3788	13.44	-4.8663	-63.869	-6.3255	-4.8262
-22.544	-187.99	870.97	0.677	0.84315	0.014137	0.68871	0.81995	0.090616	0.62132	0.76667	0.040115	0.71197	0.73326	0.49967	0.58408	0.73797	0.49177	0.71334	0.96205	0.080755	0.64088	0.99416	0.10623	0.66472	0.59618	0.85713	0.64363	0.82622	0.10197	0.64939	0.73584	0.4917	71.973	-9.4304	-18.521	3.3424	28.243	-2.1239	-8.3963	-2.2178	-3.9612	0.2863	13.928	-4.3266	-57.344	-9.3878	-6.8776
-27.959	-211.2	948.57	0.67728	0.84715	0.014164	0.6881	0.82245	0.090131	0.62129	0.76717	0.040983	0.712	0.74444	0.50038	0.58408	0.74811	0.49244	0.71196	0.96462	0.076594	0.6393	0.99733	0.10056	0.66565	0.60802	0.85769	0.64281	0.82975	0.10108	0.64943	0.74651	0.49232	71.337	-10.15	-18.11	3.6223	31.609	-1.4875	-9.3012	-2.1435	-3.5475	10.025	13.844	-3.5696	-49.675	-13.307	-9.4241
-34.019	-232.13	1020	0.67766	0.85092	0.014189	0.68753	0.82472	0.089855	0.62129	0.76763	0.041831	0.712	0.7556	0.5012	0.58405	0.75822	0.49332	0.71075	0.96688	0.072928	0.63791	1.0001	0.095409	0.66657	0.61975	0.85837	0.64206	0.83294	0.10041	0.64947	0.75717	0.4931	70.89	-10.87	-17.738	3.6615	34.873	-0.71395	-10.262	-2.0795	-3.1555	20.506	13.229	-2.5817	-41.19	-17.969	-12.35
-40.433	-250.31	1084.6	0.67807	0.85445	0.014214	0.687	0.82676	0.089755	0.6213	0.76805	0.042632	0.71199	0.76664	0.50207	0.58401	0.76822	0.49433	0.7097	0.96885	0.069764	0.63669	1.0026	0.090787	0.66748	0.63138	0.85917	0.64137	0.8358	0.099918	0.6495	0.76773	0.49398	70.632	-11.577	-17.395	3.4187	37.99	0.18416	-11.247	-2.0225	-2.7963	31.359	12.177	-1.3662	-32.203	-23.172	-15.485
-46.852	-265.37	1141.6	0.67849	0.85772	0.014236	0.68651	0.82858	0.089798	0.62132	0.76843	0.043363	0.71195	0.77743	0.50293	0.58395	0.778	0.49539	0.70878	0.97054	0.06709	0.63562	1.0047	0.086697	0.66838	0.64291	0.86007	0.64075	0.83832	0.099572	0.64953	0.77808	0.49488	70.554	-12.257	-17.068	2.8771	40.917	1.1871	-12.222	-1.9691	-2.4771	42.203	10.821	0.049924	-22.996	-28.653	-18.633
-52.907	-277.02	1190.8	0.67889	0.86073	0.014257	0.68606	0.83019	0.089955	0.62134	0.76877	0.044015	0.71189	0.78789	0.50374	0.58388	0.78748	0.49643	0.70798	0.97196	0.064882	0.63467	1.0064	0.083128	0.66928	0.65433	0.86106	0.64017	0.84054	0.099343	0.64953	0.78813	0.49577	70.64	-12.903	-16.75	2.0453	43.615	2.2675	-13.155	-1.9171	-2.2022	52.665	9.3141	1.614	-13.846	-34.118	-21.591
-58.247	-285.08	1232	0.67923	0.86345	0.014276	0.68564	0.83159	0.090196	0.62136	0.76907	0.044581	0.71181	0.79793	0.50447	0.58379	0.79658	0.49738	0.70727	0.97315	0.0631	0.63383	1.0078	0.080051	0.67016	0.66564	0.86215	0.63962	0.84246	0.099203	0.6495	0.79777	0.49658	70.871	-13.507	-16.433	0.95154	46.053	3.391	-14.018	-1.8652	-1.9741	62.405	7.8187	3.2509	-5.0176	-39.265	-24.177
-62.577	-289.51	1265.4	0.67951	0.86588	0.014293	0.68525	0.83279	0.090493	0.62138	0.76934	0.045063	0.71171	0.80747	0.5051	0.58369	0.80522	0.49821	0.70666	0.97413	0.061698	0.63309	1.009	0.077431	0.67104	0.67682	0.86333	0.63909	0.84411	0.099131	0.64944	0.80694	0.49729	71.223	-14.061	-16.116	-0.36424	48.208	4.5176	-14.789	-1.8131	-1.7941	71.137	6.4863	4.871	3.2504	-43.818	-26.247
-65.715	-290.42	1291.3	0.6797	0.868	0.014307	0.68489	0.83383	0.090821	0.62139	0.76957	0.045465	0.71158	0.81647	0.50561	0.58357	0.81337	0.49889	0.70612	0.97491	0.060625	0.63242	1.0099	0.075224	0.6719	0.68785	0.86459	0.63856	0.84551	0.099109	0.64933	0.81558	0.49789	71.672	-14.558	-15.796	-1.8576	50.071	5.6064	-15.451	-1.7611	-1.6636	78.649	5.4311	6.3859	10.775	-47.57	-27.721
-67.608	-288	1310.3	0.67982	0.86985	0.01432	0.68455	0.83469	0.091156	0.62139	0.76976	0.045794	0.71143	0.82489	0.50601	0.58344	0.82099	0.49942	0.70564	0.97553	0.059827	0.63184	1.0106	0.073385	0.67275	0.69873	0.86593	0.63804	0.84669	0.099123	0.64919	0.82364	0.49836	72.192	-14.99	-15.477	-3.4854	51.639	6.6183	-15.994	-1.7104	-1.5837	84.798	4.7158	7.722	17.432	-50.403	-28.582
-68.327	-282.52	1322.5	0.67989	0.87143	0.01433	0.68424	0.83541	0.09148	0.62138	0.76992	0.046061	0.71128	0.83272	0.50631	0.58331	0.82809	0.49979	0.70523	0.97602	0.059252	0.63131	1.0111	0.071867	0.67356	0.70943	0.86735	0.63754	0.84768	0.099162	0.64901	0.83112	0.49873	72.76	-15.348	-15.159	-5.2085	52.913	7.5193	-16.41	-1.6621	-1.5548	89.505	4.3568	8.8259	23.154	-52.285	-28.867
-68.021	-274.32	1328.3	0.67992	0.87277	0.014339	0.68395	0.83601	0.091779	0.62137	0.77005	0.046277	0.71113	0.83995	0.50651	0.58318	0.83465	0.50003	0.70488	0.97639	0.058852	0.63086	1.0115	0.070627	0.67434	0.71996	0.86884	0.63705	0.84851	0.099218	0.64882	0.838	0.499	73.352	-15.624	-14.848	-6.9944	53.9	8.2828	-16.698	-1.6182	-1.5768	92.747	4.3337	9.6674	27.936	-53.256	-28.646
-66.897	-263.81	1327.8	0.67996	0.87392	0.014347	0.68369	0.83649	0.092044	0.62135	0.77015	0.04645	0.711	0.84658	0.50663	0.58308	0.8407	0.50017	0.70458	0.97666	0.058584	0.63048	1.0118	0.069624	0.67507	0.73031	0.87039	0.63661	0.84921	0.099285	0.64864	0.8443	0.4992	73.95	-15.813	-14.548	-8.8184	54.609	8.8913	-16.858	-1.5808	-1.6478	94.555	4.5933	10.241	31.825	-53.418	-28.013
-65.199	-251.39	1321.3	0.68003	0.87492	0.014353	0.68346	0.83687	0.092269	0.62133	0.77024	0.046594	0.71092	0.85262	0.5067	0.58302	0.84623	0.50022	0.70434	0.97687	0.058412	0.63015	1.012	0.068819	0.67574	0.74048	0.87198	0.63622	0.8498	0.099362	0.64848	0.85004	0.49935	74.537	-15.914	-14.265	-10.661	55.051	9.3351	-16.893	-1.5514	-1.7645	94.998	5.058	10.559	34.905	-52.918	-27.075
-63.185	-237.52	1308.8	0.68017	0.87581	0.01436	0.68326	0.83718	0.092454	0.62131	0.7703	0.046717	0.71088	0.85809	0.50672	0.58301	0.85128	0.50023	0.70415	0.97702	0.058304	0.6299	1.0121	0.06818	0.67635	0.7505	0.87362	0.63591	0.8503	0.099449	0.64838	0.85524	0.49947	75.1	-15.928	-14.004	-12.504	55.235	9.6118	-16.809	-1.5308	-1.9218	94.176	5.634	10.652	37.28	-51.935	-25.94
-61.098	-222.59	1290.5	0.6804	0.87665	0.014366	0.6831	0.83742	0.092601	0.62129	0.77036	0.046829	0.71093	0.86301	0.50671	0.58307	0.85587	0.50022	0.70402	0.97713	0.058237	0.6297	1.0122	0.067675	0.6769	0.76038	0.8753	0.63569	0.85073	0.099547	0.64835	0.85993	0.49958	75.631	-15.863	-13.768	-14.333	55.176	9.7262	-16.612	-1.5185	-2.1133	92.208	6.2213	10.557	39.058	-50.653	-24.71
-59.145	-207.02	1266.6	0.68076	0.87747	0.014372	0.68298	0.83763	0.092719	0.62126	0.7704	0.046938	0.71104	0.86743	0.5067	0.5832	0.86002	0.50022	0.70393	0.97721	0.058192	0.62957	1.0123	0.06728	0.67738	0.77014	0.877	0.63556	0.85109	0.099662	0.6484	0.86416	0.49968	76.124	-15.728	-13.559	-16.134	54.888	9.6889	-16.31	-1.5126	-2.3314	89.23	6.728	10.313	40.342	-49.244	-23.465
-57.488	-191.15	1237.5	0.68126	0.87834	0.014379	0.6829	0.8378	0.092815	0.62123	0.77045	0.04705	0.71125	0.87139	0.50669	0.58342	0.86378	0.50024	0.70388	0.97727	0.058154	0.6295	1.0123	0.066972	0.67779	0.7798	0.87872	0.63552	0.85139	0.099797	0.64855	0.86796	0.4998	76.575	-15.538	-13.379	-17.894	54.388	9.5153	-15.911	-1.5104	-2.5679	85.387	7.0787	9.9604	41.226	-47.849	-22.268
-56.237	-175.31	1203.5	0.68192	0.87928	0.014387	0.68288	0.83795	0.092899	0.62121	0.77048	0.04717	0.71154	0.87493	0.50669	0.58371	0.86716	0.5003	0.70388	0.97732	0.058115	0.62948	1.0123	0.066733	0.67813	0.78938	0.88046	0.63558	0.85163	0.099959	0.6488	0.87138	0.49994	76.985	-15.308	-13.23	-19.602	53.694	9.224	-15.424	-1.5086	-2.8138	80.826	7.2205	9.53	41.781	-46.574	-21.158
-55.45	-159.76	1165.1	0.68276	0.88035	0.014397	0.6829	0.83809	0.09298	0.62119	0.77052	0.047303	0.71192	0.87811	0.50672	0.58409	0.87022	0.5004	0.70391	0.97736	0.058068	0.6295	1.0123	0.066548	0.67841	0.79891	0.88221	0.63572	0.85183	0.10015	0.64914	0.87446	0.50011	77.354	-15.053	-13.109	-21.247	52.831	8.8357	-14.859	-1.5043	-3.0603	75.694	7.1284	9.0479	42.054	-45.487	-20.152
-55.133	-144.72	1123	0.68378	0.88157	0.014408	0.68297	0.83824	0.093065	0.62118	0.77056	0.047453	0.71237	0.88099	0.50678	0.58455	0.87299	0.50054	0.70397	0.9774	0.058009	0.62956	1.0123	0.066401	0.67863	0.80838	0.88397	0.63594	0.85199	0.10038	0.64958	0.87725	0.50031	77.683	-14.788	-13.017	-22.824	51.826	8.3732	-14.227	-1.495	-3.2983	70.13	6.8075	8.5329	42.073	-44.616	-19.244
-55.24	-130.37	1077.9	0.685	0.88299	0.01442	0.68307	0.83839	0.093162	0.62117	0.7706	0.047622	0.71288	0.88362	0.50687	0.58506	0.87551	0.50071	0.70406	0.97745	0.057936	0.62965	1.0124	0.066283	0.6788	0.81783	0.88572	0.63622	0.85211	0.10064	0.65008	0.87979	0.50054	77.975	-14.525	-12.95	-24.335	50.709	7.8591	-13.535	-1.4793	-3.5201	64.268	6.2894	7.9976	41.851	-43.95	-18.415
-55.682	-116.84	1030.8	0.68641	0.88465	0.014435	0.68322	0.83856	0.093276	0.62117	0.77065	0.047813	0.71344	0.88604	0.50699	0.58563	0.87783	0.50091	0.70417	0.9775	0.057849	0.62977	1.0124	0.066181	0.67893	0.82727	0.88745	0.63655	0.8522	0.10095	0.65065	0.88213	0.50081	78.23	-14.275	-12.907	-25.785	49.508	7.3148	-12.793	-1.4565	-3.7192	58.233	5.6256	7.4498	41.393	-43.45	-17.635
-56.342	-104.24	982.53	0.68798	0.88659	0.014452	0.68339	0.83874	0.093412	0.62118	0.77071	0.048029	0.71405	0.8883	0.50715	0.58624	0.87998	0.50112	0.7043	0.97756	0.057749	0.6299	1.0124	0.066087	0.67901	0.83669	0.88915	0.63693	0.85227	0.10129	0.65125	0.8843	0.50112	78.453	-14.042	-12.883	-27.189	48.255	6.7595	-12.012	-1.4268	-3.8908	52.139	4.88	6.8948	40.704	-43.052	-16.872
-57.083	-92.631	934.05	0.68972	0.88884	0.014472	0.68358	0.83895	0.093572	0.62119	0.77078	0.048271	0.71467	0.89043	0.50734	0.58687	0.88201	0.50135	0.70443	0.97763	0.057637	0.63004	1.0125	0.065991	0.67907	0.84609	0.8908	0.63733	0.85233	0.10168	0.65188	0.88635	0.50146	78.646	-13.83	-12.875	-28.566	46.977	6.21	-11.199	-1.3908	-4.0327	46.09	4.1234	6.3365	39.797	-42.678	-16.098
-57.773	-82.062	886.31	0.69158	0.89145	0.014494	0.68377	0.83918	0.093758	0.6212	0.77086	0.048541	0.71531	0.89248	0.50755	0.58751	0.88396	0.50157	0.70456	0.97772	0.057513	0.63018	1.0125	0.065885	0.67909	0.85549	0.89239	0.63774	0.8524	0.1021	0.65251	0.88831	0.50184	78.811	-13.638	-12.878	-29.939	45.703	5.6804	-10.365	-1.3494	-4.1452	40.178	3.4223	5.78	38.692	-42.25	-15.29
-58.299	-72.541	840.24	0.69353	0.89443	0.01452	0.68396	0.83944	0.09397	0.62122	0.77095	0.048841	0.71594	0.89447	0.50779	0.58815	0.88585	0.50179	0.70469	0.97781	0.057378	0.63031	1.0126	0.065763	0.67909	0.86486	0.8939	0.63816	0.85248	0.10256	0.65312	0.89022	0.50225	78.951	-13.463	-12.889	-31.336	44.457	5.1813	-9.5199	-1.3038	-4.2308	34.48	2.832	5.2314	37.418	-41.704	-14.439
-58.583	-64.055	796.69	0.69554	0.89782	0.014547	0.68414	0.83972	0.094203	0.62124	0.77106	0.049172	0.71656	0.89644	0.50804	0.58878	0.88773	0.50199	0.70481	0.97792	0.057235	0.63044	1.0127	0.065619	0.67907	0.8742	0.89532	0.63857	0.85258	0.10305	0.6537	0.89211	0.5027	79.07	-13.299	-12.904	-32.784	43.265	4.7199	-8.6739	-1.2554	-4.294	29.057	2.3916	4.6983	36.018	-40.999	-13.546
-58.594	-56.568	756.42	0.69755	0.90163	0.014578	0.68429	0.84002	0.094454	0.62126	0.77118	0.049537	0.71715	0.89841	0.50832	0.58938	0.88962	0.50218	0.70491	0.97805	0.057083	0.63056	1.0129	0.065448	0.67902	0.88351	0.89663	0.63898	0.85271	0.10356	0.65425	0.89401	0.50316	79.171	-13.141	-12.921	-34.311	42.149	4.2995	-7.8367	-1.2053	-4.3406	23.953	2.1212	4.1885	34.545	-40.124	-12.623
-58.337	-50.024	720.06	0.69952	0.90583	0.014611	0.6844	0.84034	0.094718	0.62127	0.77131	0.049936	0.71771	0.90041	0.5086	0.58994	0.89157	0.50235	0.70501	0.97819	0.056924	0.63067	1.013	0.065249	0.67895	0.89277	0.89783	0.63936	0.85287	0.1041	0.65474	0.89596	0.50365	79.258	-12.983	-12.937	-35.943	41.131	3.9208	-7.0179	-1.155	-4.3774	19.199	2.0238	3.7091	33.06	-39.094	-11.692
-57.846	-44.353	688.1	0.7014	0.91039	0.014646	0.68448	0.84069	0.094996	0.62129	0.77146	0.050372	0.71822	0.90246	0.50889	0.59047	0.89358	0.50251	0.7051	0.97835	0.056758	0.63076	1.0132	0.065021	0.67886	0.90198	0.89889	0.63973	0.85307	0.10466	0.65519	0.89798	0.50414	79.335	-12.819	-12.952	-37.702	40.228	3.5825	-6.2265	-1.1058	-4.4112	14.813	2.0897	3.2662	31.632	-37.94	-10.775
-57.171	-39.477	660.89	0.70314	0.91526	0.014683	0.68452	0.84105	0.095286	0.6213	0.77162	0.050846	0.71869	0.9046	0.50918	0.59095	0.8957	0.50266	0.70517	0.97852	0.056588	0.63085	1.0134	0.064763	0.67875	0.91113	0.89982	0.64007	0.85331	0.10523	0.65558	0.9001	0.50463	79.405	-12.648	-12.964	-39.605	39.454	3.2831	-5.4708	-1.0589	-4.4482	10.803	2.3015	2.8645	30.335	-36.706	-9.8955
-56.367	-35.312	638.62	0.70469	0.92035	0.014721	0.68453	0.84144	0.09559	0.62131	0.77179	0.051358	0.71912	0.90685	0.50946	0.59138	0.89793	0.5028	0.70523	0.9787	0.056412	0.63093	1.0137	0.064478	0.67862	0.92022	0.9006	0.64038	0.85361	0.10582	0.65592	0.90235	0.50512	79.473	-12.466	-12.974	-41.663	38.819	3.0203	-4.7582	-1.0156	-4.4934	7.1703	2.6379	2.5068	29.239	-35.438	-9.0734
-55.484	-31.773	621.34	0.70602	0.92556	0.014759	0.68451	0.84185	0.095911	0.62131	0.77198	0.051911	0.71949	0.90922	0.50973	0.59176	0.90031	0.50293	0.70528	0.97889	0.056234	0.631	1.0139	0.064169	0.67848	0.92923	0.90123	0.64066	0.85395	0.10642	0.6562	0.90474	0.50559	79.541	-12.273	-12.981	-43.885	38.325	2.7925	-4.0947	-0.97719	-4.5499	3.91	3.0761	2.1944	28.411	-34.18	-8.3219
-54.568	-28.77	608.97	0.70709	0.93077	0.014796	0.68446	0.84228	0.096252	0.6213	0.77217	0.052504	0.7198	0.91175	0.50999	0.59208	0.90285	0.50307	0.70532	0.9791	0.056054	0.63107	1.0142	0.063839	0.67832	0.93817	0.90172	0.6409	0.85435	0.10702	0.65644	0.9073	0.50604	79.614	-12.072	-12.985	-46.272	37.968	2.5979	-3.4857	-0.94455	-4.6183	1.0137	3.5945	1.9271	27.906	-32.969	-7.6486
-53.657	-26.208	601.34	0.70787	0.93586	0.014832	0.68439	0.84274	0.096616	0.62129	0.77239	0.053138	0.72007	0.91444	0.51022	0.59235	0.90557	0.5032	0.70535	0.97932	0.055875	0.63113	1.0145	0.063493	0.67817	0.94704	0.90206	0.64111	0.85479	0.10764	0.65663	0.91004	0.50646	79.695	-11.864	-12.986	-48.822	37.745	2.4358	-2.9355	-0.91841	-4.6967	-1.5293	4.1732	1.7036	27.769	-31.839	-7.0553
-52.782	-23.992	598.2	0.70837	0.94075	0.014865	0.6843	0.84323	0.097006	0.62126	0.77261	0.053812	0.72028	0.91732	0.51043	0.59256	0.90849	0.50333	0.70538	0.97954	0.0557	0.6312	1.0148	0.063134	0.67801	0.95583	0.90225	0.64127	0.85529	0.10826	0.65677	0.91298	0.50684	79.789	-11.654	-12.986	-51.528	37.647	2.3066	-2.4475	-0.89919	-4.7819	-3.7307	4.7942	1.5232	28.028	-30.815	-6.5388
-51.966	-22.034	599.27	0.70858	0.94532	0.014896	0.68419	0.84375	0.097426	0.62123	0.77286	0.054526	0.72045	0.9204	0.51061	0.59272	0.91163	0.50346	0.7054	0.97977	0.055529	0.63126	1.0151	0.062767	0.67786	0.96457	0.9023	0.64139	0.85584	0.10888	0.65688	0.91613	0.50719	79.897	-11.444	-12.985	-54.382	37.666	2.2113	-2.024	-0.88688	-4.8693	-5.6009	5.4426	1.3843	28.707	-29.917	-6.093
-51.226	-20.255	604.21	0.70854	0.94954	0.014923	0.68407	0.84429	0.09788	0.6212	0.77312	0.055278	0.72057	0.92368	0.51075	0.59284	0.91499	0.50358	0.70541	0.98	0.055366	0.63132	1.0155	0.062395	0.67773	0.97324	0.9022	0.64146	0.85643	0.10951	0.65695	0.9195	0.50748	80.025	-11.238	-12.982	-57.378	37.79	2.1504	-1.666	-0.88108	-4.9544	-7.1502	6.1066	1.285	29.819	-29.157	-5.7104
-50.577	-18.581	612.67	0.70827	0.95337	0.014947	0.68395	0.84487	0.09837	0.62115	0.7734	0.056066	0.72065	0.92716	0.51085	0.59292	0.91859	0.50367	0.70541	0.98022	0.055211	0.63138	1.0158	0.062021	0.67761	0.98186	0.90196	0.6415	0.85705	0.11014	0.65698	0.92308	0.50773	80.174	-11.036	-12.98	-60.511	38.011	2.1242	-1.3728	-0.88111	-5.0332	-8.3908	6.7755	1.223	31.368	-28.541	-5.3828
-50.036	-16.933	624.32	0.70781	0.95681	0.014969	0.68384	0.84548	0.098898	0.62109	0.77369	0.056886	0.7207	0.93084	0.51091	0.59296	0.92241	0.50374	0.70541	0.98045	0.055066	0.63144	1.0161	0.061648	0.67751	0.99044	0.90159	0.64151	0.85771	0.11076	0.65699	0.92688	0.50792	80.345	-10.841	-12.977	-63.779	38.32	2.1316	-1.1422	-0.88611	-5.1026	-9.3405	7.4393	1.1949	33.343	-28.077	-5.1034
-49.624	-15.227	638.84	0.70721	0.95986	0.014987	0.68373	0.84613	0.099468	0.62103	0.77399	0.057733	0.72073	0.93471	0.51092	0.59298	0.92646	0.50377	0.70541	0.98067	0.05493	0.63149	1.0165	0.061275	0.67745	0.99898	0.90109	0.64149	0.85839	0.11139	0.65699	0.93089	0.50804	80.541	-10.652	-12.976	-67.179	38.706	2.1695	-0.97017	-0.8952	-5.1604	-10.023	8.0866	1.1962	35.717	-27.776	-4.8679
-49.365	-13.373	655.94	0.7065	0.96257	0.015003	0.68364	0.84682	0.10008	0.62096	0.77429	0.058603	0.72075	0.93877	0.51088	0.59298	0.93072	0.50375	0.7054	0.98088	0.054803	0.63154	1.0168	0.060902	0.67742	1.0075	0.90046	0.64144	0.85909	0.11201	0.65697	0.9351	0.50811	80.76	-10.469	-12.977	-70.715	39.161	2.2335	-0.85172	-0.90755	-5.2055	-10.467	8.7069	1.2215	38.453	-27.649	-4.6736
-49.28	-11.271	675.39	0.70573	0.96494	0.015016	0.68357	0.84755	0.10073	0.62089	0.77461	0.05949	0.72076	0.94299	0.51079	0.59297	0.93518	0.50368	0.70538	0.98107	0.054685	0.63159	1.0171	0.060527	0.67742	1.016	0.89971	0.64137	0.85982	0.11263	0.65694	0.93949	0.50812	81.001	-10.292	-12.982	-74.389	39.676	2.3185	-0.78112	-0.92245	-5.2375	-10.709	9.2923	1.2655	41.503	-27.702	-4.5185
-49.383	-8.8191	696.94	0.70492	0.96702	0.015027	0.68352	0.84832	0.10142	0.62081	0.77492	0.060392	0.72076	0.94735	0.51064	0.59296	0.93983	0.50355	0.70537	0.98126	0.054573	0.63162	1.0174	0.06015	0.67746	1.0245	0.89885	0.64129	0.86056	0.11325	0.65692	0.94405	0.50806	81.264	-10.119	-12.994	-78.205	40.246	2.4191	-0.75232	-0.93928	-5.2564	-10.788	9.8391	1.3227	44.811	-27.938	-4.4003
-49.678	-5.9164	720.41	0.70409	0.96884	0.015037	0.68349	0.84912	0.10215	0.62073	0.77524	0.061308	0.72077	0.95185	0.51044	0.59295	0.94464	0.50337	0.70535	0.98144	0.054469	0.63165	1.0177	0.05977	0.67754	1.033	0.89788	0.64121	0.86132	0.11386	0.6569	0.94877	0.50794	81.545	-9.9495	-13.013	-82.166	40.861	2.53	-0.75909	-0.95757	-5.2626	-10.741	10.345	1.3884	48.322	-28.352	-4.3167
-50.163	-2.4737	745.57	0.70327	0.97043	0.015045	0.68349	0.84995	0.10291	0.62065	0.77555	0.062235	0.72079	0.95646	0.51019	0.59295	0.9496	0.50313	0.70532	0.9816	0.054372	0.63166	1.018	0.059386	0.67764	1.0415	0.89681	0.64111	0.86209	0.11447	0.65689	0.95362	0.50775	81.843	-9.7821	-13.042	-86.272	41.51	2.6461	-0.79532	-0.97709	-5.2562	-10.604	10.81	1.4585	51.984	-28.939	-4.2646
-50.829	1.5843	772.21	0.70246	0.97183	0.015052	0.68349	0.85079	0.1037	0.62058	0.77588	0.063177	0.72082	0.96117	0.5099	0.59296	0.95469	0.50283	0.7053	0.98176	0.054282	0.63167	1.0182	0.058998	0.67778	1.05	0.89565	0.64101	0.86287	0.11508	0.65689	0.95859	0.50752	82.153	-9.6154	-13.08	-90.523	42.184	2.7636	-0.85535	-0.99799	-5.2378	-10.408	11.234	1.53	55.754	-29.688	-4.2406
-51.661	6.3172	800.09	0.70166	0.97307	0.015058	0.68349	0.85165	0.10452	0.62051	0.7762	0.064137	0.72086	0.96597	0.50956	0.59297	0.9599	0.50248	0.70527	0.98191	0.054199	0.63167	1.0185	0.058608	0.67795	1.0586	0.8944	0.64092	0.86368	0.11569	0.6569	0.96368	0.50723	82.475	-9.4474	-13.128	-94.91	42.869	2.8795	-0.93429	-1.0207	-5.2083	-10.175	11.621	1.6007	59.595	-30.585	-4.2405
-52.641	11.763	828.97	0.7009	0.97417	0.015063	0.68347	0.85249	0.10535	0.62044	0.77653	0.065121	0.7209	0.97084	0.50918	0.593	0.96521	0.50207	0.70525	0.98206	0.054122	0.63167	1.0187	0.058219	0.67813	1.0672	0.89307	0.64083	0.8645	0.11632	0.65692	0.96886	0.50689	82.805	-9.2759	-13.186	-99.421	43.549	2.9922	-1.0286	-1.0459	-5.1691	-9.9141	11.974	1.6698	63.481	-31.613	-4.2602
-53.749	17.941	858.56	0.70017	0.97516	0.015067	0.68343	0.85333	0.10621	0.62039	0.77687	0.066136	0.72096	0.97579	0.50878	0.59304	0.97064	0.50163	0.70521	0.9822	0.05405	0.63167	1.0189	0.057831	0.67834	1.0758	0.89166	0.64076	0.86536	0.11696	0.65694	0.97415	0.50652	83.14	-9.0981	-13.257	-104.03	44.206	3.101	-1.1358	-1.0741	-5.1221	-9.6249	12.293	1.7373	67.396	-32.757	-4.2943
-54.961	24.848	888.56	0.69947	0.97606	0.015071	0.68337	0.85416	0.10709	0.62034	0.77723	0.067192	0.72101	0.98082	0.50835	0.59308	0.97616	0.50114	0.70517	0.98234	0.053982	0.63167	1.0192	0.057446	0.67856	1.0844	0.89019	0.6407	0.86624	0.11762	0.65698	0.97952	0.5061	83.479	-8.911	-13.34	-108.72	44.819	3.2062	-1.2545	-1.106	-5.0694	-9.2967	12.581	1.8039	71.333	-33.999	-4.3376
-56.258	32.47	918.61	0.6988	0.97688	0.015074	0.68328	0.85498	0.108	0.62031	0.77761	0.0683	0.72107	0.98592	0.50789	0.59312	0.98179	0.50062	0.70512	0.98247	0.053916	0.63169	1.0194	0.057064	0.67878	1.0932	0.88866	0.64065	0.86715	0.11832	0.65701	0.985	0.50566	83.819	-8.7118	-13.437	-113.45	45.364	3.3077	-1.3845	-1.1423	-5.0126	-8.9125	12.834	1.8704	75.284	-35.322	-4.3841
-57.622	40.778	948.34	0.69817	0.97764	0.015078	0.68316	0.8558	0.10895	0.62029	0.77801	0.069473	0.72112	0.99111	0.50742	0.59316	0.98753	0.50006	0.70507	0.9826	0.053851	0.63171	1.0196	0.056684	0.679	1.102	0.88708	0.64063	0.86811	0.11906	0.65704	0.99057	0.5052	84.158	-8.498	-13.551	-118.17	45.814	3.4067	-1.5266	-1.1833	-4.953	-8.452	13.049	1.9386	79.235	-36.71	-4.4269
-59.033	49.734	977.33	0.69757	0.97836	0.015081	0.68303	0.85662	0.10995	0.62029	0.77844	0.070726	0.72116	0.99639	0.50694	0.59319	0.99339	0.49948	0.705	0.98273	0.053786	0.63176	1.0199	0.056307	0.67922	1.1108	0.88546	0.64064	0.86911	0.11986	0.65707	0.99626	0.50471	84.495	-8.2678	-13.683	-122.83	46.143	3.5047	-1.6828	-1.2293	-4.8912	-7.8928	13.22	2.0114	83.164	-38.146	-4.4589
-60.466	59.282	1005.1	0.69701	0.97904	0.015084	0.6829	0.85746	0.11101	0.62031	0.7789	0.072075	0.72119	1.0018	0.50645	0.59322	0.99938	0.49888	0.70493	0.98285	0.053721	0.63181	1.0201	0.055931	0.67942	1.1198	0.88382	0.64067	0.87016	0.12071	0.65709	1.0021	0.50421	84.828	-8.0198	-13.834	-127.38	46.324	3.6037	-1.8561	-1.2803	-4.8271	-7.2101	13.343	2.0917	87.046	-39.605	-4.4729
-61.885	69.36	1031.3	0.69648	0.9797	0.015086	0.68276	0.85833	0.11214	0.62034	0.77941	0.073534	0.72121	1.0073	0.50596	0.59323	1.0055	0.49825	0.70485	0.98297	0.053656	0.63189	1.0204	0.055558	0.67961	1.1288	0.88218	0.64073	0.87126	0.12164	0.65709	1.008	0.50369	85.155	-7.7536	-14.007	-131.75	46.329	3.7045	-2.0501	-1.3356	-4.7598	-6.3808	13.413	2.1821	90.843	-41.05	-4.4612
-63.245	79.901	1055.4	0.69598	0.98034	0.015089	0.68263	0.85925	0.11334	0.6204	0.77997	0.075121	0.72121	1.0129	0.50547	0.59324	1.0118	0.49759	0.70476	0.9831	0.053592	0.63198	1.0207	0.055188	0.67977	1.1379	0.88053	0.64082	0.87242	0.12266	0.65709	1.0141	0.50316	85.476	-7.4693	-14.201	-135.88	46.136	3.8067	-2.2685	-1.3942	-4.6874	-5.3867	13.431	2.2842	94.512	-42.441	-4.4144
-64.494	90.837	1076.9	0.69549	0.98096	0.015092	0.68253	0.86021	0.11464	0.62047	0.78058	0.076851	0.7212	1.0187	0.50497	0.59324	1.0183	0.4969	0.70468	0.98322	0.05353	0.63209	1.0209	0.054822	0.6799	1.1471	0.87889	0.64094	0.87366	0.12376	0.65708	1.0203	0.50262	85.788	-7.1676	-14.416	-139.7	45.725	3.9091	-2.5148	-1.4546	-4.6075	-4.2146	13.399	2.3989	98	-43.725	-4.3212
-65.58	102.1	1095.6	0.69502	0.98157	0.015094	0.68246	0.86124	0.11603	0.62057	0.78126	0.078738	0.72119	1.0246	0.50448	0.59323	1.0249	0.49617	0.70459	0.98335	0.053471	0.6322	1.0212	0.054464	0.68001	1.1563	0.87726	0.64107	0.87497	0.12496	0.65706	1.0268	0.50206	86.091	-6.8492	-14.652	-143.16	45.085	4.0097	-2.7926	-1.5152	-4.5173	-2.8549	13.323	2.5261	101.25	-44.851	-4.1691
-66.455	113.63	1111.2	0.69456	0.98215	0.015097	0.68242	0.86235	0.11753	0.6207	0.78201	0.080793	0.72117	1.0307	0.50399	0.59324	1.0318	0.49539	0.70451	0.98348	0.053414	0.63233	1.0215	0.054115	0.68007	1.1657	0.87564	0.64123	0.87636	0.12626	0.65705	1.0334	0.50148	86.385	-6.5147	-14.908	-146.19	44.21	4.1055	-3.1056	-1.5745	-4.4149	-1.3025	13.212	2.6644	104.22	-45.768	-3.9484
-67.075	125.34	1123.3	0.6941	0.98272	0.015099	0.68243	0.86354	0.11914	0.62084	0.78284	0.083028	0.72115	1.037	0.50348	0.59325	1.039	0.49456	0.70443	0.98362	0.053359	0.63247	1.0218	0.053778	0.6801	1.1752	0.87403	0.64141	0.87786	0.12766	0.65704	1.0402	0.50087	86.668	-6.1648	-15.182	-148.76	43.101	4.1945	-3.4577	-1.6316	-4.2999	0.44256	13.074	2.8117	106.84	-46.435	-3.6528
-67.406	137.17	1131.9	0.69365	0.98326	0.015102	0.68249	0.86483	0.12087	0.62101	0.78375	0.085451	0.72114	1.0436	0.50297	0.59329	1.0463	0.49367	0.70437	0.98377	0.053304	0.6326	1.022	0.053457	0.68009	1.1847	0.87245	0.64161	0.87946	0.12917	0.65704	1.0473	0.50023	86.941	-5.7996	-15.472	-150.83	41.764	4.2758	-3.8531	-1.6861	-4.1737	2.3748	12.922	2.9656	109.05	-46.819	-3.28
-67.417	149.04	1136.6	0.6932	0.98378	0.015104	0.68259	0.86622	0.1227	0.6212	0.78478	0.088072	0.72115	1.0503	0.50243	0.59335	1.0539	0.4927	0.70432	0.98391	0.053248	0.63273	1.0223	0.053153	0.68003	1.1944	0.87088	0.64183	0.88117	0.13079	0.65706	1.0546	0.49955	87.201	-5.4188	-15.775	-152.36	40.211	4.3493	-4.296	-1.7382	-4.0401	4.4844	12.769	3.1236	110.78	-46.891	-2.8321
-67.075	160.85	1137.5	0.69275	0.98426	0.015106	0.68275	0.86773	0.12466	0.62141	0.78591	0.090899	0.72117	1.0574	0.50185	0.59343	1.0618	0.49165	0.70429	0.98407	0.053188	0.63285	1.0225	0.05287	0.67995	1.2041	0.86933	0.64207	0.88302	0.1325	0.6571	1.0622	0.4988	87.448	-5.0222	-16.089	-153.33	38.459	4.4158	-4.7903	-1.7884	-3.9042	6.7574	12.628	3.2822	111.97	-46.628	-2.3144
-66.352	172.49	1134.2	0.6923	0.98473	0.015107	0.68295	0.86937	0.12672	0.62163	0.78717	0.093942	0.72122	1.0646	0.50123	0.59356	1.07	0.49051	0.70428	0.98423	0.053123	0.63297	1.0227	0.052608	0.67982	1.214	0.86781	0.64234	0.88501	0.13431	0.65718	1.07	0.498	87.679	-4.6089	-16.409	-153.68	36.525	4.476	-5.34	-1.8366	-3.7726	9.1769	12.514	3.4366	112.57	-46.007	-1.7349
-65.217	183.82	1126.5	0.69187	0.98516	0.015109	0.6832	0.87115	0.1289	0.62186	0.78859	0.097212	0.72131	1.0722	0.50054	0.59374	1.0785	0.48926	0.70429	0.9844	0.05305	0.63307	1.0228	0.052368	0.67966	1.224	0.86631	0.64262	0.88717	0.13621	0.65729	1.0782	0.49711	87.892	-4.178	-16.731	-153.4	34.429	4.5299	-5.9491	-1.8823	-3.6519	11.724	12.439	3.5806	112.51	-45.008	-1.1047
-63.645	194.66	1114.2	0.69145	0.98556	0.01511	0.68347	0.8731	0.13118	0.62208	0.79018	0.10072	0.72144	1.0801	0.49978	0.59397	1.0872	0.48791	0.70432	0.98457	0.052968	0.63315	1.0229	0.052148	0.67947	1.234	0.86483	0.64292	0.88951	0.13821	0.65746	1.0866	0.49613	88.081	-3.7286	-17.05	-152.42	32.193	4.5766	-6.6221	-1.9245	-3.5481	14.38	12.407	3.7056	111.74	-43.614	-0.43774
-61.616	204.77	1097	0.69103	0.98594	0.015112	0.68377	0.87523	0.13359	0.62229	0.79199	0.1045	0.72163	1.0882	0.49893	0.59427	1.0963	0.48642	0.70438	0.98476	0.052878	0.63323	1.023	0.051947	0.67924	1.2442	0.86338	0.64324	0.89206	0.1403	0.65769	1.0954	0.49504	88.241	-3.2598	-17.361	-150.69	29.836	4.6141	-7.3635	-1.9616	-3.4659	17.126	12.421	3.8009	110.24	-41.812	0.24966
-59.118	213.87	1074.4	0.69063	0.9863	0.015113	0.68409	0.87758	0.13611	0.62248	0.79404	0.10855	0.72188	1.0968	0.49799	0.59466	1.1057	0.48479	0.70447	0.98495	0.052782	0.63329	1.023	0.051762	0.67896	1.2544	0.86196	0.64357	0.89485	0.14247	0.65799	1.1045	0.49383	88.363	-2.7706	-17.657	-148.15	27.383	4.6409	-8.1792	-1.9918	-3.4087	19.941	12.478	3.8555	107.98	-39.595	0.939
-56.146	221.61	1046.3	0.69025	0.98667	0.015114	0.6844	0.88018	0.13875	0.62262	0.79639	0.11292	0.72222	1.1056	0.49694	0.59515	1.1155	0.483	0.70458	0.98517	0.052684	0.63335	1.023	0.05159	0.67865	1.2648	0.86057	0.6439	0.8979	0.14475	0.65838	1.114	0.49248	88.437	-2.2604	-17.932	-144.72	24.858	4.6569	-9.0763	-2.0138	-3.3787	22.799	12.573	3.8579	104.95	-36.967	1.6093
-52.718	227.64	1012.1	0.68988	0.98705	0.015116	0.68471	0.88306	0.14153	0.6227	0.79908	0.11762	0.72265	1.1149	0.49578	0.59574	1.1258	0.48102	0.70471	0.98542	0.052593	0.63341	1.023	0.051429	0.67829	1.2753	0.85922	0.64424	0.90127	0.14713	0.65887	1.1239	0.49097	88.451	-1.7292	-18.18	-140.35	22.294	4.6618	-10.063	-2.0267	-3.3774	25.665	12.697	3.7974	101.17	-33.948	2.2366
-48.869	231.53	971.69	0.68953	0.98747	0.015117	0.68499	0.88628	0.14445	0.6227	0.80219	0.12271	0.72319	1.1246	0.49449	0.59648	1.1365	0.47885	0.70487	0.98571	0.052522	0.63347	1.023	0.051277	0.67789	1.2858	0.85793	0.64457	0.90499	0.14961	0.65948	1.1343	0.4893	88.388	-1.178	-18.396	-134.98	19.725	4.6542	-11.151	-2.03	-3.4059	28.496	12.832	3.6634	96.655	-30.583	2.7937
-44.659	232.9	924.92	0.68921	0.98797	0.01512	0.68523	0.88988	0.14755	0.62259	0.80578	0.1282	0.72385	1.1348	0.49308	0.59737	1.1477	0.47646	0.70505	0.98606	0.052491	0.63353	1.0231	0.051132	0.67745	1.2965	0.8567	0.64489	0.9091	0.15223	0.66022	1.1452	0.48745	88.231	-0.60922	-18.573	-128.57	17.192	4.6317	-12.352	-2.0244	-3.4653	31.229	12.957	3.4483	91.456	-26.939	3.2547
-40.174	231.38	871.86	0.68891	0.98857	0.015123	0.68543	0.89393	0.15082	0.62236	0.80993	0.13414	0.72464	1.1455	0.49154	0.59842	1.1595	0.47385	0.70523	0.9865	0.052526	0.63361	1.0233	0.050999	0.67697	1.3071	0.85556	0.6452	0.91367	0.15498	0.66111	1.1566	0.48541	87.957	-0.027026	-18.706	-121.11	14.743	4.5892	-13.677	-2.0111	-3.557	33.783	13.043	3.1479	85.647	-23.115	3.5979
-35.522	226.7	812.87	0.68864	0.98931	0.015127	0.68556	0.89849	0.15431	0.622	0.81473	0.14056	0.72558	1.1567	0.48987	0.59967	1.172	0.47101	0.70543	0.98704	0.05266	0.63371	1.0235	0.050881	0.67645	1.3178	0.85453	0.64547	0.91874	0.15789	0.66215	1.1686	0.48317	87.545	0.56208	-18.787	-112.64	12.425	4.5193	-15.14	-1.9918	-3.6825	36.058	13.059	2.7635	79.325	-19.228	3.8084
-30.834	218.71	748.6	0.6884	0.99023	0.015132	0.68563	0.90363	0.15804	0.62149	0.82025	0.1475	0.72666	1.1686	0.48807	0.60111	1.1851	0.46796	0.70563	0.98774	0.052935	0.63384	1.024	0.05079	0.67592	1.3285	0.85361	0.6457	0.92438	0.16098	0.66337	1.1813	0.48073	86.967	1.1478	-18.811	-103.25	10.292	4.4129	-16.749	-1.9686	-3.8426	37.936	12.968	2.3035	72.621	-15.417	3.8814
-26.253	207.43	680.06	0.6882	0.99138	0.015139	0.68563	0.9094	0.16203	0.62082	0.82659	0.15498	0.7279	1.181	0.48614	0.60276	1.1989	0.46471	0.70583	0.98863	0.0534	0.634	1.0246	0.050742	0.67536	1.3391	0.85281	0.64586	0.93064	0.16427	0.66476	1.1946	0.47811	86.198	1.7163	-18.77	-93.097	8.3909	4.2616	-18.512	-1.944	-4.0373	39.291	12.736	1.7855	65.685	-11.829	3.824
-21.927	193.09	608.54	0.68804	0.99278	0.015148	0.68556	0.91588	0.1663	0.62	0.83383	0.16301	0.72929	1.1941	0.48411	0.60461	1.2135	0.46128	0.70603	0.98977	0.05411	0.63421	1.0256	0.050757	0.67481	1.3497	0.85215	0.64593	0.93758	0.16778	0.66633	1.2087	0.47532	85.213	2.2494	-18.661	-82.383	6.7605	4.0591	-20.431	-1.9211	-4.2651	39.991	12.335	1.2365	58.664	-8.5999	3.6532
-17.988	176.16	535.58	0.68792	0.99447	0.015159	0.68542	0.92313	0.17088	0.61902	0.84207	0.17158	0.73083	1.2079	0.48197	0.60666	1.2288	0.45774	0.70622	0.99121	0.055124	0.63447	1.027	0.050863	0.67424	1.3602	0.85163	0.64589	0.94526	0.17153	0.66807	1.2234	0.47239	83.991	2.7241	-18.48	-71.383	5.4235	3.8028	-22.504	-1.9021	-4.5225	39.916	11.741	0.69122	51.692	-5.8471	3.3926
-14.533	157.25	462.83	0.68785	0.99649	0.015172	0.6852	0.9312	0.17578	0.61788	0.85138	0.18068	0.73249	1.2224	0.47976	0.60889	1.2449	0.45411	0.70639	0.99304	0.056501	0.6348	1.0288	0.05109	0.67369	1.3706	0.85123	0.64573	0.95373	0.17553	0.66997	1.2389	0.46935	82.522	3.1146	-18.228	-60.412	4.3796	3.4946	-24.721	-1.8896	-4.8048	38.969	10.945	0.18842	44.865	-3.6422	3.067
-11.612	137.14	391.98	0.68786	0.99886	0.015187	0.6849	0.94015	0.181	0.6166	0.86183	0.19024	0.73427	1.2375	0.4775	0.61126	1.2617	0.45048	0.70657	0.99534	0.0583	0.6352	1.0312	0.051472	0.67315	1.381	0.85096	0.64543	0.96303	0.1798	0.67201	1.255	0.46625	80.808	3.3937	-17.909	-49.801	3.6024	3.1415	-27.072	-1.8849	-5.1056	37.104	9.9575	-0.23584	38.269	-2.0042	2.6998
-9.223	116.62	324.62	0.68796	1.0016	0.015206	0.68454	0.95	0.18653	0.61519	0.87347	0.2002	0.73613	1.2534	0.47524	0.61375	1.2791	0.44692	0.70674	0.99821	0.060566	0.63569	1.0343	0.052043	0.67261	1.3913	0.8508	0.64497	0.9732	0.18432	0.67415	1.2718	0.46316	78.867	3.5356	-17.536	-39.875	3.0429	2.7535	-29.535	-1.8882	-5.417	34.343	8.8082	-0.55381	31.98	-0.90121	2.3102
-7.3226	96.459	262.14	0.68817	1.0049	0.015228	0.68412	0.96079	0.19235	0.61366	0.88633	0.21044	0.73804	1.2698	0.47302	0.61631	1.2972	0.4435	0.7069	1.0018	0.063333	0.63628	1.0382	0.052835	0.6721	1.4015	0.85075	0.64434	0.98425	0.18909	0.67637	1.2892	0.46013	76.74	3.5192	-17.128	-30.918	2.6359	2.3424	-32.088	-1.8989	-5.7295	30.782	7.542	-0.75092	26.069	-0.2588	1.9134
-5.834	77.362	205.63	0.6885	1.0088	0.015254	0.68362	0.97252	0.19841	0.61203	0.90042	0.22086	0.73998	1.2868	0.47089	0.61889	1.3158	0.44029	0.70708	1.0061	0.066612	0.63697	1.043	0.053876	0.67162	1.4117	0.85081	0.64356	0.99622	0.19409	0.67863	1.3071	0.45723	74.485	3.3313	-16.712	-23.132	2.3111	1.9203	-34.704	-1.9157	-6.0321	26.581	6.215	-0.82902	20.603	0.027284	1.5208
-4.6656	59.872	155.82	0.689	1.0135	0.015286	0.68307	0.98519	0.20467	0.6103	0.9157	0.23128	0.74192	1.3043	0.46892	0.62146	1.3349	0.43738	0.70727	1.0115	0.070391	0.63778	1.0488	0.055191	0.67117	1.4218	0.85096	0.64261	1.0091	0.19927	0.68089	1.3255	0.45454	72.18	2.9689	-16.321	-16.659	2.0102	1.4961	-37.351	-1.9367	-6.3139	21.97	4.8851	-0.80513	15.638	0.061595	1.1379
-3.7296	44.384	113.09	0.6897	1.0195	0.015328	0.68245	0.99876	0.21104	0.6085	0.9321	0.24154	0.74383	1.3223	0.46717	0.62399	1.3544	0.43482	0.70749	1.0179	0.07463	0.6387	1.0559	0.0568	0.67077	1.4319	0.85122	0.64151	1.0228	0.20458	0.68312	1.3443	0.45212	69.915	2.441	-15.988	-11.487	1.6873	1.0845	-40	-1.961	-6.5645	17.164	3.6099	-0.70325	11.223	-0.039822	0.77743
-2.9535	31.136	77.477	0.69071	1.0278	0.015385	0.68177	1.0132	0.21746	0.60662	0.94951	0.25145	0.74569	1.3406	0.46569	0.62644	1.3743	0.43269	0.70775	1.0257	0.079263	0.63973	1.0642	0.058716	0.67042	1.4418	0.85158	0.64028	1.0375	0.20998	0.68529	1.3635	0.45005	67.784	1.7688	-15.746	-7.5283	1.3201	0.69808	-42.62	-1.9897	-6.775	12.385	2.4375	-0.55251	7.3874	-0.18287	0.44993
-2.2889	20.209	48.723	0.69234	1.0406	0.015473	0.68102	1.0284	0.22383	0.60468	0.96778	0.26082	0.74748	1.3592	0.46455	0.6288	1.3943	0.43103	0.70805	1.0347	0.0842	0.64088	1.0739	0.060947	0.67015	1.4517	0.85206	0.63896	1.0529	0.21538	0.68738	1.3829	0.44838	65.878	0.98342	-15.619	-5.0128	0.9503	0.30841	-45.183	-2.0266	-6.9396	8.1076	1.3893	-0.3981	4.086	-0.41446	0.10934
-1.7243	11.609	26.503	0.69551	1.0658	0.015647	0.68019	1.0444	0.23007	0.60269	0.98672	0.26948	0.7492	1.3781	0.46378	0.63105	1.4146	0.42987	0.70842	1.0453	0.089337	0.64214	1.0852	0.063486	0.66995	1.4615	0.85267	0.63757	1.0691	0.22072	0.68937	1.4024	0.44716	64.276	0.12308	-15.615	-2.5237	0.47097	0.052748	-47.666	-2.0784	-7.0561	3.7086	0.53637	-0.2105	1.5621	-0.34072	-0.05316
0	0	0	NaN	NaN	NaN	0.6793	1.061	0.23607	0.60066	1.0061	0.27729	0.75083	1.397	0.46344	0.63321	1.4349	0.42925	0.70884	1.0575	0.094558	0.64347	1.0981	0.066311	0.66984	1.4711	0.85344	0.63616	1.0859	0.22592	0.69126	1.422	0.44643	63.038	-0.77165	-15.728	0.038131	0.003555	0.007363	-50.046	-2.1531	-7.1273	0.027866	0.041181	-0.033223	0.22771	0.071012	0.020064
