1.5302	9.7917	52.12	0.50795	0.84448	0.014128	0.5535	0.86557	0.10381	0.479	0.8204	0.046527	0.56277	0.74652	0.51747	0.43289	0.75057	0.51119	0.57839	1.0134	0.11398	0.49872	1.0532	0.13989	0.50768	0.59721	0.87631	0.50005	0.86731	0.12104	0.53848	0.75038	0.50618	78.708	-4.6373	-10.882	0.66936	0.69935	-0.22944	-5.4817	15.421	-5.622	-9.543	0.78061	2.3734	-20.023	6.6241	1.4216
1.9944	11.727	79.213	0.50969	0.86033	0.014178	0.55335	0.87591	0.10302	0.47885	0.83062	0.045896	0.56243	0.75482	0.51558	0.43253	0.75824	0.50916	0.5778	1.0238	0.113	0.498	1.0633	0.13868	0.50795	0.60776	0.87536	0.49987	0.87747	0.11967	0.5381	0.75818	0.50427	78.279	-4.7985	-10.844	0.87077	1.1565	-0.39877	-4.8035	15.405	-5.7663	-13.416	1.2897	3.2515	-28.005	9.8112	2.2434
2.5163	13.386	111.91	0.51076	0.87128	0.014211	0.55319	0.88527	0.10234	0.47871	0.83969	0.045551	0.56214	0.76324	0.51387	0.43224	0.76607	0.50733	0.57715	1.0331	0.11165	0.49722	1.0725	0.13694	0.50827	0.61835	0.87452	0.4996	0.88678	0.11829	0.5378	0.76616	0.50258	77.81	-4.992	-10.772	1.3833	1.7743	-0.60467	-4.2936	15.4	-5.8206	-17.673	1.9608	4.1966	-37.026	13.629	3.2688
3.0577	14.301	149.89	0.51149	0.87995	0.014237	0.55301	0.89368	0.10176	0.47857	0.84764	0.04546	0.56192	0.77179	0.51236	0.43201	0.77405	0.50571	0.57647	1.0414	0.10994	0.49638	1.0807	0.1347	0.50865	0.62898	0.87382	0.49925	0.89528	0.11688	0.53755	0.77433	0.5011	77.307	-5.2164	-10.668	2.1458	2.5466	-0.83967	-3.9465	15.406	-5.7879	-21.872	2.7764	5.0929	-46.2	17.872	4.488
3.5387	13.771	192.33	0.51206	0.8876	0.014259	0.55283	0.90119	0.10126	0.47844	0.85453	0.045591	0.56176	0.78046	0.51103	0.43184	0.78217	0.50431	0.57574	1.0489	0.10791	0.49549	1.0881	0.132	0.50907	0.63963	0.87324	0.49883	0.90299	0.11546	0.53736	0.78267	0.49983	76.777	-5.4696	-10.535	3.1647	3.4669	-1.0827	-3.7552	15.422	-5.6726	-25.667	3.706	5.8637	-54.947	22.394	5.8985
3.8474	11.07	238.12	0.51256	0.89487	0.01428	0.55264	0.90784	0.10083	0.47831	0.86043	0.045911	0.56165	0.78922	0.50989	0.43173	0.79042	0.50312	0.575	1.0554	0.10558	0.49457	1.0946	0.12887	0.50955	0.65031	0.87279	0.49835	0.90996	0.11403	0.53723	0.79117	0.49878	76.228	-5.7488	-10.376	4.3462	4.5103	-1.3074	-3.7106	15.446	-5.4804	-28.576	4.6858	6.3982	-62.33	26.916	7.4649
3.8527	5.7749	286.44	0.51306	0.90206	0.014301	0.55245	0.91369	0.10047	0.47819	0.86541	0.04639	0.5616	0.79807	0.50895	0.43167	0.79878	0.50215	0.57423	1.0612	0.10299	0.49363	1.1004	0.12539	0.51008	0.66099	0.87248	0.49783	0.91621	0.1126	0.53715	0.79981	0.49793	75.67	-6.0508	-10.194	5.5796	5.6576	-1.4912	-3.8021	15.478	-5.2187	-30.339	5.6411	6.6424	-67.844	31.226	9.1328
3.4114	-2.1049	337.03	0.51361	0.90919	0.014322	0.55224	0.91878	0.10015	0.47808	0.86953	0.046998	0.5616	0.80698	0.50818	0.43167	0.80722	0.50139	0.57346	1.0662	0.10018	0.49267	1.1054	0.12159	0.51066	0.67168	0.87231	0.49727	0.9218	0.11119	0.53712	0.80856	0.49728	75.112	-6.3718	-9.9933	6.7577	6.9043	-1.6205	-4.0174	15.513	-4.8961	-30.914	6.4984	6.595	-71.417	35.196	10.832
2.3855	-12.247	389.82	0.51427	0.91618	0.014343	0.55204	0.92319	0.099872	0.47797	0.87288	0.047707	0.56164	0.81593	0.5076	0.43172	0.81573	0.50083	0.57268	1.0705	0.097195	0.49171	1.1099	0.11756	0.51129	0.68235	0.87229	0.49669	0.92676	0.10981	0.53714	0.81738	0.49681	74.568	-6.7075	-9.7776	7.7846	8.2578	-1.6899	-4.343	15.55	-4.5222	-30.394	7.1936	6.2866	-73.244	38.745	12.481
0.67641	-24.196	444.57	0.51505	0.92294	0.014365	0.55183	0.92696	0.099632	0.47788	0.87554	0.048489	0.56174	0.82487	0.50717	0.43181	0.82425	0.50046	0.57191	1.0742	0.094092	0.49076	1.1136	0.11335	0.51196	0.69301	0.8724	0.49611	0.93113	0.10849	0.53719	0.82625	0.49651	74.048	-7.0535	-9.551	8.5809	9.7272	-1.6979	-4.764	15.586	-4.1074	-28.904	7.6793	5.7561	-73.583	41.816	14.004
-1.7376	-37.492	500.67	0.51592	0.9294	0.014386	0.55162	0.93016	0.099424	0.4778	0.87758	0.049322	0.56187	0.83379	0.5069	0.43195	0.83277	0.50028	0.57117	1.0773	0.090917	0.48983	1.1169	0.10903	0.51267	0.70364	0.87264	0.49554	0.93496	0.10723	0.53729	0.83512	0.49637	73.564	-7.4051	-9.3178	9.0832	11.308	-1.6421	-5.2647	15.617	-3.663	-26.529	7.9317	5.0357	-72.593	44.358	15.347
-4.8024	-51.685	557.19	0.51685	0.93551	0.014406	0.55141	0.93285	0.099245	0.47772	0.87909	0.050182	0.56205	0.84265	0.50677	0.43212	0.84125	0.50025	0.57044	1.0799	0.087721	0.48893	1.1197	0.10467	0.51341	0.71423	0.87302	0.49498	0.93829	0.10606	0.53742	0.84395	0.49637	73.127	-7.7575	-9.0817	9.2454	12.984	-1.5182	-5.8286	15.642	-3.2004	-23.335	7.9481	4.1563	-70.373	46.332	16.477
-8.4084	-66.247	612.95	0.5178	0.94123	0.014426	0.5512	0.93507	0.099091	0.47766	0.88013	0.05105	0.56225	0.85141	0.50676	0.43232	0.84964	0.50037	0.56975	1.082	0.084552	0.48808	1.122	0.10034	0.51418	0.72478	0.87353	0.49446	0.94117	0.10498	0.53758	0.85271	0.49649	72.747	-8.1061	-8.846	9.0429	14.728	-1.3216	-6.4389	15.659	-2.7307	-19.407	7.7436	3.1558	-67.033	47.717	17.378
-12.405	-80.569	666.75	0.51873	0.94652	0.014445	0.551	0.93688	0.098961	0.4776	0.88079	0.051909	0.56249	0.86004	0.50687	0.43256	0.85791	0.50062	0.5691	1.0837	0.081455	0.48727	1.1239	0.096101	0.51497	0.73528	0.87416	0.49397	0.94363	0.10401	0.53778	0.86136	0.49672	72.431	-8.4464	-8.6137	8.4785	16.506	-1.0494	-7.0787	15.667	-2.2653	-14.885	7.3477	2.0853	-62.768	48.527	18.044
-16.612	-94.048	717.41	0.51963	0.95133	0.014462	0.55079	0.93834	0.098853	0.47755	0.88113	0.052743	0.56276	0.8685	0.50707	0.43282	0.86603	0.50098	0.56849	1.085	0.078471	0.48652	1.1254	0.092004	0.51577	0.74571	0.87491	0.49353	0.94572	0.10316	0.53799	0.86985	0.49703	72.186	-8.7741	-8.387	7.5822	18.277	-0.70387	-7.7315	15.666	-1.8142	-9.9287	6.8002	0.99503	-57.79	48.801	18.485
-20.84	-106.15	763.84	0.52047	0.95565	0.014478	0.5506	0.93949	0.098766	0.47751	0.8812	0.053541	0.56305	0.87677	0.50736	0.43311	0.87396	0.50144	0.56793	1.0861	0.075638	0.48583	1.1267	0.088102	0.51659	0.75608	0.87577	0.49314	0.94749	0.10243	0.53823	0.87815	0.49742	72.017	-9.0855	-8.168	6.4043	19.995	-0.29392	-8.3814	15.654	-1.3871	-4.7158	6.1431	-0.070044	-52.322	48.597	18.716
-24.918	-116.41	805.12	0.52124	0.95948	0.014492	0.55041	0.94039	0.098701	0.47748	0.88108	0.054293	0.56336	0.8848	0.50771	0.43342	0.88166	0.50197	0.56741	1.0869	0.072986	0.4852	1.1277	0.084438	0.51741	0.76638	0.87674	0.4928	0.94897	0.10182	0.53848	0.88623	0.49787	71.925	-9.3771	-7.9577	5.0052	21.611	0.16356	-9.0136	15.635	-0.99206	0.56567	5.4132	-1.072	-46.589	47.98	18.751
-28.735	-124.53	840.69	0.52193	0.96283	0.014504	0.55022	0.94105	0.098655	0.47745	0.8808	0.054991	0.56368	0.89257	0.50811	0.43374	0.88911	0.50257	0.56695	1.0874	0.070541	0.48464	1.1284	0.081044	0.51822	0.7766	0.8778	0.49252	0.9502	0.10134	0.53875	0.89404	0.49835	71.911	-9.6462	-7.7572	3.4413	23.089	0.64568	-9.6146	15.607	-0.63604	5.7234	4.636	-1.9797	-40.82	47.011	18.599
-32.176	-130.36	870.29	0.52255	0.96575	0.014515	0.55005	0.94154	0.098628	0.47743	0.88043	0.05563	0.56402	0.90005	0.50856	0.43408	0.89629	0.50321	0.56654	1.0878	0.068321	0.48415	1.129	0.077949	0.51903	0.78673	0.87895	0.49229	0.95121	0.10097	0.53903	0.90157	0.49886	71.972	-9.8902	-7.5668	1.7655	24.402	1.1333	-10.172	15.575	-0.32443	10.591	3.8499	-2.7705	-35.199	45.783	18.296
-35.102	-133.87	893.87	0.52309	0.96827	0.014525	0.54989	0.94186	0.09862	0.47742	0.87998	0.056208	0.56437	0.90723	0.50903	0.43443	0.90316	0.50387	0.56618	1.088	0.066338	0.48372	1.1294	0.075168	0.51982	0.79678	0.88017	0.49211	0.95204	0.10072	0.53932	0.90879	0.49939	72.105	-10.107	-7.3869	0.032484	25.529	1.611	-10.676	15.538	-0.061104	15.024	3.1064	-3.4301	-29.88	44.419	17.895
-37.391	-135.03	911.43	0.52355	0.97041	0.014533	0.54974	0.94207	0.098628	0.47741	0.87949	0.056723	0.56473	0.91408	0.50952	0.43479	0.90972	0.50455	0.56587	1.088	0.064599	0.48336	1.1296	0.072713	0.5206	0.80674	0.88147	0.49198	0.95271	0.10057	0.53961	0.91568	0.49993	72.306	-10.296	-7.2175	-1.7009	26.455	2.0642	-11.117	15.5	0.15152	18.902	2.4558	-3.9524	-24.999	43.041	17.447
-39.007	-133.92	923	0.52393	0.97219	0.014539	0.5496	0.94218	0.098653	0.47741	0.879	0.057175	0.56509	0.92059	0.51001	0.43516	0.91594	0.50523	0.5656	1.088	0.063103	0.48306	1.1297	0.070585	0.52134	0.81661	0.88282	0.4919	0.95324	0.10051	0.53991	0.92222	0.50046	72.567	-10.454	-7.0585	-3.3847	27.173	2.4755	-11.489	15.463	0.31253	22.128	1.919	-4.3383	-20.656	41.715	16.971
-39.996	-130.69	928.59	0.52426	0.97364	0.014545	0.54947	0.94222	0.098692	0.47741	0.87852	0.057567	0.56546	0.92675	0.51051	0.43553	0.92183	0.50591	0.56538	1.0879	0.061847	0.48282	1.1298	0.068778	0.52206	0.82638	0.88422	0.49185	0.95366	0.10054	0.54022	0.9284	0.50098	72.882	-10.583	-6.9097	-4.9843	27.683	2.8304	-11.787	15.428	0.42229	24.645	1.4939	-4.5923	-16.899	40.453	16.468
-40.455	-125.57	928.23	0.52456	0.97482	0.01455	0.54935	0.9422	0.098745	0.47741	0.87807	0.057902	0.56583	0.93255	0.51099	0.4359	0.92739	0.50657	0.5652	1.0878	0.060819	0.48263	1.1298	0.06728	0.52275	0.83606	0.88566	0.49184	0.95398	0.10064	0.54052	0.93423	0.50148	73.244	-10.681	-6.7711	-6.4788	27.994	3.1185	-12.008	15.397	0.48237	26.431	1.1612	-4.7211	-13.723	39.224	15.923
-40.526	-118.87	922.02	0.52487	0.97577	0.014554	0.54925	0.94214	0.098808	0.47742	0.87766	0.058184	0.56619	0.938	0.51146	0.43627	0.93261	0.50721	0.56506	1.0876	0.060006	0.48248	1.1297	0.066075	0.5234	0.84564	0.88713	0.49186	0.95423	0.1008	0.54083	0.93969	0.50196	73.644	-10.748	-6.6424	-7.8584	28.117	3.3334	-12.15	15.372	0.49531	27.499	0.89014	-4.7326	-11.089	37.969	15.317
-40.365	-110.92	910.17	0.52522	0.97657	0.014558	0.54916	0.94205	0.098881	0.47744	0.87729	0.058418	0.56656	0.9431	0.5119	0.43664	0.9375	0.50781	0.56495	1.0874	0.05939	0.48239	1.1295	0.065139	0.52401	0.85513	0.88861	0.49191	0.95441	0.10101	0.54113	0.94481	0.50242	74.076	-10.785	-6.5235	-9.123	28.073	3.4718	-12.214	15.354	0.46459	27.881	0.64521	-4.6355	-8.944	36.62	14.632
-40.116	-102.07	893.01	0.52565	0.97725	0.014562	0.54908	0.94195	0.098961	0.47745	0.87698	0.058608	0.56692	0.94786	0.51232	0.437	0.94208	0.50838	0.56488	1.0871	0.058953	0.48232	1.1294	0.064448	0.52458	0.86453	0.89011	0.49198	0.95454	0.10126	0.54143	0.94957	0.50286	74.53	-10.793	-6.4143	-10.281	27.882	3.5344	-12.201	15.343	0.39428	27.631	0.39599	-4.4392	-7.2277	35.116	13.858
-39.89	-92.661	871.03	0.52618	0.9779	0.014567	0.54901	0.94185	0.099047	0.47747	0.87672	0.058762	0.56727	0.9523	0.51271	0.43736	0.94637	0.50891	0.56482	1.0869	0.058672	0.48229	1.1292	0.063974	0.52511	0.87384	0.8916	0.49207	0.95462	0.10154	0.54173	0.95402	0.50327	75.001	-10.771	-6.3146	-11.345	27.567	3.5264	-12.114	15.34	0.28899	26.816	0.12176	-4.155	-5.8783	33.422	12.996
-39.754	-83.015	844.87	0.52684	0.97856	0.014573	0.54895	0.94175	0.099137	0.47748	0.87651	0.058884	0.56761	0.95643	0.51307	0.4377	0.95038	0.5094	0.56479	1.0867	0.058525	0.48229	1.1291	0.063688	0.5256	0.88306	0.89307	0.49217	0.95468	0.10184	0.54202	0.95815	0.50365	75.481	-10.723	-6.2241	-12.331	27.149	3.4552	-11.959	15.345	0.15369	25.516	-0.18588	-3.7963	-4.8394	31.53	12.061
-39.728	-73.402	815.28	0.52762	0.97928	0.014579	0.5489	0.94165	0.099229	0.4775	0.87635	0.058981	0.56795	0.96027	0.5134	0.43804	0.95414	0.50985	0.56478	1.0865	0.05849	0.48231	1.1289	0.06356	0.52605	0.89219	0.89453	0.49228	0.95471	0.10215	0.54231	0.962	0.50401	75.963	-10.648	-6.1427	-13.258	26.649	3.3299	-11.74	15.357	-0.006672	23.81	-0.52131	-3.3787	-4.067	29.472	11.08
-39.793	-64.046	783.11	0.52854	0.98012	0.014587	0.54885	0.94156	0.099321	0.47752	0.87623	0.059056	0.56827	0.96384	0.51369	0.43836	0.95768	0.51026	0.56478	1.0863	0.058545	0.48234	1.1287	0.06356	0.52645	0.90124	0.89595	0.4924	0.95472	0.10248	0.54258	0.96558	0.50435	76.444	-10.549	-6.0698	-14.141	26.086	3.16	-11.464	15.378	-0.18705	21.782	-0.8676	-2.9194	-3.5283	27.306	10.084
-39.895	-55.113	749.28	0.52959	0.98111	0.014595	0.54881	0.94149	0.099413	0.47754	0.87616	0.059116	0.56858	0.96718	0.51395	0.43867	0.96101	0.51061	0.56479	1.0862	0.058668	0.48239	1.1286	0.063661	0.52681	0.91021	0.89734	0.49253	0.95472	0.1028	0.54285	0.96893	0.50467	76.917	-10.427	-6.0052	-14.997	25.477	2.9549	-11.137	15.406	-0.38242	19.51	-1.1992	-2.4361	-3.1989	25.113	9.1067
-39.967	-46.722	714.68	0.53075	0.9823	0.014605	0.54878	0.94143	0.099502	0.47756	0.87613	0.059165	0.56888	0.9703	0.51419	0.43896	0.96418	0.51093	0.56481	1.086	0.058842	0.48244	1.1285	0.063835	0.52714	0.91911	0.89867	0.49265	0.95471	0.10313	0.54311	0.97208	0.50496	77.379	-10.285	-5.9482	-15.841	24.843	2.7233	-10.768	15.44	-0.58812	17.067	-1.4854	-1.9459	-3.0598	22.987	8.1813
-39.936	-38.944	680.22	0.53201	0.98371	0.014616	0.54874	0.94139	0.099589	0.47757	0.87613	0.059207	0.56916	0.97324	0.51438	0.43923	0.9672	0.5112	0.56483	1.0859	0.059046	0.4825	1.1283	0.06406	0.52742	0.92794	0.89994	0.49278	0.95471	0.10344	0.54336	0.97505	0.50524	77.827	-10.125	-5.8982	-16.689	24.199	2.4732	-10.363	15.481	-0.79971	14.521	-1.6952	-1.4632	-3.0945	21.022	7.3349
-39.734	-31.814	646.73	0.53334	0.98537	0.014628	0.54871	0.94137	0.099672	0.47759	0.87615	0.059244	0.56942	0.97603	0.51455	0.43949	0.97012	0.51142	0.56485	1.0858	0.059268	0.48256	1.1283	0.064312	0.52767	0.9367	0.90114	0.4929	0.95471	0.10376	0.54359	0.97788	0.5055	78.259	-9.9483	-5.8545	-17.557	23.565	2.2119	-9.9307	15.526	-1.0131	11.927	-1.8009	-0.99909	-3.2873	19.307	6.5886
-39.311	-25.333	614.95	0.53471	0.9873	0.014641	0.54867	0.94137	0.099752	0.4776	0.8762	0.059281	0.56966	0.9787	0.51469	0.43972	0.97295	0.5116	0.56488	1.0858	0.059492	0.48262	1.1282	0.064574	0.52789	0.9454	0.90226	0.49302	0.95471	0.10406	0.5438	0.9806	0.50574	78.674	-9.7581	-5.8163	-18.459	22.956	1.9461	-9.4791	15.576	-1.2248	9.3353	-1.7803	-0.56096	-3.6192	17.914	5.9559
-38.635	-19.487	585.54	0.53609	0.98951	0.014655	0.54863	0.94139	0.099828	0.4776	0.87626	0.059319	0.56988	0.98127	0.5148	0.43993	0.97573	0.51174	0.5649	1.0857	0.059708	0.48268	1.1281	0.064829	0.52808	0.95404	0.9033	0.49313	0.95473	0.10435	0.54399	0.98325	0.50597	79.072	-9.5563	-5.7829	-19.411	22.389	1.6819	-9.0157	15.63	-1.4316	6.7861	-1.6189	-0.15289	-4.0637	16.898	5.443
-37.698	-14.247	558.99	0.53743	0.99199	0.014669	0.54857	0.94143	0.099901	0.47761	0.87634	0.059361	0.57008	0.98378	0.51489	0.44012	0.97849	0.51183	0.56493	1.0857	0.059907	0.48273	1.1281	0.065065	0.52824	0.96264	0.90425	0.49323	0.95477	0.10463	0.54417	0.98584	0.50618	79.453	-9.3453	-5.7534	-20.427	21.876	1.4243	-8.5478	15.686	-1.6308	4.3135	-1.3112	0.22407	-4.5866	16.29	5.0491
-36.519	-9.5823	535.68	0.53872	0.99475	0.014684	0.54851	0.94149	0.099971	0.47761	0.87643	0.059406	0.57026	0.98625	0.51495	0.44029	0.98123	0.51188	0.56495	1.0857	0.060084	0.48279	1.1281	0.065271	0.52837	0.97118	0.90509	0.49332	0.95482	0.1049	0.54432	0.98841	0.50637	79.817	-9.1271	-5.7269	-21.523	21.431	1.1774	-8.0821	15.744	-1.8202	1.9452	-0.8624	0.57075	-5.1459	16.094	4.7671
-35.145	-5.4583	515.85	0.53992	0.99776	0.014698	0.54844	0.94156	0.10004	0.4776	0.87653	0.059458	0.57042	0.9887	0.51498	0.44044	0.984	0.51189	0.56496	1.0857	0.060233	0.48283	1.1282	0.065441	0.52848	0.97968	0.90584	0.49339	0.95489	0.10516	0.54444	0.99098	0.50655	80.166	-8.9038	-5.7028	-22.711	21.062	0.94425	-7.6251	15.804	-1.998	-0.29622	-0.28801	0.8893	-5.6942	16.287	4.5849
-33.644	-1.8364	499.58	0.54102	1.001	0.014713	0.54835	0.94165	0.10011	0.47758	0.87664	0.059516	0.57055	0.99117	0.51499	0.44056	0.98681	0.51187	0.56497	1.0858	0.060353	0.48287	1.1282	0.06557	0.52858	0.98815	0.90647	0.49345	0.95499	0.10541	0.54454	0.99358	0.5067	80.503	-8.6774	-5.6803	-24.002	20.776	0.72756	-7.1821	15.864	-2.163	-2.3948	0.38832	1.1832	-6.1844	16.826	4.4876
-32.1	1.325	486.86	0.54201	1.0044	0.014727	0.54825	0.94175	0.10017	0.47756	0.87675	0.059581	0.57066	0.99367	0.51497	0.44066	0.98967	0.5118	0.56498	1.0858	0.060442	0.48291	1.1283	0.065655	0.52865	0.99658	0.90699	0.49349	0.95511	0.10565	0.54462	0.99623	0.50684	80.828	-8.4496	-5.659	-25.406	20.58	0.5295	-6.7583	15.923	-2.314	-4.3397	1.1378	1.4561	-6.5727	17.647	4.4598
-30.597	4.0691	477.56	0.54291	1.0079	0.014741	0.54812	0.94188	0.10024	0.47753	0.87686	0.059654	0.57074	0.99621	0.51493	0.44073	0.99261	0.51169	0.56498	1.0859	0.060501	0.48294	1.1284	0.065695	0.52872	1.005	0.90738	0.49352	0.95526	0.10588	0.54467	0.99895	0.50695	81.145	-8.222	-5.6382	-26.927	20.476	0.35172	-6.3576	15.981	-2.4503	-6.1241	1.9298	1.7115	-6.8193	18.683	4.4873
-29.21	6.4402	471.48	0.54372	1.0116	0.014755	0.54798	0.94201	0.10032	0.47749	0.87698	0.059735	0.5708	0.99882	0.51486	0.44078	0.99563	0.51155	0.56498	1.086	0.060533	0.48297	1.1285	0.065692	0.52877	1.0133	0.90766	0.49352	0.95544	0.1061	0.54469	1.0018	0.50704	81.455	-7.9959	-5.6177	-28.568	20.463	0.19506	-5.9835	16.036	-2.5719	-7.7447	2.7357	1.9512	-6.8897	19.866	4.5584
-27.999	8.4816	468.36	0.54446	1.0152	0.014769	0.54782	0.94217	0.10039	0.47745	0.87709	0.059825	0.57084	1.0015	0.51477	0.44081	0.99875	0.51138	0.56497	1.0861	0.060538	0.48299	1.1287	0.065648	0.52882	1.0217	0.90782	0.4935	0.95564	0.10632	0.54468	1.0047	0.50711	81.761	-7.7726	-5.5973	-30.33	20.535	0.059327	-5.6385	16.089	-2.6785	-9.2013	3.5319	2.1755	-6.757	21.137	4.6646
-27.001	10.237	467.94	0.54514	1.0189	0.014782	0.54764	0.94233	0.10048	0.47739	0.87722	0.059924	0.57086	1.0043	0.51466	0.44082	1.002	0.51117	0.56496	1.0862	0.060522	0.48301	1.1288	0.065567	0.52886	1.03	0.90784	0.49346	0.95588	0.10653	0.54465	1.0077	0.50715	82.064	-7.553	-5.5771	-32.21	20.687	-0.056648	-5.3243	16.138	-2.7703	-10.497	4.301	2.3835	-6.4015	22.452	4.8003
-26.23	11.747	469.94	0.54575	1.0225	0.014794	0.54744	0.94251	0.10057	0.47732	0.87734	0.060035	0.57085	1.0072	0.51453	0.44081	1.0053	0.51093	0.56495	1.0863	0.060486	0.48303	1.129	0.065451	0.5289	1.0384	0.90775	0.4934	0.95614	0.10674	0.54459	1.0108	0.50716	82.367	-7.338	-5.557	-34.208	20.907	-0.15487	-5.0421	16.183	-2.8475	-11.636	5.0332	2.5729	-5.8099	23.779	4.9626
-25.684	13.053	474.06	0.54631	1.0261	0.014806	0.54722	0.94271	0.10068	0.47725	0.87747	0.060157	0.57083	1.0102	0.51438	0.44078	1.0087	0.51066	0.56493	1.0864	0.060436	0.48305	1.1292	0.065307	0.52894	1.0467	0.90753	0.49332	0.95644	0.10695	0.54451	1.014	0.50715	82.671	-7.128	-5.5375	-36.32	21.186	-0.23808	-4.7924	16.223	-2.9106	-12.625	5.7254	2.7406	-4.9754	25.101	5.1496
-25.345	14.198	480.06	0.54681	1.0295	0.014818	0.54698	0.94292	0.1008	0.47716	0.8776	0.060295	0.57078	1.0133	0.5142	0.44074	1.0123	0.51036	0.56492	1.0865	0.060375	0.48307	1.1294	0.065139	0.52899	1.055	0.90718	0.49322	0.95676	0.10717	0.5444	1.0174	0.50712	82.978	-6.9235	-5.5191	-38.543	21.512	-0.30991	-4.5751	16.257	-2.9601	-13.475	6.3789	2.8834	-3.9002	26.414	5.3594
-25.19	15.231	487.68	0.54724	1.0329	0.014829	0.54673	0.94315	0.10093	0.47707	0.87773	0.060448	0.57071	1.0165	0.51401	0.44067	1.016	0.51004	0.5649	1.0867	0.060307	0.48309	1.1296	0.064951	0.52903	1.0633	0.90672	0.4931	0.95711	0.10738	0.54427	1.0209	0.50706	83.289	-6.7245	-5.5022	-40.874	21.874	-0.37483	-4.3895	16.285	-2.9964	-14.197	6.9975	2.9983	-2.5954	27.716	5.5886
-25.189	16.207	496.69	0.5476	1.0362	0.014839	0.54645	0.94339	0.10108	0.47696	0.87787	0.060621	0.57063	1.0198	0.51379	0.4406	1.0198	0.5097	0.56488	1.0868	0.060234	0.48311	1.1298	0.064748	0.52909	1.0716	0.90613	0.49297	0.9575	0.10761	0.54413	1.0245	0.50697	83.605	-6.5312	-5.4876	-43.305	22.258	-0.43769	-4.2344	16.306	-3.0203	-14.808	7.5856	3.0832	-1.0818	29.011	5.8315
-25.318	17.193	506.91	0.54789	1.0393	0.014849	0.54617	0.94365	0.10126	0.47685	0.87802	0.060816	0.57054	1.0232	0.51356	0.44051	1.0237	0.50933	0.56486	1.087	0.06016	0.48313	1.1301	0.064536	0.52915	1.0799	0.90544	0.49282	0.95791	0.10784	0.54396	1.0283	0.50686	83.925	-6.3432	-5.4763	-45.832	22.656	-0.50326	-4.1086	16.32	-3.0321	-15.329	8.1475	3.1375	0.60975	30.302	6.0808
-25.555	18.261	518.16	0.5481	1.0424	0.014857	0.54587	0.94392	0.10145	0.47673	0.87817	0.061037	0.57043	1.0268	0.51332	0.4404	1.0278	0.50895	0.56484	1.0872	0.060086	0.48316	1.1303	0.064317	0.52922	1.0883	0.90463	0.49266	0.95835	0.10808	0.54378	1.0322	0.50672	84.252	-6.1601	-5.4692	-48.447	23.057	-0.57631	-4.0104	16.327	-3.0323	-15.778	8.6863	3.1613	2.4428	31.593	6.3267
-25.886	19.489	530.34	0.54824	1.0452	0.014865	0.54556	0.94422	0.10167	0.47661	0.87832	0.061289	0.57031	1.0305	0.51306	0.44029	1.0319	0.50855	0.56482	1.0873	0.060015	0.48319	1.1306	0.064096	0.5293	1.0966	0.90372	0.49248	0.95882	0.10834	0.54359	1.0362	0.50657	84.583	-5.9814	-5.4675	-51.143	23.456	-0.66142	-3.9379	16.327	-3.0214	-16.179	9.2033	3.1554	4.3789	32.884	6.5585
-26.303	20.962	543.37	0.5483	1.048	0.014873	0.54526	0.94453	0.10192	0.47647	0.87848	0.061576	0.57018	1.0343	0.51279	0.44018	1.0362	0.50813	0.5648	1.0875	0.059946	0.48322	1.1309	0.063876	0.52939	1.105	0.90271	0.4923	0.95932	0.10862	0.54338	1.0403	0.5064	84.921	-5.8063	-5.4723	-53.913	23.848	-0.76293	-3.8895	16.319	-2.9996	-16.549	9.6987	3.1208	6.38	34.174	6.7646
-26.805	22.759	557.2	0.54829	1.0505	0.014879	0.54495	0.94486	0.10219	0.47634	0.87865	0.061903	0.57005	1.0382	0.5125	0.44005	1.0406	0.50771	0.56477	1.0877	0.059881	0.48326	1.1311	0.06366	0.52949	1.1135	0.90161	0.49212	0.95984	0.10893	0.54317	1.0445	0.50621	85.264	-5.634	-5.485	-56.75	24.231	-0.88511	-3.8633	16.303	-2.9672	-16.908	10.171	3.0581	8.4109	35.462	6.9334
-27.394	24.962	571.83	0.54822	1.0529	0.014884	0.54465	0.94522	0.10249	0.4762	0.87882	0.062275	0.56991	1.0422	0.51222	0.43993	1.0451	0.50727	0.56475	1.0878	0.059818	0.4833	1.1314	0.06345	0.5296	1.1219	0.90042	0.49195	0.96038	0.10926	0.54295	1.0489	0.50601	85.611	-5.4631	-5.5068	-59.65	24.606	-1.032	-3.8577	16.281	-2.9241	-17.271	10.62	2.9675	10.442	36.745	7.0537
-28.08	27.637	587.24	0.54809	1.0551	0.014889	0.54436	0.9456	0.10282	0.47606	0.87899	0.062701	0.56976	1.0463	0.51192	0.43981	1.0497	0.50682	0.56472	1.088	0.059756	0.48335	1.1317	0.063247	0.52973	1.1305	0.89915	0.49177	0.96095	0.10962	0.54274	1.0534	0.5058	85.964	-5.2926	-5.5392	-62.609	24.971	-1.2074	-3.8712	16.251	-2.8705	-17.648	11.04	2.8483	12.453	38.017	7.1156
-28.884	30.838	603.42	0.54792	1.0571	0.014893	0.54408	0.946	0.10319	0.47592	0.87917	0.063185	0.56963	1.0505	0.51163	0.43969	1.0545	0.50635	0.56469	1.0882	0.059694	0.4834	1.132	0.063053	0.52986	1.139	0.8978	0.49161	0.96155	0.11001	0.54253	1.058	0.50558	86.32	-5.1209	-5.5837	-65.623	25.325	-1.414	-3.9028	16.215	-2.8061	-18.043	11.423	2.699	14.436	39.26	7.1112
-29.83	34.594	620.32	0.5477	1.0588	0.014896	0.54382	0.94642	0.10359	0.47579	0.87936	0.063736	0.56949	1.0548	0.51133	0.43958	1.0593	0.50588	0.56465	1.0884	0.059627	0.48346	1.1322	0.062869	0.53	1.1477	0.89639	0.49146	0.96217	0.11044	0.54232	1.0627	0.50535	86.68	-4.9465	-5.6418	-68.689	25.665	-1.6529	-3.9517	16.172	-2.7306	-18.451	11.757	2.5181	16.393	40.451	7.0363
-30.951	38.911	637.85	0.54746	1.0604	0.014898	0.54358	0.94687	0.10403	0.47567	0.87955	0.064362	0.56936	1.0593	0.51102	0.43948	1.0643	0.50539	0.56461	1.0885	0.059554	0.48352	1.1325	0.062694	0.53016	1.1564	0.89492	0.49134	0.96282	0.11092	0.54212	1.0675	0.50511	87.043	-4.7678	-5.7147	-71.804	25.984	-1.923	-4.0175	16.124	-2.6436	-18.861	12.026	2.3041	18.342	41.558	6.8915
-32.27	43.769	655.9	0.5472	1.0619	0.0149	0.54338	0.94735	0.1045	0.47555	0.87974	0.065071	0.56924	1.0638	0.51072	0.43939	1.0695	0.50489	0.56455	1.0886	0.05947	0.48358	1.1327	0.062529	0.53032	1.1653	0.89339	0.49124	0.96349	0.11144	0.54195	1.0724	0.50487	87.408	-4.5828	-5.8038	-74.963	26.274	-2.221	-4.1004	16.071	-2.5446	-19.252	12.215	2.0557	20.312	42.55	6.6823
-33.804	49.128	674.3	0.54693	1.0632	0.014902	0.54321	0.94786	0.10501	0.47545	0.87994	0.065874	0.56914	1.0685	0.51042	0.43933	1.0747	0.50437	0.56449	1.0887	0.059372	0.48365	1.133	0.062373	0.53048	1.1742	0.89181	0.49117	0.96419	0.11201	0.54179	1.0775	0.50462	87.774	-4.3899	-5.9106	-78.161	26.524	-2.5414	-4.2011	16.013	-2.4328	-19.601	12.312	1.7725	22.334	43.403	6.4182
-35.556	54.944	692.89	0.54665	1.0645	0.014904	0.54309	0.94841	0.10556	0.47537	0.88016	0.066781	0.56906	1.0733	0.51011	0.43929	1.0802	0.50382	0.56442	1.0888	0.059256	0.48371	1.1332	0.062225	0.53065	1.1832	0.89019	0.49114	0.96492	0.11264	0.54166	1.0827	0.50437	88.142	-4.1872	-6.0359	-81.391	26.722	-2.8776	-4.3205	15.953	-2.3075	-19.88	12.309	1.4548	24.441	44.1	6.112
-37.512	61.165	711.48	0.54638	1.0657	0.014905	0.543	0.94899	0.10616	0.4753	0.88038	0.067803	0.569	1.0783	0.5098	0.43928	1.0857	0.50325	0.56434	1.0889	0.059117	0.48378	1.1333	0.062084	0.53082	1.1923	0.88853	0.49115	0.96569	0.11333	0.54156	1.0881	0.5041	88.509	-3.9725	-6.1808	-84.643	26.853	-3.2214	-4.4606	15.89	-2.168	-20.062	12.204	1.1037	26.663	44.636	5.7779
-39.643	67.741	729.89	0.5461	1.0668	0.014906	0.54297	0.94961	0.1068	0.47526	0.88063	0.068953	0.56897	1.0834	0.50948	0.4393	1.0915	0.50264	0.56425	1.0889	0.058953	0.48384	1.1335	0.061947	0.53098	1.2015	0.88684	0.4912	0.96649	0.11408	0.5415	1.0936	0.50382	88.875	-3.7442	-6.3459	-87.906	26.905	-3.5644	-4.6237	15.826	-2.0133	-20.115	12.001	0.71962	29.026	45.023	5.4303
-41.903	74.625	747.96	0.54583	1.0679	0.014907	0.54298	0.95028	0.10749	0.47525	0.8809	0.070245	0.56897	1.0886	0.50916	0.43937	1.0975	0.50198	0.56414	1.0888	0.058759	0.4839	1.1336	0.061814	0.53114	1.2109	0.88513	0.49131	0.96735	0.1149	0.54148	1.0993	0.50353	89.238	-3.5006	-6.5317	-91.163	26.866	-3.8983	-4.8127	15.762	-1.8422	-20.013	11.711	0.30326	31.547	45.282	5.0828
-44.229	81.778	765.48	0.54556	1.069	0.014908	0.54306	0.951	0.10824	0.47527	0.88121	0.071693	0.56901	1.094	0.50882	0.43948	1.1036	0.50128	0.56401	1.0888	0.058535	0.48395	1.1336	0.061681	0.53129	1.2204	0.8834	0.49146	0.96825	0.11579	0.54152	1.1051	0.50321	89.597	-3.2401	-6.7381	-94.394	26.721	-4.2149	-5.031	15.698	-1.654	-19.726	11.347	-0.14486	34.233	45.448	4.7465
-46.548	89.17	782.25	0.54527	1.0702	0.014909	0.54319	0.95178	0.10905	0.47532	0.88157	0.073314	0.5691	1.0997	0.50845	0.43965	1.11	0.50052	0.56387	1.0886	0.058277	0.48399	1.1336	0.061549	0.53142	1.23	0.88165	0.49168	0.96922	0.11676	0.54162	1.1112	0.50286	89.95	-2.9614	-6.9647	-97.569	26.456	-4.5066	-5.2828	15.636	-1.4475	-19.231	10.929	-0.62436	37.079	45.56	4.4296
-48.784	96.769	798.04	0.54498	1.0713	0.01491	0.54338	0.95263	0.10993	0.47541	0.88199	0.075124	0.56925	1.1055	0.50806	0.43989	1.1166	0.49968	0.56371	1.0884	0.057987	0.48403	1.1336	0.061413	0.53153	1.2397	0.8799	0.49195	0.97026	0.11782	0.54178	1.1175	0.50248	90.293	-2.6634	-7.2106	-100.65	26.059	-4.7662	-5.5725	15.576	-1.2214	-18.503	10.473	-1.1355	40.066	45.658	4.1371
-50.859	104.54	812.59	0.54467	1.0724	0.014911	0.54363	0.95356	0.11088	0.47554	0.88249	0.077143	0.56945	1.1116	0.50763	0.44019	1.1235	0.49877	0.56354	1.0881	0.057666	0.48406	1.1335	0.061273	0.53162	1.2496	0.87814	0.49228	0.97138	0.11896	0.54202	1.124	0.50205	90.625	-2.3455	-7.4745	-103.6	25.52	-4.9876	-5.9052	15.52	-0.97487	-17.519	9.9993	-1.6789	43.168	45.779	3.8713
-52.696	112.45	825.59	0.54433	1.0735	0.014912	0.54395	0.95459	0.11193	0.4757	0.88309	0.079389	0.56971	1.1179	0.50717	0.44058	1.1306	0.49776	0.56335	1.0878	0.057317	0.48407	1.1333	0.061128	0.53168	1.2596	0.87638	0.49268	0.97261	0.1202	0.54235	1.1308	0.50156	90.943	-2.0074	-7.7544	-106.36	24.829	-5.1649	-6.2866	15.466	-0.70648	-16.258	9.5248	-2.256	46.345	45.955	3.6319
-54.215	120.44	836.68	0.54398	1.0745	0.014912	0.54432	0.95573	0.11307	0.47591	0.88382	0.081882	0.57005	1.1245	0.50665	0.44105	1.1381	0.49665	0.56315	1.0874	0.056945	0.48408	1.1331	0.060975	0.5317	1.2697	0.87462	0.49313	0.97396	0.12154	0.54276	1.1379	0.50101	91.241	-1.6494	-8.0478	-108.87	23.981	-5.2936	-6.7223	15.417	-0.41514	-14.703	9.0679	-2.8688	49.548	46.214	3.4153
-55.341	128.44	845.51	0.5436	1.0756	0.014913	0.54476	0.957	0.11434	0.47616	0.88469	0.084644	0.57047	1.1314	0.50607	0.44162	1.1459	0.49542	0.56293	1.0869	0.056559	0.48408	1.1328	0.060815	0.53169	1.28	0.87288	0.49364	0.97544	0.12299	0.54326	1.1453	0.50039	91.515	-1.2722	-8.3514	-111.05	22.971	-5.371	-7.2184	15.371	-0.099711	-12.837	8.6455	-3.5211	52.719	46.573	3.2156
-56.014	136.37	851.65	0.54319	1.0767	0.014913	0.54525	0.95842	0.11573	0.47644	0.88575	0.087696	0.57098	1.1386	0.50542	0.44229	1.154	0.49407	0.56271	1.0864	0.056168	0.48407	1.1324	0.060648	0.53163	1.2904	0.87115	0.49421	0.97708	0.12456	0.54387	1.153	0.49967	91.759	-0.87713	-8.6615	-112.83	21.804	-5.3958	-7.7813	15.329	0.24105	-10.65	8.2721	-4.2175	55.799	47.039	3.0259
-56.188	144.09	854.72	0.54275	1.0777	0.014913	0.54579	0.96001	0.11727	0.47677	0.88703	0.091059	0.57158	1.1462	0.50469	0.44307	1.1626	0.49259	0.56248	1.0859	0.055785	0.48405	1.132	0.060475	0.53153	1.3009	0.86944	0.49482	0.9789	0.12625	0.54459	1.161	0.49887	91.969	-0.46605	-8.9736	-114.13	20.487	-5.3688	-8.4174	15.29	0.60822	-8.1335	7.9581	-4.9639	58.729	47.602	2.8393
-55.84	151.45	854.29	0.54229	1.0787	0.014913	0.54639	0.96181	0.11897	0.47713	0.88855	0.094755	0.57227	1.1542	0.50387	0.44396	1.1715	0.49096	0.56225	1.0853	0.055424	0.48402	1.1316	0.060298	0.53137	1.3115	0.86776	0.49547	0.98093	0.12808	0.54542	1.1695	0.49795	92.135	-0.041591	-9.2828	-114.86	19.037	-5.2915	-9.1326	15.251	1.0029	-5.2865	7.7118	-5.7654	61.451	48.234	2.6504
-54.963	158.28	849.97	0.54181	1.0797	0.014912	0.54703	0.96384	0.12086	0.47753	0.89037	0.098802	0.57306	1.1626	0.50297	0.44498	1.1808	0.4892	0.56203	1.0847	0.055103	0.484	1.1311	0.06012	0.53115	1.3222	0.8661	0.49617	0.9832	0.13006	0.54637	1.1783	0.49691	92.251	0.39297	-9.5836	-114.95	17.476	-5.1664	-9.9332	15.213	1.4262	-2.1184	7.5381	-6.6256	63.908	48.897	2.4561
-53.572	164.37	841.38	0.54132	1.0807	0.014912	0.5477	0.96613	0.12296	0.47795	0.89253	0.10322	0.57395	1.1714	0.50196	0.44611	1.1905	0.48728	0.56182	1.0841	0.054842	0.48397	1.1306	0.059945	0.53087	1.333	0.86448	0.49688	0.98574	0.13219	0.54743	1.1876	0.49575	92.307	0.83375	-9.8699	-114.31	15.834	-4.9972	-10.825	15.172	1.8789	1.3479	7.4388	-7.5449	66.041	49.534	2.2555
-51.69	169.5	828.16	0.54084	1.0817	0.014911	0.54841	0.96871	0.12528	0.47839	0.89506	0.10803	0.57495	1.1806	0.50086	0.44737	1.2008	0.48522	0.56162	1.0835	0.054662	0.48396	1.1302	0.059779	0.53053	1.3439	0.86289	0.49762	0.98857	0.1345	0.54862	1.1973	0.49446	92.295	1.2761	-10.136	-112.88	14.145	-4.7886	-11.812	15.125	2.3619	5.072	7.4144	-8.5207	67.794	50.083	2.0493
-49.354	173.41	809.99	0.54035	1.0828	0.014911	0.54914	0.97163	0.12785	0.47885	0.89802	0.11323	0.57605	1.1903	0.49964	0.44875	1.2114	0.483	0.56145	1.083	0.054586	0.48396	1.1298	0.059629	0.53012	1.3549	0.86135	0.49836	0.99173	0.13699	0.54992	1.2074	0.49304	92.203	1.7147	-10.374	-110.59	12.448	-4.5468	-12.9	15.071	2.8754	8.9922	7.4621	-9.5449	69.109	50.472	1.839
-46.617	175.85	786.62	0.53988	1.0838	0.014911	0.54989	0.97491	0.13069	0.47932	0.90146	0.11885	0.57725	1.2006	0.49832	0.45025	1.2226	0.48065	0.56131	1.0827	0.054641	0.48398	1.1295	0.059504	0.52965	1.366	0.85986	0.4991	0.99526	0.13967	0.55134	1.2181	0.49147	92.023	2.1434	-10.579	-107.41	10.782	-4.2787	-14.091	15.004	3.4195	13.026	7.5742	-10.603	69.93	50.626	1.629
-43.547	176.57	757.92	0.53943	1.085	0.014911	0.55064	0.97859	0.13382	0.47978	0.90541	0.12489	0.57855	1.2113	0.4969	0.45188	1.2343	0.47816	0.56121	1.0824	0.05485	0.48403	1.1292	0.059411	0.5291	1.3771	0.85843	0.49983	0.9992	0.14257	0.55288	1.2292	0.48978	91.742	2.5556	-10.744	-103.3	9.1871	-3.9902	-15.388	14.922	3.9942	17.073	7.7376	-11.673	70.212	50.46	1.4278
-40.229	175.33	723.86	0.53901	1.0863	0.014912	0.5514	0.98273	0.13725	0.48023	0.90992	0.13135	0.57994	1.2226	0.49538	0.45361	1.2465	0.47555	0.56117	1.0824	0.05524	0.48411	1.1292	0.059363	0.52848	1.3882	0.85706	0.50052	1.0036	0.14568	0.55452	1.2408	0.48795	91.352	2.9439	-10.863	-98.286	7.7023	-3.6865	-16.792	14.819	4.5984	21.012	7.9328	-12.722	69.918	49.894	1.2481
-36.756	171.96	684.58	0.53863	1.0877	0.014913	0.55214	0.98734	0.141	0.48067	0.91504	0.13822	0.58142	1.2344	0.49378	0.45545	1.2593	0.47283	0.56118	1.0826	0.055837	0.48425	1.1294	0.059372	0.5278	1.3993	0.85577	0.50119	1.0084	0.14903	0.55626	1.253	0.48599	90.841	3.3003	-10.931	-92.391	6.3588	-3.3716	-18.303	14.692	5.2308	24.711	8.1342	-13.709	69.024	48.853	1.106
-33.23	166.31	640.45	0.53829	1.0893	0.014915	0.55286	0.99247	0.14508	0.48107	0.92081	0.14551	0.58298	1.2468	0.49209	0.45738	1.2726	0.47002	0.56125	1.0832	0.056666	0.48443	1.1298	0.059449	0.52706	1.4105	0.85455	0.5018	1.0138	0.15262	0.5581	1.2657	0.48393	90.204	3.6165	-10.945	-85.696	5.1802	-3.0487	-19.917	14.536	5.8894	28.03	8.3113	-14.588	67.524	47.277	1.02
-29.755	158.36	592.03	0.538	1.0912	0.014918	0.55356	0.99816	0.14949	0.48142	0.92726	0.15318	0.58461	1.2598	0.49034	0.45939	1.2864	0.46714	0.56141	1.084	0.057748	0.48469	1.1305	0.059608	0.52625	1.4216	0.85342	0.50236	1.0197	0.15646	0.56001	1.2788	0.48177	89.434	3.8841	-10.901	-78.316	4.1802	-2.7212	-21.633	14.346	6.5713	30.831	8.4305	-15.305	65.426	45.127	1.0072
-26.434	148.23	540.15	0.53778	1.0934	0.014922	0.55421	1.0044	0.15425	0.48173	0.93444	0.16123	0.5863	1.2733	0.48854	0.46147	1.3008	0.46422	0.56164	1.0853	0.059104	0.48501	1.1316	0.059864	0.52538	1.4327	0.85238	0.50286	1.0262	0.16056	0.56199	1.2926	0.47953	88.529	4.0944	-10.801	-70.412	3.3609	-2.3933	-23.443	14.119	7.2729	32.984	8.4558	-15.806	62.752	42.396	1.0814
-23.356	136.15	485.86	0.53764	1.0959	0.014927	0.55483	1.0113	0.15934	0.48198	0.94236	0.16962	0.58802	1.2874	0.48671	0.4636	1.3157	0.46129	0.56197	1.0871	0.060752	0.48542	1.1331	0.060228	0.52446	1.4438	0.85145	0.50328	1.0334	0.16491	0.56403	1.3068	0.47724	87.493	4.2398	-10.645	-62.181	2.7139	-2.0692	-25.342	13.849	7.9897	34.387	8.3566	-16.041	59.536	39.112	1.2478
-20.583	122.52	430.36	0.5376	1.0988	0.014934	0.55539	1.0189	0.16477	0.48215	0.95104	0.17832	0.58978	1.3021	0.48488	0.46577	1.3312	0.45837	0.56239	1.0894	0.062703	0.48592	1.1352	0.060715	0.5235	1.4548	0.85062	0.50364	1.0412	0.16952	0.56611	1.3215	0.47492	86.332	4.3133	-10.439	-53.847	2.2214	-1.7535	-27.319	13.536	8.7167	34.966	8.112	-15.971	55.826	35.351	1.501
-18.146	107.83	374.99	0.53768	1.1022	0.014943	0.55589	1.0271	0.17051	0.48225	0.96051	0.18728	0.59154	1.3173	0.48307	0.46796	1.3472	0.45549	0.5629	1.0923	0.064966	0.48652	1.1377	0.061336	0.5225	1.4657	0.84992	0.50391	1.0496	0.17438	0.5682	1.3367	0.47259	85.06	4.3097	-10.189	-45.646	1.8568	-1.4513	-29.365	13.175	9.4477	34.693	7.7126	-15.571	51.679	31.225	1.8222
-16.04	92.688	321.01	0.5379	1.1061	0.014954	0.55633	1.036	0.17655	0.48226	0.97077	0.19646	0.5933	1.333	0.48131	0.47015	1.3637	0.4527	0.56352	1.0959	0.067544	0.48722	1.1409	0.062102	0.52147	1.4766	0.84935	0.50411	1.0588	0.17947	0.5703	1.3524	0.4703	83.697	4.2261	-9.9048	-37.805	1.5882	-1.1699	-31.468	12.765	10.176	33.577	7.1608	-14.837	47.148	26.877	2.1756
-14.22	77.685	269.59	0.5383	1.1105	0.014967	0.55671	1.0457	0.18287	0.48219	0.98182	0.20581	0.59505	1.3492	0.47962	0.47232	1.3806	0.45003	0.56424	1.1003	0.070433	0.48802	1.1448	0.063022	0.52042	1.4874	0.84892	0.50423	1.0687	0.18477	0.57239	1.3685	0.46807	82.267	4.0623	-9.5983	-30.525	1.3833	-0.91777	-33.615	12.307	10.896	31.671	6.472	-13.785	42.294	22.473	2.5131
-12.617	63.386	221.69	0.53887	1.1154	0.014983	0.55701	1.056	0.18942	0.48202	0.99366	0.21526	0.59675	1.3659	0.47804	0.47445	1.3981	0.44751	0.56506	1.1054	0.073626	0.48892	1.1495	0.064103	0.51936	1.4981	0.84863	0.50428	1.0793	0.19027	0.57446	1.385	0.46593	80.799	3.8213	-9.2822	-23.97	1.213	-0.70222	-35.791	11.8	11.598	29.061	5.6734	-12.453	37.18	18.179	2.7805
-11.148	50.255	178.02	0.53964	1.121	0.015001	0.55724	1.0671	0.19617	0.48175	1.0063	0.22476	0.5984	1.383	0.47659	0.47652	1.416	0.44518	0.56598	1.1113	0.077107	0.48994	1.1549	0.065348	0.5183	1.5087	0.84849	0.50424	1.0907	0.19593	0.57647	1.402	0.46392	79.325	3.509	-8.9694	-18.245	1.0534	-0.52739	-37.982	11.247	12.277	25.853	4.7993	-10.892	31.871	14.151	2.9243
-9.7383	38.608	139.02	0.5406	1.1272	0.015023	0.5574	1.0789	0.20308	0.48139	1.0196	0.23422	0.59997	1.4006	0.4753	0.47852	1.4343	0.44307	0.56698	1.1181	0.080854	0.49105	1.1612	0.066758	0.51726	1.5192	0.8485	0.50414	1.1028	0.20172	0.57841	1.4193	0.46208	77.875	3.1344	-8.6723	-13.428	0.88759	-0.39873	-40.173	10.651	12.924	22.243	3.8865	-9.1842	26.517	10.512	2.9227
-8.3412	28.602	104.9	0.54174	1.1343	0.015047	0.55749	1.0914	0.2101	0.48094	1.0337	0.24359	0.60147	1.4185	0.47421	0.48042	1.453	0.44123	0.56807	1.1259	0.084838	0.49226	1.1685	0.068331	0.51623	1.5296	0.84868	0.50397	1.1156	0.2076	0.58027	1.4369	0.46043	76.482	2.7086	-8.4013	-9.4881	0.70746	-0.30931	-42.348	10.017	13.533	18.294	2.9699	-7.3774	21.149	7.3439	2.7394
-6.9465	20.247	75.696	0.54309	1.1429	0.015076	0.55751	1.1046	0.21717	0.4804	1.0485	0.25279	0.60286	1.4368	0.47333	0.48221	1.472	0.43969	0.56924	1.1346	0.089026	0.49356	1.1766	0.070059	0.51523	1.5399	0.84903	0.50374	1.1292	0.21353	0.58204	1.4549	0.45901	75.171	2.244	-8.1639	-6.3843	0.51133	-0.25602	-44.494	9.35	14.098	14.183	2.0824	-5.5508	15.921	4.6873	2.3889
-5.5803	13.441	51.364	0.54469	1.1541	0.015114	0.55746	1.1185	0.22424	0.47978	1.0639	0.26175	0.60414	1.4554	0.47269	0.48387	1.4913	0.43847	0.57047	1.1443	0.093377	0.49493	1.1858	0.071932	0.51428	1.55	0.84953	0.50345	1.1435	0.21945	0.58369	1.4731	0.45784	73.965	1.7536	-7.9649	-4.3294	0.29692	-0.28188	-46.595	8.6571	14.613	10.849	1.2599	-4.0061	11.749	2.5542	2.1007
-4.2877	8.0409	31.739	0.54676	1.1714	0.015169	0.55735	1.1331	0.23124	0.47909	1.0799	0.27039	0.6053	1.4742	0.47232	0.4854	1.5108	0.4376	0.57176	1.155	0.097846	0.49637	1.196	0.073936	0.51338	1.5601	0.85021	0.50311	1.1584	0.22531	0.58522	1.4915	0.45696	72.88	1.2499	-7.8057	-2.1705	0.10746	-0.20107	-48.639	7.9454	15.074	5.8156	0.52549	-2.0466	6.2011	0.89845	1.258
0	0	0	NaN	NaN	NaN	0.55719	1.1483	0.23811	0.47834	1.0965	0.27865	0.60633	1.4932	0.47223	0.48677	1.5306	0.43712	0.57308	1.1667	0.10238	0.49785	1.2073	0.076053	0.51254	1.57	0.85105	0.50273	1.1741	0.23107	0.58661	1.5101	0.45638	71.927	0.74439	-7.6848	0.027701	0.001993	0.004236	-50.613	7.2233	15.477	-0.00185	0.037923	-0.039263	0.18797	-0.09788	0.042249
