0.90533	9.185	81.513	0.54494	0.78989	0.013412	0.57777	0.79425	0.10847	0.50481	0.76518	0.038178	0.5891	0.63577	0.50143	0.46181	0.65034	0.49623	0.61876	0.93249	0.13091	0.54978	0.9616	0.16753	0.53074	0.48709	0.85681	0.53382	0.79423	0.12484	0.52786	0.64346	0.49332	79.5	-4.2759	-22.233	-0.20317	0.64974	-0.75248	-1.6454	-2.932	-8.8903	-16.354	0.23041	-1.6254	-32.762	1.9997	0.023597
1.3825	5.2579	122.81	0.54562	0.80353	0.013503	0.57696	0.80086	0.10633	0.50475	0.77006	0.037397	0.58889	0.64637	0.50027	0.46149	0.65975	0.49464	0.6161	0.94014	0.1271	0.54659	0.96889	0.16297	0.5312	0.49868	0.85575	0.53294	0.8007	0.12202	0.52753	0.65349	0.49211	79.002	-4.443	-22.041	-0.277	1.2766	-0.97748	-1.9715	-2.9229	-8.5917	-20.687	1.1472	-2.1016	-41.94	2.9984	0.32631
1.9485	-1.242	172.54	0.54581	0.81337	0.013568	0.57605	0.80657	0.1041	0.50463	0.77375	0.036811	0.58871	0.65703	0.49926	0.46121	0.66923	0.49318	0.61337	0.94691	0.12256	0.54332	0.97553	0.15746	0.53176	0.51045	0.85485	0.53199	0.80646	0.11907	0.52722	0.66361	0.49107	78.32	-4.6723	-21.72	-0.18067	2.1442	-1.2316	-2.3936	-2.9051	-8.3016	-24.924	2.3846	-2.6159	-51.492	4.1492	0.72094
2.5776	-10.873	230.07	0.54578	0.82134	0.01362	0.57504	0.81155	0.10188	0.50445	0.77651	0.036458	0.58856	0.6677	0.4984	0.46098	0.67871	0.49186	0.61063	0.95294	0.11746	0.54005	0.98164	0.15119	0.53243	0.52236	0.85413	0.53101	0.81173	0.11611	0.52693	0.67374	0.49019	77.459	-4.9819	-21.276	0.057139	3.2857	-1.4683	-2.8693	-2.8778	-8.0071	-28.169	3.9951	-3.084	-59.717	5.3662	1.2323
3.2048	-23.947	294.17	0.54566	0.82829	0.013665	0.57398	0.81596	0.099765	0.50423	0.77856	0.036356	0.58844	0.67835	0.49769	0.46079	0.68817	0.49068	0.60794	0.95834	0.11199	0.53685	0.98732	0.14436	0.53321	0.53436	0.8536	0.52998	0.81668	0.11327	0.52665	0.68384	0.48947	76.436	-5.3882	-20.727	0.4452	4.7118	-1.6726	-3.3669	-2.8396	-7.6925	-30.251	5.8969	-3.4906	-66.361	6.5549	1.8133
3.701	-40.332	363.28	0.54556	0.8346	0.013706	0.5729	0.81995	0.097832	0.504	0.78009	0.036508	0.58835	0.68896	0.49715	0.46064	0.69759	0.48967	0.60535	0.9632	0.1063	0.53379	0.99264	0.13718	0.53407	0.54639	0.85328	0.52892	0.82145	0.11063	0.52641	0.6939	0.4889	75.284	-5.9025	-20.106	0.95329	6.424	-1.8128	-3.8703	-2.789	-7.343	-30.816	7.9943	-3.7952	-70.757	7.5696	2.3968
3.8563	-59.407	435.81	0.54557	0.84041	0.013744	0.57183	0.82361	0.09614	0.50377	0.78126	0.036893	0.58828	0.69955	0.49682	0.46053	0.70696	0.48886	0.60292	0.96759	0.10055	0.53093	0.99762	0.12984	0.53501	0.5584	0.85318	0.52783	0.8261	0.10826	0.52618	0.70389	0.48851	74.054	-6.5286	-19.457	1.549	8.4094	-1.8707	-4.3817	-2.726	-6.9475	-29.833	10.131	-3.9854	-72.879	8.2324	2.8656
3.3909	-80.254	510.22	0.54575	0.84578	0.01378	0.57081	0.82699	0.094717	0.50357	0.78217	0.037474	0.58825	0.71014	0.49672	0.46045	0.71631	0.48829	0.60068	0.97156	0.094898	0.52831	1.0023	0.12255	0.53602	0.57031	0.85331	0.52674	0.83064	0.1062	0.526	0.71384	0.48832	72.812	-7.2617	-18.826	2.1951	10.64	-1.8376	-4.9179	-2.6529	-6.5027	-27.392	12.12	-4.0609	-72.979	8.3331	3.073
2.0178	-101.91	584.78	0.54613	0.85075	0.013814	0.56986	0.83012	0.093568	0.5034	0.7829	0.038203	0.58823	0.72078	0.49687	0.46041	0.72565	0.488	0.59866	0.97512	0.089473	0.52596	1.0065	0.11549	0.53709	0.58209	0.85366	0.52569	0.83501	0.10446	0.52585	0.72379	0.48835	71.625	-8.0875	-18.255	2.8438	13.069	-1.7103	-5.5043	-2.5742	-6.014	-23.604	13.769	-4.0217	-71.352	7.6554	2.8713
-0.47691	-123.51	657.6	0.54672	0.85538	0.013846	0.56902	0.83301	0.092681	0.50328	0.78351	0.039027	0.58824	0.73147	0.49727	0.4604	0.73501	0.48802	0.59688	0.97829	0.084387	0.52389	1.0104	0.10879	0.5382	0.59368	0.85423	0.52471	0.83913	0.10302	0.52576	0.73375	0.48862	70.559	-8.9827	-17.769	3.4332	15.634	-1.4878	-6.1665	-2.4956	-5.4961	-18.57	14.91	-3.8614	-68.254	6.0188	2.144
-4.18	-144.37	726.92	0.54749	0.85974	0.013876	0.56828	0.83566	0.092033	0.5032	0.78404	0.039897	0.58826	0.74223	0.49791	0.46041	0.74438	0.48837	0.59534	0.98108	0.079728	0.52211	1.0138	0.10258	0.53935	0.60506	0.85499	0.52384	0.84293	0.10186	0.52573	0.74373	0.48914	69.662	-9.9171	-17.377	3.8881	18.268	-1.1682	-6.9194	-2.422	-4.969	-12.418	15.428	-3.5631	-63.904	3.3265	0.83483
-9.033	-163.92	791.5	0.5484	0.86386	0.013906	0.56764	0.83807	0.091596	0.50317	0.78451	0.040771	0.58831	0.75299	0.49876	0.46046	0.75377	0.48903	0.59403	0.98351	0.075558	0.5206	1.0168	0.096942	0.54051	0.61621	0.85594	0.5231	0.84637	0.10097	0.52575	0.75373	0.48989	68.966	-10.858	-17.07	4.1339	20.912	-0.75386	-7.762	-2.3561	-4.4536	-5.3571	15.28	-3.1084	-58.584	-0.41098	-1.0442
-14.842	-181.71	850.81	0.54941	0.86776	0.013934	0.56711	0.84024	0.091339	0.50316	0.78492	0.041612	0.58838	0.76369	0.49975	0.46053	0.76311	0.48997	0.59293	0.98559	0.07191	0.51933	1.0194	0.091913	0.54169	0.62715	0.85704	0.5225	0.84941	0.10031	0.52585	0.76368	0.49084	68.484	-11.773	-16.828	4.1089	23.524	-0.25518	-8.6767	-2.2983	-3.968	2.3233	14.497	-2.4868	-52.636	-5.0759	-3.4172
-21.313	-197.39	904.9	0.55046	0.87142	0.013961	0.56667	0.84218	0.091228	0.50318	0.7853	0.042395	0.58849	0.77419	0.50083	0.46065	0.77236	0.49113	0.59202	0.98735	0.068788	0.51828	1.0215	0.087505	0.54288	0.63788	0.85827	0.52202	0.85207	0.099841	0.52601	0.77352	0.49192	68.213	-12.632	-16.628	3.7733	26.077	0.30852	-9.6324	-2.2474	-3.5253	10.298	13.182	-1.7023	-46.412	-10.46	-6.1557
-28.099	-210.77	954.13	0.55151	0.87482	0.013987	0.5663	0.8439	0.091233	0.50322	0.78563	0.0431	0.58865	0.78438	0.50192	0.46082	0.78143	0.49241	0.59128	0.98882	0.066175	0.51741	1.0233	0.083699	0.54407	0.64845	0.8596	0.52165	0.85438	0.099542	0.52624	0.78314	0.49309	68.14	-13.413	-16.441	3.1162	28.552	0.91288	-10.59	-2.2019	-3.1344	18.263	11.484	-0.77687	-40.197	-16.299	-9.0977
-34.83	-221.69	998.92	0.55249	0.87794	0.01401	0.566	0.8454	0.091325	0.50327	0.78593	0.043719	0.58886	0.79415	0.50298	0.46103	0.79023	0.49376	0.59068	0.99003	0.064036	0.5167	1.0248	0.080458	0.54525	0.65887	0.861	0.52136	0.85637	0.099372	0.52653	0.79245	0.49425	68.243	-14.097	-16.247	2.1541	30.934	1.534	-11.511	-2.1606	-2.8017	25.959	9.5812	0.25203	-34.199	-22.302	-12.064
-41.139	-230.01	1039.5	0.55337	0.88073	0.014031	0.56574	0.84671	0.09148	0.50332	0.7862	0.044248	0.58913	0.8034	0.50395	0.4613	0.79869	0.49507	0.5902	0.99101	0.062325	0.51611	1.0259	0.077729	0.54643	0.6692	0.86245	0.52111	0.85809	0.099293	0.52687	0.80136	0.49536	68.496	-14.671	-16.029	0.9264	33.197	2.1512	-12.357	-2.1233	-2.5331	33.177	7.6551	1.3343	-28.539	-28.172	-14.872
-46.675	-235.63	1075.5	0.55412	0.88318	0.014049	0.56551	0.84783	0.091675	0.50336	0.78643	0.044689	0.58943	0.81207	0.50479	0.4616	0.80675	0.49629	0.58982	0.99179	0.060989	0.51563	1.0268	0.075454	0.54758	0.67945	0.86394	0.52088	0.85957	0.099273	0.52724	0.8098	0.49636	68.874	-15.128	-15.779	-0.51252	35.303	2.7476	-13.101	-2.0898	-2.3359	39.759	5.8743	2.4123	-23.252	-33.615	-17.352
-51.15	-238.46	1106.4	0.55472	0.88528	0.014064	0.56531	0.84879	0.091895	0.5034	0.78663	0.045049	0.58976	0.82015	0.5055	0.46193	0.81435	0.49736	0.58951	0.9924	0.059975	0.51522	1.0275	0.073575	0.54871	0.68963	0.86547	0.52064	0.86086	0.099285	0.52761	0.81771	0.49721	69.347	-15.469	-15.494	-2.103	37.2	3.3106	-13.722	-2.0598	-2.2179	45.591	4.3681	3.4301	-18.29	-38.373	-19.372
-54.383	-238.51	1131.2	0.55517	0.88707	0.014077	0.56512	0.84959	0.092124	0.50343	0.7868	0.045339	0.59009	0.82765	0.50607	0.46226	0.82148	0.49826	0.58925	0.99289	0.059226	0.51487	1.028	0.072033	0.5498	0.69976	0.86701	0.52038	0.86198	0.09931	0.52797	0.8251	0.4979	69.889	-15.698	-15.18	-3.7868	38.832	3.8301	-14.212	-2.0316	-2.1857	50.59	3.2081	4.3418	-13.567	-42.261	-20.857
-56.338	-235.89	1148.8	0.55548	0.88857	0.014088	0.56494	0.85027	0.092352	0.50344	0.78694	0.045571	0.5904	0.83461	0.5065	0.46256	0.82813	0.49898	0.58904	0.99325	0.058694	0.51457	1.0283	0.070777	0.55084	0.70983	0.86858	0.52008	0.86296	0.09934	0.52828	0.83196	0.49844	70.478	-15.824	-14.845	-5.511	40.149	4.297	-14.57	-2.0033	-2.2419	54.697	2.4059	5.1167	-9.0002	-45.183	-21.792
-57.111	-230.78	1158.4	0.5557	0.88983	0.014097	0.56478	0.85083	0.092574	0.50345	0.78706	0.045756	0.59067	0.8411	0.50683	0.46283	0.83432	0.49953	0.58885	0.99354	0.058331	0.51431	1.0286	0.06976	0.55181	0.71983	0.87018	0.51976	0.86381	0.099373	0.52854	0.83832	0.49884	71.093	-15.861	-14.499	-7.2292	41.113	4.7026	-14.805	-1.9731	-2.3818	57.866	1.9223	5.7397	-4.5569	-47.135	-22.218
-56.884	-223.47	1159.7	0.55585	0.89091	0.014104	0.56462	0.85129	0.092783	0.50345	0.78716	0.045908	0.59089	0.84714	0.50706	0.46306	0.84006	0.49994	0.58869	0.99375	0.058097	0.51409	1.0287	0.068941	0.55271	0.72975	0.87181	0.51941	0.86455	0.099417	0.52873	0.84423	0.49916	71.716	-15.825	-14.154	-8.9037	41.71	5.039	-14.928	-1.94	-2.5913	60.08	1.6941	6.2081	-0.25656	-48.183	-22.205
-55.878	-214.29	1152.7	0.55597	0.89186	0.014111	0.56449	0.85168	0.092979	0.50345	0.78723	0.046036	0.59106	0.85279	0.50723	0.46324	0.84541	0.50023	0.58855	0.99391	0.057954	0.51389	1.0288	0.068283	0.55353	0.73957	0.87346	0.51906	0.86518	0.099478	0.52887	0.84971	0.4994	72.336	-15.733	-13.823	-10.506	41.948	5.3004	-14.953	-1.9048	-2.8486	61.344	1.6597	6.5261	3.845	-48.428	-21.831
-54.316	-203.65	1137.9	0.5561	0.89274	0.014117	0.56437	0.852	0.093158	0.50344	0.7873	0.046152	0.59119	0.85808	0.50736	0.46338	0.85039	0.50043	0.58843	0.99403	0.057874	0.51372	1.0289	0.067755	0.55425	0.7493	0.87515	0.51871	0.8657	0.099566	0.52895	0.85481	0.49962	72.94	-15.601	-13.515	-12.017	41.856	5.4829	-14.894	-1.8695	-3.126	61.693	1.7642	6.7023	7.6748	-47.995	-21.178
-52.426	-191.93	1116	0.55626	0.89359	0.014123	0.56428	0.85227	0.093322	0.50343	0.78735	0.046263	0.59129	0.86302	0.50747	0.4635	0.85506	0.50059	0.58833	0.99413	0.057832	0.51358	1.0289	0.067328	0.55486	0.75892	0.87687	0.5184	0.86613	0.099688	0.52899	0.85956	0.49983	73.518	-15.445	-13.237	-13.425	41.474	5.5839	-14.759	-1.8371	-3.3937	61.18	1.9569	6.7489	11.16	-47.036	-20.326
-50.428	-179.5	1088.1	0.55648	0.89446	0.014129	0.5642	0.8525	0.093469	0.50342	0.78739	0.046377	0.59139	0.86761	0.50757	0.46361	0.85946	0.50073	0.58825	0.9942	0.057808	0.51347	1.029	0.066981	0.55537	0.76845	0.87861	0.51813	0.86648	0.099844	0.52902	0.86399	0.50006	74.064	-15.278	-12.995	-14.726	40.854	5.6019	-14.557	-1.8109	-3.6238	59.875	2.1894	6.6808	14.241	-45.717	-19.353
-48.508	-166.7	1055.1	0.55679	0.89538	0.014136	0.56415	0.85271	0.093604	0.50341	0.78743	0.0465	0.5915	0.87186	0.50767	0.46373	0.8636	0.50086	0.58819	0.99427	0.057789	0.51338	1.029	0.066694	0.55578	0.77787	0.88037	0.51793	0.86676	0.10003	0.52906	0.86811	0.50031	74.57	-15.112	-12.791	-15.927	40.049	5.5373	-14.29	-1.7934	-3.7942	57.862	2.4198	6.5132	16.88	-44.194	-18.327
-46.808	-153.83	1018.3	0.55722	0.89639	0.014144	0.56411	0.8529	0.093729	0.50339	0.78747	0.046635	0.59164	0.87579	0.50778	0.46386	0.86753	0.50101	0.58815	0.99433	0.057762	0.51333	1.029	0.066452	0.55608	0.78721	0.88215	0.51779	0.86698	0.10026	0.52912	0.87195	0.50058	75.032	-14.951	-12.625	-17.038	39.113	5.3927	-13.96	-1.7858	-3.8908	55.233	2.614	6.261	19.06	-42.602	-17.301
-45.416	-141.13	978.61	0.55778	0.89752	0.014153	0.56409	0.85308	0.093849	0.50338	0.78752	0.046785	0.59181	0.87939	0.50791	0.46402	0.87125	0.50118	0.58813	0.99439	0.057723	0.5133	1.0291	0.066243	0.55628	0.79647	0.88394	0.51772	0.86717	0.1005	0.52921	0.87552	0.50088	75.448	-14.8	-12.494	-18.078	38.094	5.1737	-13.568	-1.7877	-3.9091	52.092	2.7464	5.9379	20.78	-41.044	-16.313
-44.367	-128.81	937.19	0.55848	0.8988	0.014163	0.56409	0.85326	0.093967	0.50336	0.78756	0.046951	0.59202	0.88269	0.50805	0.46422	0.87479	0.50136	0.58814	0.99445	0.057667	0.51329	1.0291	0.066057	0.5564	0.80564	0.88573	0.51772	0.86734	0.10077	0.52935	0.87884	0.5012	75.816	-14.658	-12.393	-19.063	37.031	4.8881	-13.115	-1.7968	-3.8537	48.542	2.8009	5.556	22.053	-39.584	-15.387
-43.647	-117	894.95	0.55932	0.90025	0.014175	0.5641	0.85344	0.094088	0.50333	0.78762	0.047133	0.59228	0.8857	0.50821	0.46445	0.87814	0.50155	0.58816	0.99451	0.057593	0.51332	1.0292	0.065886	0.55644	0.81474	0.88751	0.51778	0.8675	0.10105	0.52954	0.88192	0.50154	76.139	-14.522	-12.318	-20.014	35.954	4.5453	-12.605	-1.8099	-3.7375	44.688	2.7741	5.1249	22.897	-38.25	-14.531
-43.197	-105.81	852.74	0.56029	0.90191	0.014189	0.56412	0.85363	0.094214	0.50331	0.78768	0.04733	0.59257	0.88846	0.50838	0.46472	0.88132	0.50175	0.58819	0.99458	0.057503	0.51336	1.0292	0.065724	0.55641	0.82376	0.88927	0.51789	0.86765	0.10134	0.52978	0.88479	0.5019	76.419	-14.385	-12.264	-20.949	34.886	4.1556	-12.043	-1.8235	-3.5786	40.632	2.6755	4.6523	23.337	-37.037	-13.747
-42.932	-95.294	811.31	0.56139	0.90377	0.014204	0.56414	0.85382	0.094345	0.50328	0.78774	0.047542	0.5929	0.89099	0.50856	0.46503	0.88433	0.50195	0.58824	0.99465	0.0574	0.51342	1.0293	0.065566	0.55633	0.83269	0.89101	0.51806	0.8678	0.10165	0.53006	0.88747	0.50226	76.661	-14.243	-12.223	-21.886	33.845	3.7302	-11.435	-1.8339	-3.3985	36.463	2.5255	4.1449	23.405	-35.914	-13.026
-42.76	-85.48	771.3	0.56258	0.90587	0.014221	0.56416	0.85402	0.094482	0.50325	0.78781	0.047767	0.59326	0.89333	0.50875	0.46536	0.88716	0.50214	0.5883	0.99472	0.057285	0.5135	1.0294	0.065408	0.55622	0.84154	0.89271	0.51825	0.86795	0.10197	0.53036	0.88997	0.50263	76.872	-14.088	-12.191	-22.842	32.842	3.2803	-10.79	-1.8382	-3.2182	32.263	2.3526	3.6091	23.134	-34.84	-12.36
-42.594	-76.375	733.27	0.56385	0.90819	0.01424	0.56417	0.85422	0.094624	0.50322	0.78789	0.048004	0.59363	0.89551	0.50894	0.46571	0.88984	0.50231	0.58836	0.9948	0.057162	0.51358	1.0295	0.065247	0.55607	0.85032	0.89435	0.51847	0.86811	0.1023	0.53068	0.89232	0.50301	77.055	-13.917	-12.163	-23.831	31.889	2.8161	-10.115	-1.8344	-3.0563	28.098	2.1871	3.0521	22.566	-33.774	-11.74
-42.37	-67.966	697.7	0.56517	0.91076	0.014261	0.56416	0.85443	0.09477	0.50318	0.78797	0.048252	0.59401	0.89755	0.50914	0.46607	0.89237	0.50246	0.58843	0.99489	0.057033	0.51367	1.0296	0.065082	0.55592	0.85902	0.89593	0.51871	0.86826	0.10266	0.53101	0.89455	0.5034	77.218	-13.726	-12.134	-24.865	30.996	2.3465	-9.4191	-1.8217	-2.9272	24.021	2.056	2.4819	21.743	-32.682	-11.159
-42.049	-60.23	664.96	0.56651	0.91357	0.014283	0.56412	0.85465	0.094918	0.50313	0.78806	0.04851	0.59439	0.89951	0.50935	0.46643	0.89476	0.50258	0.58849	0.99498	0.056901	0.51376	1.0297	0.064909	0.55576	0.86766	0.89743	0.51894	0.86842	0.10302	0.53134	0.89667	0.50379	77.365	-13.515	-12.102	-25.958	30.171	1.8785	-8.7105	-1.8	-2.8398	20.071	1.9806	1.9064	20.713	-31.55	-10.615
-41.621	-53.136	635.38	0.56784	0.91661	0.014307	0.56407	0.85487	0.095068	0.50308	0.78815	0.04878	0.59476	0.9014	0.50955	0.46679	0.89705	0.50268	0.58856	0.99507	0.056766	0.51385	1.0298	0.064727	0.55561	0.87624	0.89882	0.51918	0.86858	0.1034	0.53165	0.89873	0.50417	77.5	-13.285	-12.067	-27.122	29.425	1.4168	-7.9967	-1.7703	-2.7977	16.275	1.9747	1.3331	19.529	-30.378	-10.109
-41.103	-46.65	609.15	0.56915	0.91987	0.014332	0.56399	0.8551	0.095219	0.50303	0.78825	0.049059	0.59511	0.90327	0.50976	0.46714	0.89926	0.50275	0.58861	0.99517	0.056629	0.51394	1.0299	0.064534	0.55547	0.88479	0.9001	0.5194	0.86875	0.10379	0.53194	0.90076	0.50456	77.628	-13.04	-12.027	-28.372	28.768	0.96449	-7.2851	-1.734	-2.8003	12.651	2.0432	0.76929	18.246	-29.181	-9.646
-40.531	-40.743	586.45	0.57041	0.92333	0.014358	0.56389	0.85534	0.095371	0.50296	0.78836	0.049349	0.59545	0.90514	0.50996	0.46748	0.90142	0.50279	0.58867	0.99527	0.05649	0.51402	1.0301	0.064328	0.55536	0.8933	0.90124	0.5196	0.86894	0.10419	0.53221	0.90278	0.50493	77.751	-12.787	-11.982	-29.721	28.209	0.5239	-6.5826	-1.6929	-2.8432	9.2138	2.1826	0.2214	16.923	-27.989	-9.2315
-39.951	-35.387	567.35	0.57161	0.92698	0.014385	0.56377	0.85558	0.095528	0.50288	0.78847	0.049651	0.59577	0.90707	0.51015	0.4678	0.90356	0.50282	0.58872	0.99538	0.05635	0.51411	1.0302	0.06411	0.55529	0.90181	0.90223	0.51979	0.86914	0.10459	0.53244	0.90483	0.5053	77.873	-12.532	-11.932	-31.186	27.755	0.09642	-5.8962	-1.649	-2.9199	5.9698	2.383	-0.30531	15.621	-26.84	-8.8718
-39.411	-30.556	551.88	0.57272	0.93079	0.014414	0.56364	0.85584	0.095693	0.50279	0.78859	0.049964	0.59606	0.90907	0.51033	0.4681	0.90572	0.50283	0.58876	0.9955	0.056207	0.51419	1.0304	0.063876	0.55524	0.91031	0.90306	0.51994	0.86938	0.10499	0.53266	0.90695	0.50565	77.998	-12.282	-11.88	-32.782	27.412	-0.31616	-5.233	-1.6044	-3.023	2.9264	2.6331	-0.80655	14.402	-25.772	-8.5706
-38.949	-26.228	540	0.57374	0.93473	0.014442	0.56349	0.85612	0.09587	0.50269	0.78872	0.050289	0.59633	0.91119	0.51049	0.46838	0.90795	0.50282	0.5888	0.99563	0.056062	0.51427	1.0306	0.063629	0.55523	0.91881	0.90372	0.52006	0.86964	0.1054	0.53284	0.90916	0.50598	78.129	-12.044	-11.825	-34.524	27.183	-0.71147	-4.6002	-1.561	-3.1449	0.089543	2.9219	-1.2789	13.325	-24.817	-8.328
-38.594	-22.387	531.68	0.57465	0.93878	0.014471	0.56332	0.85643	0.096064	0.50257	0.78887	0.050628	0.59657	0.91347	0.51063	0.46863	0.91027	0.5028	0.58884	0.99576	0.055915	0.51435	1.0308	0.063368	0.55526	0.92733	0.9042	0.52015	0.86994	0.1058	0.53299	0.9115	0.50628	78.269	-11.823	-11.768	-36.427	27.07	-1.0865	-4.005	-1.5207	-3.2785	-2.5335	3.2402	-1.7195	12.454	-23.999	-8.1411
-38.358	-19.02	526.85	0.57542	0.94289	0.0145	0.56314	0.85677	0.096279	0.50243	0.78902	0.050979	0.59679	0.91592	0.51075	0.46885	0.91273	0.50278	0.58887	0.9959	0.055767	0.51443	1.031	0.063093	0.55533	0.93585	0.90451	0.52019	0.87029	0.1062	0.53311	0.91401	0.50656	78.423	-11.624	-11.708	-38.505	27.072	-1.4374	-3.4545	-1.4848	-3.4175	-4.9317	3.5827	-2.126	11.85	-23.332	-8.0038
-38.237	-16.117	525.44	0.57605	0.94702	0.014529	0.56294	0.85715	0.096521	0.50226	0.78919	0.051347	0.59696	0.91858	0.51083	0.46904	0.91536	0.50276	0.58889	0.99605	0.055619	0.51452	1.0313	0.062808	0.55543	0.94439	0.90465	0.52019	0.87068	0.10661	0.53321	0.91671	0.50681	78.594	-11.451	-11.644	-40.77	27.191	-1.76	-2.9557	-1.4549	-3.5568	-7.0903	3.9488	-2.4961	11.578	-22.819	-7.9079
-38.218	-13.668	527.39	0.57651	0.95113	0.014557	0.56274	0.85757	0.096793	0.50208	0.78939	0.051732	0.59711	0.92146	0.51088	0.46919	0.9182	0.50273	0.58891	0.9962	0.055473	0.5146	1.0315	0.062513	0.55557	0.95293	0.90462	0.52015	0.87111	0.10701	0.53328	0.91962	0.50702	78.784	-11.305	-11.576	-43.234	27.422	-2.0499	-2.5145	-1.4318	-3.692	-8.9928	4.3403	-2.8283	11.699	-22.456	-7.8441
-38.286	-11.66	532.6	0.57679	0.95517	0.014585	0.56252	0.85803	0.0971	0.50188	0.78959	0.052139	0.59723	0.92459	0.51088	0.46931	0.92127	0.5027	0.58892	0.99635	0.055329	0.51469	1.0318	0.06221	0.55575	0.96147	0.90443	0.52005	0.87159	0.10741	0.53332	0.92278	0.50719	78.997	-11.184	-11.502	-45.905	27.763	-2.3036	-2.1358	-1.4163	-3.8196	-10.622	4.7593	-3.1212	12.268	-22.235	-7.8036
-38.426	-10.069	540.95	0.5769	0.95911	0.014611	0.56229	0.85855	0.097445	0.50165	0.78982	0.052574	0.59732	0.92797	0.51084	0.4694	0.9246	0.50265	0.58893	0.99651	0.055191	0.51477	1.032	0.061901	0.55596	0.97	0.9041	0.51991	0.87212	0.10781	0.53334	0.9262	0.5073	79.233	-11.088	-11.425	-48.786	28.207	-2.5182	-1.8228	-1.4089	-3.9371	-11.962	5.2065	-3.3746	13.331	-22.151	-7.7792
-38.625	-8.8514	552.3	0.57685	0.9629	0.014636	0.56207	0.85912	0.097829	0.50141	0.79008	0.053041	0.59738	0.9316	0.51076	0.46946	0.9282	0.50259	0.58893	0.99668	0.055058	0.51485	1.0323	0.061587	0.5562	0.97853	0.90362	0.51973	0.87269	0.10821	0.53335	0.92987	0.50737	79.494	-11.012	-11.343	-51.879	28.746	-2.6928	-1.5771	-1.4096	-4.0426	-13.001	5.6811	-3.5893	14.918	-22.194	-7.766
-38.877	-7.9365	566.44	0.57664	0.96651	0.014659	0.56184	0.85974	0.098255	0.50116	0.79035	0.053545	0.59742	0.93547	0.51062	0.4695	0.93208	0.50251	0.58893	0.99684	0.054931	0.51493	1.0326	0.061271	0.55648	0.98706	0.903	0.51951	0.8733	0.10861	0.53334	0.93381	0.50738	79.779	-10.951	-11.259	-55.178	29.367	-2.8288	-1.3978	-1.4177	-4.1351	-13.739	6.1785	-3.7678	17.03	-22.362	-7.7621
-39.19	-7.2179	583.14	0.57631	0.96991	0.01468	0.56162	0.86041	0.098721	0.50089	0.79064	0.054089	0.59744	0.93957	0.51044	0.46952	0.93622	0.5024	0.58891	0.997	0.054811	0.51499	1.0329	0.060952	0.55679	0.99558	0.90226	0.51927	0.87395	0.10901	0.53331	0.93799	0.50733	80.087	-10.898	-11.177	-58.673	30.06	-2.9295	-1.2822	-1.4324	-4.2141	-14.187	6.6908	-3.9144	19.638	-22.653	-7.7692
-39.584	-6.5628	602.16	0.57589	0.97307	0.014699	0.5614	0.86112	0.099226	0.50062	0.79094	0.054677	0.59745	0.94389	0.5102	0.46952	0.94063	0.50225	0.5889	0.99716	0.054698	0.51504	1.0332	0.060631	0.55714	1.0041	0.9014	0.519	0.87463	0.10941	0.53329	0.94242	0.50723	80.416	-10.847	-11.1	-62.348	30.81	-3.0004	-1.2262	-1.4525	-4.2803	-14.369	7.2062	-4.0343	22.688	-23.076	-7.7914
-40.091	-5.825	623.21	0.57541	0.97598	0.014717	0.56119	0.86186	0.099764	0.50034	0.79126	0.055309	0.59747	0.9484	0.50992	0.46952	0.94528	0.50206	0.58888	0.99732	0.054592	0.51508	1.0335	0.060305	0.55751	1.0126	0.90043	0.51872	0.87534	0.10983	0.53326	0.94706	0.50706	80.764	-10.791	-11.033	-66.185	31.604	-3.0472	-1.2237	-1.4767	-4.3345	-14.316	7.7096	-4.1324	26.107	-23.642	-7.8336
-40.744	-4.8554	645.99	0.5749	0.97862	0.014733	0.561	0.86264	0.10033	0.50007	0.79158	0.055989	0.59748	0.95307	0.5096	0.46953	0.95015	0.50181	0.58886	0.99747	0.05449	0.51511	1.0338	0.059975	0.55791	1.0211	0.89937	0.51844	0.87607	0.11025	0.53324	0.95191	0.50685	81.127	-10.724	-10.979	-70.163	32.426	-3.0758	-1.268	-1.5037	-4.3779	-14.063	8.1834	-4.2137	29.815	-24.368	-7.8997
-41.582	-3.5109	670.2	0.57439	0.98099	0.014747	0.56081	0.86343	0.10092	0.49981	0.79191	0.056718	0.5975	0.95789	0.50924	0.46954	0.95521	0.50152	0.58884	0.99762	0.054393	0.51512	1.034	0.05964	0.55834	1.0297	0.89822	0.51817	0.87682	0.11068	0.53323	0.95692	0.50658	81.503	-10.642	-10.942	-74.257	33.26	-3.092	-1.3517	-1.5322	-4.4116	-13.648	8.6092	-4.2823	33.727	-25.27	-7.9916
-42.633	-1.6653	695.51	0.57391	0.98311	0.014759	0.56063	0.86423	0.10154	0.49957	0.79225	0.057498	0.59754	0.96284	0.50884	0.46957	0.96044	0.50117	0.58882	0.99776	0.0543	0.51512	1.0343	0.059302	0.55877	1.0382	0.897	0.51792	0.87759	0.11114	0.53323	0.96208	0.50627	81.887	-10.544	-10.923	-78.439	34.09	-3.101	-1.4679	-1.5612	-4.4361	-13.108	8.9695	-4.3414	37.764	-26.36	-8.1091
-43.916	0.7813	721.59	0.57345	0.98499	0.014771	0.56046	0.86504	0.10218	0.49935	0.7926	0.058334	0.59759	0.96788	0.50842	0.46962	0.96583	0.50077	0.5888	0.99789	0.05421	0.51511	1.0346	0.058961	0.55922	1.0468	0.89571	0.51769	0.87838	0.11161	0.53324	0.96738	0.50592	82.277	-10.427	-10.923	-82.68	34.9	-3.1079	-1.6108	-1.5899	-4.452	-12.474	9.2511	-4.3938	41.854	-27.643	-8.2498
-45.429	3.8995	748.12	0.57304	0.98666	0.01478	0.5603	0.86585	0.10284	0.49916	0.79295	0.059229	0.59766	0.97303	0.50797	0.46968	0.97134	0.50032	0.58878	0.99803	0.054125	0.5151	1.0348	0.05862	0.55967	1.0554	0.89437	0.51749	0.87918	0.11211	0.53328	0.97279	0.50554	82.669	-10.294	-10.945	-86.952	35.675	-3.1183	-1.7755	-1.6178	-4.4591	-11.767	9.4466	-4.4426	45.935	-29.109	-8.4104
-47.155	7.7288	774.77	0.57267	0.98813	0.014789	0.56014	0.86665	0.10352	0.49899	0.79331	0.060187	0.59774	0.97825	0.5075	0.46976	0.97696	0.49983	0.58877	0.99816	0.054043	0.51509	1.035	0.05828	0.56011	1.064	0.89298	0.51731	0.88001	0.11264	0.53332	0.9783	0.50513	83.061	-10.144	-10.99	-91.224	36.399	-3.1363	-1.9591	-1.6449	-4.4575	-11.003	9.5547	-4.4898	49.963	-30.737	-8.5856
-49.054	12.277	801.21	0.57234	0.98945	0.014797	0.55998	0.86746	0.10424	0.49886	0.79369	0.061215	0.59784	0.98355	0.50701	0.46985	0.9827	0.49929	0.58876	0.99829	0.053966	0.51509	1.0353	0.057943	0.56054	1.0727	0.89157	0.51717	0.88087	0.11321	0.53338	0.98391	0.50469	83.45	-9.9789	-11.058	-95.465	37.054	-3.1637	-2.1603	-1.6716	-4.4474	-10.186	9.5812	-4.5351	53.903	-32.491	-8.7682
-51.076	17.529	827.14	0.57204	0.99064	0.014803	0.55982	0.86826	0.105	0.49876	0.79408	0.062319	0.59793	0.98893	0.50651	0.46995	0.98855	0.49872	0.58875	0.99842	0.053892	0.51511	1.0355	0.057609	0.56095	1.0813	0.89014	0.51705	0.88175	0.11381	0.53345	0.98962	0.50422	83.834	-9.7995	-11.15	-99.647	37.626	-3.2003	-2.3793	-1.6985	-4.429	-9.311	9.5374	-4.5768	57.733	-34.328	-8.9503
-53.161	23.448	852.26	0.57176	0.99173	0.01481	0.55966	0.86906	0.10581	0.49869	0.79449	0.063508	0.59803	0.9944	0.50599	0.47005	0.99452	0.49811	0.58874	0.99854	0.053822	0.51514	1.0357	0.057279	0.56132	1.09	0.88869	0.51696	0.88267	0.11447	0.53352	0.99543	0.50373	84.213	-9.6063	-11.268	-103.74	38.098	-3.2437	-2.6176	-1.7267	-4.4025	-8.3664	9.4388	-4.6115	61.441	-36.198	-9.1231
-55.245	29.983	876.29	0.57149	0.99274	0.014816	0.55951	0.86987	0.10668	0.49864	0.79493	0.06479	0.59812	0.99996	0.50545	0.47014	1.0006	0.49748	0.58872	0.99866	0.053755	0.51518	1.0359	0.056949	0.56165	1.0987	0.88724	0.5169	0.88363	0.11517	0.53359	1.0014	0.50321	84.586	-9.3993	-11.412	-107.71	38.453	-3.2896	-2.8775	-1.7574	-4.3685	-7.3359	9.3037	-4.6344	65.017	-38.049	-9.2775
-57.26	37.078	898.97	0.57122	0.99369	0.014821	0.55937	0.8707	0.10762	0.49861	0.79539	0.066176	0.59819	1.0056	0.50491	0.47023	1.0068	0.49682	0.5887	0.99878	0.05369	0.51525	1.0362	0.056618	0.56194	1.1074	0.8858	0.51685	0.88464	0.11594	0.53366	1.0074	0.50267	84.953	-9.178	-11.582	-111.53	38.676	-3.3322	-3.1617	-1.7921	-4.3273	-6.1998	9.1533	-4.6402	68.459	-39.826	-9.4036
-59.143	44.669	920.08	0.57095	0.99459	0.014826	0.55924	0.87156	0.10864	0.4986	0.7959	0.067677	0.59824	1.0114	0.50434	0.4703	1.0132	0.49613	0.58868	0.99889	0.053626	0.51533	1.0364	0.056283	0.56218	1.1161	0.88436	0.51684	0.88569	0.11678	0.53371	1.0136	0.50211	85.313	-8.9418	-11.778	-115.17	38.753	-3.3652	-3.4731	-1.8322	-4.2785	-4.938	9.0086	-4.6233	71.763	-41.477	-9.4911
-60.831	52.696	939.39	0.57067	0.99546	0.014831	0.55912	0.87246	0.10974	0.4986	0.79644	0.069304	0.59827	1.0173	0.50377	0.47035	1.0198	0.49541	0.58864	0.999	0.053563	0.51544	1.0367	0.05594	0.56236	1.1249	0.88292	0.51684	0.8868	0.11769	0.53375	1.02	0.50152	85.665	-8.6897	-12	-118.6	38.669	-3.383	-3.8142	-1.8785	-4.2212	-3.5335	8.8892	-4.5792	74.925	-42.951	-9.5284
-62.267	61.097	956.67	0.57036	0.9963	0.014836	0.55901	0.8734	0.11094	0.49861	0.79703	0.071071	0.59828	1.0233	0.50317	0.47038	1.0265	0.49465	0.58859	0.99911	0.053501	0.51556	1.037	0.055587	0.56248	1.1338	0.88148	0.51685	0.88798	0.11869	0.53377	1.0265	0.5009	86.009	-8.4207	-12.246	-121.79	38.412	-3.3818	-4.1868	-1.9313	-4.1537	-1.9738	8.8116	-4.5052	77.933	-44.199	-9.5031
-63.4	69.823	971.72	0.57003	0.99713	0.01484	0.55892	0.8744	0.11225	0.49862	0.79768	0.072988	0.59826	1.0295	0.50257	0.47039	1.0335	0.49386	0.58854	0.99922	0.053439	0.51569	1.0373	0.055224	0.56254	1.1427	0.88004	0.51689	0.88922	0.11978	0.53378	1.0332	0.50024	86.344	-8.134	-12.516	-124.7	37.971	-3.3598	-4.5923	-1.9898	-4.0737	-0.25294	8.7881	-4.4009	80.767	-45.178	-9.4034
-64.191	78.832	984.33	0.56968	0.99793	0.014844	0.55884	0.87546	0.11366	0.49863	0.79839	0.07507	0.59822	1.0359	0.50196	0.4704	1.0406	0.49301	0.58847	0.99933	0.053378	0.51584	1.0376	0.054852	0.56254	1.1518	0.8786	0.51694	0.89055	0.12096	0.53378	1.0401	0.49956	86.669	-7.829	-12.806	-127.29	37.338	-3.3183	-5.0322	-2.0526	-3.9798	1.6268	8.8256	-4.2692	83.391	-45.848	-9.2203
-64.616	88.083	994.29	0.56929	0.99872	0.014849	0.55877	0.87659	0.11519	0.49865	0.79918	0.077329	0.59817	1.0425	0.50133	0.47041	1.048	0.4921	0.58839	0.99945	0.053317	0.51601	1.0379	0.054473	0.56248	1.161	0.87714	0.517	0.89196	0.12225	0.53377	1.0472	0.49883	86.982	-7.5055	-13.116	-129.54	36.512	-3.2593	-5.5083	-2.1177	-3.871	3.6546	8.9266	-4.1146	85.757	-46.179	-8.9477
-64.663	97.536	1001.4	0.56888	0.99948	0.014852	0.55871	0.87781	0.11683	0.49866	0.80005	0.079776	0.59813	1.0492	0.50069	0.47043	1.0557	0.49111	0.58831	0.99957	0.053256	0.51618	1.0383	0.054091	0.56236	1.1703	0.87568	0.51707	0.89348	0.12365	0.53377	1.0545	0.49806	87.284	-7.1637	-13.443	-131.4	35.495	-3.1851	-6.0226	-2.1828	-3.7482	5.8132	9.0889	-3.9423	87.805	-46.147	-8.5839
-64.33	107.14	1005.4	0.56844	1.0002	0.014856	0.55866	0.87913	0.1186	0.49867	0.80102	0.082423	0.5981	1.0562	0.50003	0.47048	1.0636	0.49005	0.58822	0.9997	0.053194	0.51636	1.0386	0.053712	0.56218	1.1798	0.87421	0.51716	0.8951	0.12517	0.53378	1.0621	0.49725	87.571	-6.8033	-13.785	-132.83	34.292	-3.0979	-6.578	-2.2455	-3.6141	8.0826	9.3045	-3.7583	89.467	-45.741	-8.1313
-63.629	116.84	1006.1	0.56799	1.0009	0.014859	0.55864	0.88054	0.12049	0.49867	0.8021	0.08528	0.59809	1.0634	0.49936	0.47057	1.0717	0.48889	0.58814	0.99984	0.05313	0.51655	1.0389	0.053343	0.56193	1.1893	0.87275	0.51728	0.89684	0.1268	0.53382	1.0699	0.49639	87.843	-6.4244	-14.138	-133.79	32.913	-3.0004	-7.178	-2.3034	-3.4732	10.441	9.5607	-3.5696	90.675	-44.96	-7.5987
-62.575	126.55	1003.2	0.56754	1.0016	0.014863	0.55864	0.88207	0.12251	0.49868	0.8033	0.08836	0.59812	1.0708	0.49866	0.47071	1.0801	0.48763	0.58807	0.99999	0.053063	0.51674	1.0392	0.052989	0.56161	1.199	0.87129	0.51741	0.89872	0.12856	0.53389	1.0779	0.49546	88.097	-6.0271	-14.501	-134.24	31.371	-2.8954	-7.8268	-2.3541	-3.3315	12.864	9.8411	-3.3836	91.359	-43.814	-6.9986
-61.189	136.18	996.7	0.56708	1.0023	0.014865	0.55866	0.88373	0.12466	0.49868	0.80465	0.091672	0.5982	1.0785	0.49792	0.47093	1.0888	0.48627	0.58802	1.0001	0.05299	0.51692	1.0395	0.052656	0.56121	1.2089	0.86985	0.51757	0.90074	0.13043	0.53402	1.0862	0.49447	88.331	-5.6115	-14.869	-134.14	29.684	-2.7855	-8.5294	-2.3955	-3.1954	15.331	10.127	-3.2076	91.453	-42.323	-6.3463
-59.487	145.61	986.21	0.56662	1.0029	0.014868	0.55873	0.88554	0.12693	0.49868	0.80616	0.095232	0.59835	1.0865	0.49713	0.47123	1.0977	0.48478	0.58798	1.0003	0.05291	0.51709	1.0397	0.052348	0.56074	1.2188	0.86843	0.51776	0.90294	0.13242	0.53422	1.0948	0.4934	88.54	-5.1776	-15.238	-133.44	27.869	-2.6725	-9.2916	-2.4253	-3.0721	17.819	10.398	-3.0488	90.898	-40.51	-5.6579
-57.481	154.7	971.54	0.56618	1.0034	0.01487	0.55883	0.88752	0.12935	0.49867	0.80788	0.099056	0.59858	1.0948	0.49627	0.47162	1.107	0.48317	0.58797	1.0005	0.052824	0.51726	1.0399	0.052067	0.56019	1.2288	0.86704	0.51798	0.90533	0.13453	0.5345	1.1037	0.49223	88.719	-4.7253	-15.605	-132.1	25.946	-2.5569	-10.12	-2.4416	-2.9687	20.308	10.638	-2.9134	89.646	-38.397	-4.9504
-55.179	163.23	952.44	0.56575	1.0039	0.014872	0.55896	0.88969	0.1319	0.49864	0.80983	0.10317	0.59891	1.1034	0.49534	0.47213	1.1165	0.48141	0.58798	1.0006	0.052732	0.51742	1.04	0.051812	0.55954	1.2389	0.86567	0.51823	0.90793	0.13676	0.53489	1.1129	0.49094	88.862	-4.2544	-15.964	-130.06	23.935	-2.4376	-11.022	-2.4426	-2.8919	22.778	10.829	-2.806	87.668	-36.011	-4.2408
-52.589	170.97	928.63	0.56534	1.0044	0.014874	0.55912	0.8921	0.13461	0.49857	0.81207	0.10758	0.59933	1.1123	0.49432	0.47276	1.1264	0.4795	0.58803	1.0008	0.05264	0.51757	1.0401	0.051584	0.55879	1.2491	0.86433	0.51851	0.91079	0.13911	0.53539	1.1225	0.48952	88.958	-3.7648	-16.31	-127.27	21.858	-2.3116	-12.006	-2.4266	-2.8478	25.209	10.956	-2.7291	84.951	-33.378	-3.5458
-49.716	177.62	899.84	0.56494	1.0048	0.014876	0.55931	0.89478	0.13747	0.49847	0.81464	0.11234	0.59988	1.1216	0.49319	0.47353	1.1367	0.47742	0.5881	1.0011	0.052553	0.51771	1.0401	0.051379	0.55793	1.2593	0.86302	0.51882	0.91394	0.14158	0.53602	1.1325	0.48796	88.995	-3.2564	-16.637	-123.67	19.736	-2.175	-13.081	-2.3925	-2.8419	27.577	11.007	-2.6833	81.505	-30.53	-2.8821
-46.579	182.84	865.81	0.56457	1.0052	0.014878	0.55951	0.89778	0.1405	0.4983	0.81761	0.11746	0.60056	1.1314	0.49194	0.47446	1.1474	0.47517	0.58821	1.0013	0.052486	0.51785	1.0402	0.051196	0.55697	1.2696	0.86175	0.51916	0.91743	0.14418	0.53681	1.1429	0.48623	88.96	-2.7299	-16.938	-119.22	17.598	-2.0225	-14.259	-2.3399	-2.8785	29.856	10.971	-2.6658	77.369	-27.509	-2.265
-43.202	186.23	826.37	0.56422	1.0056	0.014879	0.55971	0.90116	0.14372	0.49806	0.82105	0.123	0.60139	1.1416	0.49057	0.47556	1.1586	0.47274	0.58834	1.0016	0.052456	0.51799	1.0403	0.051033	0.55591	1.28	0.86052	0.51951	0.92131	0.14692	0.53777	1.1538	0.48432	88.836	-2.1873	-17.207	-113.86	15.475	-1.8488	-15.55	-2.2693	-2.9601	32.011	10.838	-2.6715	72.616	-24.366	-1.7074
-39.63	187.42	781.48	0.56391	1.0061	0.014882	0.5599	0.90498	0.14715	0.49772	0.82504	0.12897	0.60236	1.1524	0.48906	0.47684	1.1704	0.47011	0.5885	1.002	0.052488	0.51812	1.0404	0.050889	0.55474	1.2903	0.85934	0.51987	0.92564	0.14981	0.5389	1.1651	0.48223	88.601	-1.6327	-17.437	-107.59	13.403	-1.6502	-16.967	-2.1826	-3.0877	33.992	10.604	-2.6923	67.35	-21.169	-1.2188
-35.924	186.04	731.33	0.56363	1.0067	0.014884	0.56007	0.9093	0.1508	0.49727	0.82965	0.13542	0.6035	1.1636	0.48741	0.47832	1.1828	0.46728	0.58867	1.0024	0.052617	0.51827	1.0406	0.050768	0.5535	1.3007	0.85821	0.52022	0.93047	0.15287	0.54022	1.1771	0.47994	88.234	-1.0731	-17.618	-100.42	11.424	-1.4268	-18.519	-2.0824	-3.26	35.735	10.262	-2.7183	61.707	-18.001	-0.80412
-32.169	181.85	676.34	0.5634	1.0074	0.014888	0.56019	0.9142	0.15471	0.49669	0.83498	0.14237	0.6048	1.1755	0.48564	0.48001	1.1958	0.46427	0.58886	1.003	0.052881	0.51844	1.041	0.050676	0.55219	1.311	0.85716	0.52054	0.93588	0.15612	0.54173	1.1897	0.47746	87.71	-0.51994	-17.741	-92.403	9.5825	-1.1817	-20.216	-1.9726	-3.4733	37.158	9.8099	-2.7365	55.843	-14.957	-0.4616
-28.461	174.71	617.27	0.5632	1.0082	0.014893	0.56027	0.91975	0.15889	0.49597	0.8411	0.14985	0.60627	1.1879	0.48373	0.4819	1.2094	0.4611	0.58905	1.0038	0.053332	0.51863	1.0416	0.050625	0.55083	1.3213	0.85617	0.52081	0.94191	0.15958	0.54344	1.2029	0.47481	87.007	0.01147	-17.797	-83.663	7.9191	-0.92286	-22.066	-1.8578	-3.7213	38.165	9.2457	-2.7319	49.928	-12.14	-0.18311
-24.903	164.67	555.15	0.56306	1.0093	0.0149	0.56028	0.92601	0.16336	0.4951	0.8481	0.15786	0.60789	1.201	0.48171	0.48401	1.2238	0.45777	0.58924	1.0048	0.054024	0.51885	1.0425	0.050631	0.54947	1.3315	0.85526	0.521	0.94864	0.16326	0.54534	1.2168	0.47199	86.101	0.50164	-17.777	-74.369	6.4684	-0.66207	-24.069	-1.7428	-3.9959	38.65	8.5742	-2.6895	44.119	-9.6435	0.043601
-21.583	152	491.27	0.56297	1.0107	0.014909	0.56021	0.93304	0.16814	0.49407	0.85606	0.16639	0.60967	1.2148	0.47959	0.4863	1.239	0.45434	0.58942	1.0062	0.055019	0.51912	1.0438	0.050719	0.54811	1.3416	0.85444	0.52108	0.95613	0.16719	0.54742	1.2314	0.46905	84.974	0.92719	-17.672	-64.749	5.252	-0.41208	-26.225	-1.6332	-4.2872	38.509	7.8084	-2.5951	38.549	-7.5359	0.23207
-18.57	137.15	427.08	0.56294	1.0124	0.01492	0.56006	0.94091	0.17324	0.49289	0.86504	0.17543	0.61157	1.2292	0.4774	0.48878	1.2548	0.45085	0.58959	1.0079	0.05638	0.51944	1.0456	0.050915	0.5468	1.3516	0.85372	0.52102	0.96441	0.17137	0.54966	1.2467	0.46602	83.618	1.262	-17.481	-55.074	4.2718	-0.18542	-28.524	-1.5347	-4.5841	37.65	6.9674	-2.4378	33.309	-5.8555	0.394
-15.902	120.75	364.08	0.56297	1.0145	0.014934	0.55982	0.94964	0.17866	0.49155	0.87509	0.18491	0.61359	1.2442	0.47518	0.49142	1.2714	0.44736	0.58975	1.0101	0.058165	0.51983	1.0479	0.051252	0.54554	1.3615	0.8531	0.52079	0.97353	0.17582	0.55203	1.2626	0.46296	82.038	1.4794	-17.205	-45.637	3.509	0.007307	-30.954	-1.4528	-4.876	36.024	6.0762	-2.212	28.457	-4.601	0.53647
-13.584	103.5	303.75	0.56309	1.0169	0.01495	0.55949	0.95927	0.1844	0.49005	0.88626	0.19475	0.61568	1.2598	0.47298	0.49417	1.2887	0.44394	0.5899	1.0128	0.060423	0.52029	1.0509	0.051766	0.54437	1.3712	0.85258	0.52036	0.98352	0.18054	0.55449	1.2792	0.45992	80.253	1.5549	-16.852	-36.729	2.9256	0.15771	-33.493	-1.3928	-5.1534	33.628	5.1628	-1.9199	24.017	-3.7348	0.66052
-11.587	86.137	247.36	0.56328	1.0199	0.01497	0.55906	0.96982	0.19041	0.48839	0.89856	0.20486	0.61782	1.276	0.47085	0.49699	1.3065	0.44066	0.59005	1.0163	0.063193	0.52084	1.0546	0.05249	0.5433	1.3809	0.85218	0.51973	0.9944	0.1855	0.55701	1.2964	0.45698	78.303	1.4689	-16.439	-28.612	2.4699	0.25978	-36.116	-1.359	-5.4094	30.519	4.2542	-1.5725	19.979	-3.1881	0.76062
-9.8641	69.385	195.96	0.56356	1.0235	0.014994	0.55853	0.98127	0.19666	0.48659	0.91197	0.21511	0.61996	1.2927	0.46884	0.49985	1.3249	0.4376	0.59019	1.0205	0.066487	0.52149	1.0593	0.053457	0.54234	1.3904	0.85189	0.51889	1.0062	0.19069	0.55954	1.314	0.45421	76.246	1.2109	-15.99	-21.483	2.0877	0.31109	-38.792	-1.354	-5.6395	26.794	3.3743	-1.1902	16.301	-2.8666	0.82586
-8.3581	53.845	150.28	0.56392	1.0278	0.015024	0.5579	0.99361	0.2031	0.48465	0.92647	0.22534	0.62208	1.3098	0.46703	0.50269	1.3437	0.43484	0.59035	1.0257	0.070297	0.52224	1.0649	0.054697	0.5415	1.3999	0.85172	0.51784	1.0188	0.19607	0.56204	1.3321	0.45169	74.155	0.7808	-15.536	-15.487	1.7292	0.30768	-41.487	-1.3786	-5.8423	22.657	2.5336	-0.78982	12.964	-2.7056	0.85104
-7.0142	39.971	110.76	0.56433	1.0332	0.01506	0.55717	1.0068	0.20965	0.48258	0.94197	0.23538	0.62412	1.3272	0.46549	0.50547	1.3629	0.43246	0.59054	1.0319	0.074585	0.5231	1.0716	0.056235	0.54078	1.4092	0.85167	0.51658	1.0322	0.20159	0.56446	1.3505	0.44949	72.114	0.19104	-15.109	-10.64	1.3628	0.25604	-44.166	-1.4324	-6.0195	18.249	1.7545	-0.40783	9.9236	-2.5886	0.82424
-5.7869	28.058	77.506	0.56473	1.0404	0.015108	0.55632	1.0208	0.21622	0.48039	0.95836	0.24505	0.62606	1.3449	0.46427	0.50815	1.3823	0.43053	0.59077	1.0393	0.079285	0.52408	1.0796	0.05809	0.54018	1.4186	0.85175	0.51516	1.0464	0.20718	0.56677	1.3691	0.44769	70.207	-0.5337	-14.743	-6.8886	0.97541	0.16369	-46.793	-1.5139	-6.1754	13.745	1.053	-0.07737	7.1507	-2.4267	0.73892
-4.6504	18.235	50.396	0.56493	1.0509	0.015178	0.55537	1.0354	0.22273	0.47809	0.9755	0.25417	0.62788	1.3627	0.46344	0.51068	1.4018	0.4291	0.59105	1.0479	0.084309	0.52517	1.0888	0.060274	0.5397	1.4279	0.85196	0.5136	1.0614	0.21277	0.56892	1.3879	0.44634	68.516	-1.3582	-14.467	-4.3975	0.54874	-0.01016	-49.335	-1.6226	-6.3162	9.934	0.33978	0.2848	4.8512	-2.5481	0.65616
-3.6006	10.462	29.055	0.56446	1.0691	0.015296	0.55431	1.0507	0.22906	0.47571	0.99323	0.26257	0.62954	1.3807	0.46303	0.51305	1.4214	0.42822	0.59137	1.0579	0.089549	0.52636	1.0995	0.062784	0.53934	1.4371	0.85231	0.51195	1.077	0.21828	0.57089	1.4067	0.44548	67.106	-2.2399	-14.296	-2.1057	0.18402	-0.085376	-51.763	-1.7592	-6.4495	5.0882	-0.040004	0.31074	2.4017	-1.6967	0.40026
0	0	0	NaN	NaN	NaN	0.55316	1.0666	0.23513	0.47326	1.0114	0.27012	0.63104	1.3987	0.46308	0.51522	1.441	0.42791	0.59174	1.0694	0.09489	0.52764	1.1116	0.065598	0.5391	1.4464	0.85279	0.51026	1.0931	0.22362	0.57266	1.4256	0.44515	66.028	-3.1331	-14.233	0.034407	0.001819	0.007452	-54.052	-1.9252	-6.5841	0.009431	0.038356	-0.037959	0.17543	0.10191	0.025965
