1.9276	-0.92087	74.787	0.52205	0.97316	0.014547	0.56397	0.96846	0.079896	0.49744	0.93346	0.02701	0.58222	0.82893	0.47553	0.45548	0.84701	0.47475	0.59033	1.0683	0.069897	0.52787	1.1086	0.10975	0.52746	0.68209	0.83103	0.51936	0.97308	0.090371	0.52002	0.83767	0.46975	76.926	-8.9484	-19.049	-0.10819	0.40164	-0.097837	-4.1529	-2.3741	-4.3898	-9.7707	-0.24649	-0.46161	-21.436	0.93895	1.0132
1.3463	-5.2311	111.67	0.52651	0.98339	0.014626	0.5642	0.97637	0.078716	0.49845	0.93976	0.026502	0.58221	0.83889	0.47478	0.45524	0.8552	0.47325	0.58906	1.0764	0.067426	0.52597	1.1162	0.1067	0.52795	0.69296	0.83031	0.51945	0.98051	0.08862	0.51984	0.84669	0.46875	76.267	-9.2944	-19.151	-0.27443	0.95585	-0.23134	-4.1754	-2.4063	-4.0109	-12.722	-0.16052	-0.72406	-28.483	0.72986	0.86976
0.34093	-11.197	155.82	0.52948	0.99066	0.014682	0.56439	0.9833	0.077438	0.4994	0.94487	0.026202	0.5823	0.84905	0.47423	0.45513	0.86358	0.47192	0.5878	1.0833	0.064357	0.52411	1.123	0.10288	0.52855	0.70392	0.82975	0.51949	0.98705	0.086713	0.51976	0.85594	0.46797	75.46	-9.7233	-19.22	-0.25413	1.7002	-0.37359	-4.3693	-2.4254	-3.6496	-15.61	0.03246	-0.99874	-36.055	0.31602	0.64015
-1.1988	-19.049	206.47	0.53173	0.99648	0.014727	0.56454	0.98937	0.07612	0.50027	0.94895	0.026144	0.58247	0.85937	0.47388	0.45512	0.87214	0.47079	0.58663	1.0892	0.060809	0.52238	1.129	0.098395	0.52925	0.71495	0.82934	0.51951	0.99284	0.084735	0.51977	0.8654	0.46741	74.506	-10.24	-19.253	-0.10914	2.6568	-0.52303	-4.7105	-2.4296	-3.3067	-17.884	0.31874	-1.2609	-43.098	-0.44779	0.22134
-3.3988	-28.948	261.85	0.5336	1.0016	0.014766	0.56466	0.99469	0.07482	0.50106	0.95219	0.026341	0.58272	0.86984	0.47373	0.45523	0.8809	0.46988	0.58561	1.0942	0.056932	0.52085	1.1344	0.093404	0.53006	0.72606	0.8291	0.5195	0.99802	0.082776	0.51987	0.87506	0.46707	73.423	-10.846	-19.248	0.15987	3.8072	-0.65681	-5.175	-2.4173	-2.9766	-19.269	0.63323	-1.4713	-49.166	-1.6328	-0.39815
-6.4267	-40.933	319.86	0.53533	1.0065	0.014803	0.56475	0.99938	0.073588	0.50175	0.95476	0.02678	0.58302	0.88043	0.47378	0.45543	0.88986	0.46923	0.58477	1.0983	0.052895	0.51956	1.1391	0.088079	0.53096	0.73721	0.82903	0.51946	1.0027	0.080915	0.52004	0.88489	0.46695	72.249	-11.541	-19.205	0.4793	5.1379	-0.75696	-5.742	-2.3869	-2.6473	-19.387	0.85739	-1.5878	-53.492	-3.386	-1.3072
-10.444	-54.848	379.06	0.53703	1.0112	0.014839	0.56482	1.0035	0.072462	0.50235	0.9568	0.027426	0.58338	0.89111	0.47403	0.45571	0.89903	0.46885	0.58415	1.1018	0.048873	0.51852	1.1434	0.082604	0.53197	0.74841	0.82915	0.51937	1.007	0.079217	0.52027	0.8949	0.46705	71.039	-12.315	-19.124	0.77429	6.6434	-0.80675	-6.3973	-2.3379	-2.3022	-18.104	0.85185	-1.5739	-55.786	-5.8377	-2.5792
-15.487	-70.333	438.36	0.53873	1.016	0.014874	0.56485	1.0072	0.071467	0.50287	0.95844	0.02823	0.58377	0.90186	0.47447	0.45604	0.90843	0.46878	0.58374	1.1045	0.045024	0.51771	1.1472	0.077156	0.53307	0.75962	0.82944	0.51922	1.011	0.077724	0.52056	0.90506	0.46737	69.858	-13.156	-19.005	0.97336	8.3196	-0.79127	-7.1334	-2.2717	-1.925	-15.436	0.51801	-1.4014	-56.053	-9.039	-4.2352
-21.427	-86.856	496.85	0.54043	1.0207	0.01491	0.56484	1.0104	0.070616	0.5033	0.95976	0.029133	0.58419	0.91266	0.47509	0.45642	0.91806	0.46903	0.58354	1.1068	0.041475	0.5171	1.1506	0.071893	0.53426	0.77085	0.82991	0.51899	1.0145	0.076457	0.52089	0.91536	0.46791	68.775	-14.041	-18.845	1.0109	10.159	-0.69806	-7.9475	-2.1935	-1.5031	-11.493	-0.16998	-1.0512	-54.466	-12.94	-6.2322
-27.994	-103.82	553.91	0.54209	1.0253	0.014945	0.56479	1.0133	0.069912	0.50364	0.96083	0.030079	0.58461	0.92347	0.47587	0.45681	0.92792	0.46961	0.58349	1.1085	0.03832	0.51663	1.1535	0.066945	0.53552	0.78207	0.83055	0.51866	1.0178	0.075417	0.52125	0.92577	0.46866	67.849	-14.946	-18.642	0.83733	12.15	-0.5167	-8.838	-2.1128	-1.0305	-6.4507	-1.157	-0.51579	-51.347	-17.397	-8.4694
-34.821	-120.73	609.06	0.54364	1.0298	0.014979	0.56468	1.0157	0.069354	0.50391	0.9617	0.031018	0.58501	0.93424	0.47676	0.45719	0.93796	0.47048	0.58357	1.1099	0.035614	0.51625	1.156	0.062413	0.53685	0.79327	0.83135	0.51825	1.0206	0.074594	0.52162	0.93625	0.46958	67.129	-15.844	-18.388	0.42579	14.266	-0.23636	-9.7985	-2.0413	-0.5093	-0.4625	-2.326	0.20616	-46.961	-22.21	-10.818
-41.493	-137.19	661.84	0.54503	1.0341	0.015011	0.56451	1.0179	0.068932	0.5041	0.96241	0.031911	0.58539	0.94492	0.47772	0.45755	0.94813	0.47163	0.58371	1.1109	0.033382	0.51591	1.1582	0.058367	0.53822	0.80442	0.83229	0.51776	1.0231	0.073971	0.522	0.94673	0.47064	66.643	-16.705	-18.078	-0.22836	16.469	0.15128	-10.816	-1.9911	0.051062	6.3332	-3.5233	1.1061	-41.52	-27.146	-13.143
-47.638	-152.81	712	0.54621	1.0381	0.015041	0.56427	1.0197	0.068632	0.50421	0.963	0.032728	0.58573	0.95542	0.47871	0.45787	0.95836	0.47298	0.58388	1.1117	0.031616	0.51558	1.16	0.054846	0.53963	0.81553	0.83335	0.51718	1.0251	0.073528	0.52236	0.95714	0.4718	66.4	-17.505	-17.703	-1.11	18.712	0.64587	-11.868	-1.9724	0.63449	13.77	-4.5893	2.1601	-35.258	-31.98	-15.328
-53.032	-167.17	759.69	0.54717	1.0418	0.015068	0.56399	1.0213	0.068436	0.50426	0.96348	0.033453	0.58604	0.96565	0.47967	0.45816	0.96854	0.47447	0.58406	1.1123	0.030281	0.51525	1.1615	0.051856	0.54106	0.82656	0.83451	0.51655	1.0269	0.073245	0.5227	0.96737	0.47299	66.391	-18.223	-17.264	-2.187	20.957	1.2289	-12.926	-1.9911	1.2197	21.598	-5.4024	3.3233	-28.551	-36.559	-17.305
-57.566	-179.84	805.25	0.54792	1.0451	0.015091	0.56365	1.0226	0.068322	0.50425	0.96387	0.034077	0.58632	0.9755	0.48056	0.45841	0.97855	0.47601	0.58422	1.1126	0.029326	0.51492	1.1627	0.049382	0.54248	0.83749	0.83575	0.51586	1.0283	0.073095	0.52302	0.97732	0.47415	66.593	-18.839	-16.766	-3.41	23.166	1.871	-13.957	-2.0483	1.7815	29.553	-5.8831	4.5401	-21.784	-40.778	-19.033
-61.194	-190.42	848.75	0.54846	1.0479	0.015111	0.56329	1.0237	0.06827	0.50418	0.96419	0.034597	0.58657	0.98489	0.48135	0.45865	0.98829	0.4775	0.58436	1.1129	0.028691	0.51459	1.1637	0.047387	0.54388	0.84831	0.83705	0.51514	1.0294	0.07305	0.5233	0.98689	0.47524	66.973	-19.34	-16.22	-4.7189	25.296	2.5391	-14.926	-2.1396	2.2917	37.378	-5.9923	5.7507	-15.281	-44.554	-20.485
-63.901	-198.53	889.85	0.54881	1.0502	0.015128	0.56291	1.0246	0.068262	0.50409	0.96444	0.035017	0.5868	0.99375	0.48201	0.45888	0.99763	0.47885	0.58447	1.1131	0.028312	0.51428	1.1645	0.045826	0.54524	0.85899	0.8384	0.51443	1.0304	0.073078	0.52356	0.99598	0.4762	67.497	-19.713	-15.643	-6.0532	27.294	3.202	-15.803	-2.2557	2.7204	44.828	-5.7313	6.8968	-9.2713	-47.81	-21.631
-65.703	-203.88	927.93	0.549	1.052	0.01514	0.56253	1.0253	0.068282	0.50396	0.96464	0.035344	0.58703	1.002	0.48254	0.45911	1.0065	0.47999	0.58456	1.1131	0.028131	0.51399	1.1652	0.044643	0.54653	0.86951	0.83977	0.51376	1.0312	0.07315	0.52379	1.0045	0.47699	68.128	-19.955	-15.054	-7.361	29.109	3.8307	-16.563	-2.3831	3.0387	51.674	-5.1467	7.9245	-3.904	-50.48	-22.453
-66.66	-206.32	962.17	0.54906	1.0533	0.015149	0.56217	1.0259	0.068317	0.50382	0.96478	0.035587	0.58725	1.0096	0.48292	0.45934	1.0147	0.48087	0.58462	1.1132	0.028094	0.51374	1.1657	0.043782	0.54773	0.87985	0.84117	0.51314	1.0319	0.073238	0.52399	1.0124	0.4776	68.83	-20.065	-14.474	-8.6023	30.693	4.3973	-17.187	-2.506	3.2223	57.724	-4.3293	8.7902	0.74797	-52.531	-22.955
-66.892	-205.85	991.79	0.54903	1.0542	0.015154	0.56184	1.0263	0.068359	0.50368	0.96487	0.035757	0.58747	1.0167	0.48318	0.45958	1.0222	0.48148	0.58467	1.1132	0.028156	0.51351	1.166	0.043188	0.54882	0.89	0.84258	0.5126	1.0325	0.07332	0.52416	1.0196	0.47802	69.574	-20.052	-13.92	-9.7489	32.014	4.8766	-17.667	-2.609	3.2541	62.831	-3.405	9.465	4.6757	-53.976	-23.171
-66.553	-202.61	1016	0.54894	1.0547	0.015157	0.56155	1.0266	0.068402	0.50355	0.96492	0.035865	0.58769	1.0231	0.48332	0.45981	1.029	0.48181	0.58471	1.1131	0.028279	0.51333	1.1663	0.042807	0.5498	0.89993	0.844	0.51215	1.0329	0.073383	0.52432	1.0262	0.47827	70.332	-19.933	-13.408	-10.784	33.053	5.2499	-18.003	-2.6792	3.1282	66.899	-2.5122	9.9392	7.9135	-54.872	-23.153
-65.79	-196.87	1034.3	0.54883	1.0549	0.015158	0.56131	1.0268	0.068443	0.50342	0.96493	0.035924	0.58791	1.0289	0.48337	0.46004	1.0351	0.48191	0.58473	1.1131	0.028434	0.51319	1.1664	0.042593	0.55064	0.90964	0.84543	0.51179	1.0333	0.073422	0.52446	1.0321	0.47837	71.083	-19.729	-12.951	-11.701	33.807	5.5067	-18.199	-2.709	2.8523	69.879	-1.7631	10.217	10.518	-55.29	-22.954
-64.736	-188.96	1046.2	0.54873	1.0548	0.015157	0.56112	1.0269	0.068481	0.50331	0.96491	0.035943	0.58812	1.0342	0.48336	0.46025	1.0404	0.48182	0.58476	1.113	0.028598	0.51309	1.1665	0.042502	0.55134	0.91912	0.84688	0.51151	1.0337	0.073438	0.52461	1.0374	0.47835	71.809	-19.466	-12.557	-12.499	34.286	5.6442	-18.266	-2.6964	2.4477	71.765	-1.2334	10.312	12.56	-55.309	-22.626
-63.521	-179.28	1051.6	0.54866	1.0546	0.015156	0.56099	1.0269	0.068518	0.50321	0.96487	0.035933	0.58832	1.039	0.4833	0.46045	1.045	0.48161	0.58479	1.1129	0.028756	0.51302	1.1665	0.0425	0.55191	0.92839	0.84835	0.51133	1.0339	0.073437	0.52475	1.0421	0.47826	72.498	-19.171	-12.231	-13.184	34.51	5.6653	-18.216	-2.6447	1.9477	72.589	-0.9617	10.245	14.117	-55.019	-22.213
-62.276	-168.25	1050.4	0.54865	1.0544	0.015154	0.56091	1.0269	0.068553	0.50314	0.9648	0.035903	0.58853	1.0434	0.48321	0.46064	1.049	0.48133	0.58482	1.1128	0.028897	0.51299	1.1665	0.042558	0.55234	0.93747	0.84984	0.51122	1.0341	0.073427	0.52492	1.0462	0.47813	73.14	-18.871	-11.976	-13.769	34.51	5.5778	-18.061	-2.5616	1.3942	72.412	-0.95292	10.043	15.274	-54.517	-21.758
-61.119	-156.31	1043	0.54871	1.0541	0.015152	0.56089	1.0268	0.068588	0.50308	0.96471	0.035861	0.58873	1.0475	0.48311	0.46082	1.0525	0.48102	0.58487	1.1127	0.029015	0.51299	1.1664	0.042652	0.55265	0.94636	0.85135	0.51118	1.0343	0.073416	0.5251	1.05	0.47798	73.732	-18.591	-11.789	-14.271	34.321	5.3934	-17.815	-2.4566	0.83146	71.318	-1.1843	9.7308	16.112	-53.898	-21.294
-60.144	-143.84	1029.6	0.54887	1.0538	0.015151	0.5609	1.0267	0.068622	0.50303	0.96462	0.035814	0.58893	1.0511	0.483	0.461	1.0555	0.48073	0.58492	1.1126	0.029108	0.51302	1.1663	0.042764	0.55285	0.95509	0.85287	0.5112	1.0344	0.073413	0.52531	1.0533	0.47784	74.27	-18.351	-11.666	-14.715	33.98	5.1261	-17.485	-2.3399	0.30184	69.411	-1.6131	9.3336	16.714	-53.239	-20.843
-59.405	-131.21	1011	0.54914	1.0537	0.015151	0.56095	1.0266	0.068655	0.503	0.96452	0.035766	0.58913	1.0545	0.4829	0.46118	1.0582	0.48048	0.58499	1.1125	0.029175	0.51307	1.1662	0.04288	0.55294	0.96369	0.85441	0.51126	1.0344	0.073422	0.52554	1.0563	0.47772	74.757	-18.162	-11.601	-15.128	33.526	4.7915	-17.083	-2.2211	-0.15889	66.809	-2.1829	8.8713	17.154	-52.592	-20.415
-58.914	-118.76	987.84	0.54953	1.0537	0.015152	0.56102	1.0264	0.068685	0.50298	0.96441	0.035722	0.58934	1.0575	0.4828	0.46137	1.0606	0.48028	0.58507	1.1124	0.029218	0.51315	1.1661	0.042992	0.55296	0.97219	0.85595	0.51135	1.0344	0.073445	0.5258	1.059	0.47763	75.192	-18.03	-11.584	-15.54	32.992	4.4045	-16.616	-2.1082	-0.52497	63.637	-2.8293	8.3575	17.498	-51.976	-20.008
-58.644	-106.73	960.85	0.55005	1.0538	0.015155	0.5611	1.0263	0.068711	0.50296	0.96431	0.035684	0.58955	1.0603	0.4827	0.46157	1.0628	0.48014	0.58517	1.1123	0.029238	0.51324	1.1659	0.043093	0.5529	0.98061	0.85749	0.51146	1.0343	0.073482	0.52608	1.0615	0.47757	75.582	-17.952	-11.604	-15.983	32.412	3.9796	-16.092	-2.0075	-0.78141	60.018	-3.4873	7.8012	17.791	-51.38	-19.609
-58.535	-95.335	930.89	0.55069	1.0542	0.015159	0.56119	1.0261	0.068732	0.50295	0.96421	0.035656	0.58976	1.0629	0.48262	0.46178	1.0649	0.48006	0.58527	1.1122	0.02924	0.51335	1.1658	0.04318	0.5528	0.98898	0.85902	0.51159	1.0343	0.073532	0.52637	1.0638	0.47754	75.928	-17.918	-11.651	-16.486	31.812	3.53	-15.516	-1.923	-0.92386	56.069	-4.0964	7.2077	18.064	-50.771	-19.199
-58.511	-84.708	898.77	0.55147	1.0549	0.015166	0.56126	1.0259	0.068749	0.50294	0.96413	0.03564	0.58997	1.0652	0.48255	0.46198	1.0669	0.48001	0.58538	1.1121	0.029227	0.51346	1.1657	0.043251	0.55266	0.99731	0.86052	0.51172	1.0342	0.073594	0.52666	1.066	0.47754	76.235	-17.914	-11.715	-17.079	31.215	3.067	-14.895	-1.8569	-0.95805	51.9	-4.6048	6.58	18.33	-50.102	-18.758
-58.489	-74.936	865.32	0.55238	1.0559	0.015175	0.56132	1.0258	0.068762	0.50292	0.96405	0.035636	0.59018	1.0673	0.48249	0.46219	1.0689	0.47998	0.58549	1.112	0.029203	0.51358	1.1656	0.043306	0.55248	1.0056	0.86198	0.51185	1.0341	0.073666	0.52693	1.068	0.47758	76.508	-17.921	-11.784	-17.785	30.637	2.6012	-14.236	-1.8094	-0.89749	47.602	-4.9724	5.9215	18.585	-49.319	-18.265
-58.387	-66.055	831.33	0.5534	1.0573	0.015187	0.56137	1.0256	0.068773	0.50289	0.96399	0.035648	0.59037	1.0693	0.48244	0.46238	1.0709	0.47995	0.5856	1.112	0.029172	0.5137	1.1655	0.043345	0.55229	1.0139	0.86339	0.51198	1.034	0.073746	0.52717	1.0699	0.47764	76.752	-17.921	-11.851	-18.625	30.091	2.1417	-13.543	-1.7791	-0.76092	43.255	-5.1716	5.2374	18.813	-48.374	-17.702
-58.134	-58.058	797.52	0.55452	1.059	0.015201	0.56139	1.0255	0.068784	0.50284	0.96395	0.035675	0.59054	1.0711	0.4824	0.46255	1.073	0.47991	0.58571	1.1119	0.029137	0.51381	1.1654	0.043371	0.55209	1.0222	0.86474	0.51211	1.034	0.073834	0.52737	1.0717	0.47772	76.97	-17.896	-11.909	-19.615	29.582	1.6968	-12.822	-1.7631	-0.57008	38.915	-5.1871	4.5345	18.989	-47.225	-17.058
-57.676	-50.914	764.52	0.55573	1.0611	0.015219	0.56138	1.0254	0.068799	0.50277	0.96392	0.035719	0.59069	1.0727	0.48236	0.46271	1.075	0.47982	0.58581	1.1118	0.029101	0.51392	1.1653	0.043384	0.55188	1.0305	0.866	0.51225	1.0339	0.073929	0.52752	1.0735	0.47781	77.166	-17.833	-11.953	-20.77	29.115	1.2733	-12.078	-1.7577	-0.34709	34.626	-5.014	3.8219	19.091	-45.846	-16.329
-56.98	-44.574	732.91	0.55702	1.0637	0.015239	0.56134	1.0253	0.068819	0.50267	0.96391	0.03578	0.59081	1.0742	0.48235	0.46285	1.0772	0.47968	0.5859	1.1118	0.029067	0.51403	1.1653	0.043385	0.55166	1.0388	0.86717	0.51239	1.0339	0.074032	0.52761	1.0752	0.47791	77.344	-17.723	-11.981	-22.096	28.694	0.87618	-11.315	-1.7583	-0.11233	30.419	-4.6587	3.1097	19.102	-44.226	-15.521
-56.041	-38.974	703.15	0.55836	1.0666	0.015262	0.56127	1.0252	0.068849	0.50256	0.96392	0.03586	0.59091	1.0757	0.48234	0.46297	1.0793	0.47947	0.58598	1.1117	0.029036	0.51412	1.1653	0.043376	0.55143	1.0471	0.86824	0.51254	1.0339	0.074142	0.52764	1.0769	0.47802	77.506	-17.563	-11.991	-23.6	28.321	0.50875	-10.539	-1.7597	0.11713	26.31	-4.1384	2.4098	19.012	-42.375	-14.645
-54.886	-34.044	675.64	0.55975	1.07	0.015288	0.56118	1.0251	0.068892	0.50241	0.96395	0.035958	0.59097	1.077	0.48235	0.46306	1.0815	0.47919	0.58604	1.1117	0.029011	0.51421	1.1653	0.043358	0.5512	1.0555	0.86919	0.51268	1.0339	0.07426	0.52761	1.0785	0.47814	77.655	-17.357	-11.985	-25.279	27.996	0.17256	-9.7522	-1.7568	0.32863	22.311	-3.4799	1.7342	18.821	-40.327	-13.722
-53.564	-29.709	650.7	0.56117	1.0739	0.015318	0.56107	1.0251	0.06895	0.50224	0.964	0.036075	0.591	1.0783	0.48237	0.46313	1.0836	0.47883	0.58609	1.1117	0.028991	0.51428	1.1653	0.043333	0.55095	1.0638	0.87002	0.51282	1.0339	0.074385	0.52752	1.0802	0.47825	77.794	-17.116	-11.964	-27.129	27.725	-0.132	-8.9602	-1.745	0.51445	18.428	-2.717	1.0951	18.536	-38.134	-12.774
-52.152	-25.885	628.58	0.5626	1.0781	0.015349	0.56093	1.025	0.069025	0.50204	0.96406	0.036209	0.59099	1.0796	0.4824	0.46318	1.0857	0.47841	0.58612	1.1117	0.028977	0.51435	1.1654	0.043301	0.55069	1.0722	0.87072	0.51295	1.034	0.074519	0.52738	1.0818	0.47836	77.925	-16.853	-11.929	-29.14	27.516	-0.40544	-8.168	-1.7205	0.67092	14.664	-1.8871	0.50348	18.17	-35.863	-11.83
-50.737	-22.492	609.46	0.56404	1.0827	0.015383	0.56078	1.025	0.069118	0.50181	0.96415	0.036361	0.59096	1.0809	0.48243	0.4632	1.0879	0.47794	0.58614	1.1117	0.02897	0.51441	1.1655	0.043265	0.55041	1.0806	0.87127	0.51306	1.0341	0.074663	0.5272	1.0834	0.47846	78.051	-16.585	-11.885	-31.302	27.377	-0.64898	-7.3817	-1.6811	0.79748	11.02	-1.0273	-0.031808	17.742	-33.59	-10.916
-49.406	-19.455	593.47	0.56547	1.0875	0.015419	0.56062	1.025	0.069232	0.50156	0.96425	0.03653	0.59089	1.0823	0.48247	0.4632	1.0899	0.47742	0.58614	1.1117	0.028968	0.51446	1.1656	0.043225	0.5501	1.089	0.87169	0.51315	1.0342	0.074816	0.52697	1.0851	0.47856	78.175	-16.329	-11.836	-33.605	27.319	-0.86411	-6.6082	-1.6261	0.89561	7.5019	-0.17071	-0.50484	17.276	-31.388	-10.053
-48.236	-16.706	580.66	0.56687	1.0926	0.015456	0.56045	1.0251	0.069366	0.50129	0.96437	0.036715	0.59079	1.0837	0.48251	0.46316	1.092	0.47689	0.58613	1.1117	0.028972	0.51451	1.1657	0.043183	0.54976	1.0974	0.87196	0.5132	1.0344	0.074981	0.52671	1.0868	0.47865	78.3	-16.1	-11.783	-36.038	27.356	-1.0516	-5.8551	-1.5568	0.96762	4.1155	0.65854	-0.91229	16.806	-29.324	-9.2573
-47.286	-14.185	571.07	0.56823	1.0978	0.015494	0.56027	1.0251	0.069519	0.50099	0.96451	0.036917	0.59067	1.0852	0.48254	0.4631	1.094	0.47634	0.58611	1.1118	0.028981	0.51455	1.1658	0.043139	0.54939	1.1057	0.8721	0.51321	1.0345	0.075156	0.52643	1.0885	0.47872	78.431	-15.91	-11.732	-38.593	27.495	-1.2114	-5.131	-1.4763	1.0155	0.87197	1.4457	-1.2534	16.372	-27.447	-8.5394
-46.592	-11.844	564.71	0.56953	1.103	0.015532	0.56008	1.0252	0.069691	0.50067	0.96467	0.037136	0.59051	1.0869	0.48255	0.463	1.0961	0.4758	0.58608	1.1118	0.028995	0.51458	1.166	0.043094	0.54899	1.1141	0.87211	0.51319	1.0347	0.075343	0.52612	1.0904	0.47878	78.572	-15.768	-11.684	-41.263	27.746	-1.343	-4.4442	-1.3886	1.0407	-2.2156	2.1855	-1.5296	16.016	-25.79	-7.9021
-46.17	-9.6469	561.55	0.57073	1.1081	0.015569	0.55987	1.0253	0.069879	0.50034	0.96485	0.037373	0.59034	1.0888	0.48255	0.46286	1.0982	0.47529	0.58603	1.1119	0.029013	0.51461	1.1662	0.043048	0.54856	1.1223	0.87198	0.51313	1.0348	0.075542	0.52581	1.0924	0.47882	78.726	-15.675	-11.64	-44.047	28.114	-1.4457	-3.8028	-1.2984	1.0432	-5.1298	2.8819	-1.7442	15.789	-24.369	-7.3439
-46.017	-7.5656	561.57	0.57181	1.1131	0.015605	0.55964	1.0255	0.070082	0.49999	0.96506	0.037629	0.59014	1.0909	0.48252	0.4627	1.1004	0.4748	0.58598	1.1119	0.029034	0.51464	1.1664	0.043002	0.54808	1.1306	0.87172	0.51303	1.0349	0.075752	0.5255	1.0945	0.47884	78.897	-15.628	-11.6	-46.945	28.597	-1.5188	-3.2139	-1.2101	1.022	-7.8511	3.5436	-1.9022	15.745	-23.182	-6.8603
-46.12	-5.5763	564.73	0.57275	1.1179	0.015639	0.55938	1.0256	0.0703	0.49961	0.96529	0.03791	0.58992	1.0932	0.48247	0.4625	1.1026	0.47436	0.58591	1.112	0.029059	0.51467	1.1666	0.042955	0.54758	1.1388	0.87135	0.51291	1.0351	0.075974	0.52519	1.0968	0.47884	79.087	-15.62	-11.565	-49.96	29.194	-1.5619	-2.6835	-1.1276	0.97602	-10.358	4.1826	-2.0087	15.935	-22.221	-6.4448
-46.457	-3.6559	570.98	0.57352	1.1224	0.01567	0.5591	1.0258	0.07053	0.49922	0.96553	0.03822	0.58968	1.0957	0.48238	0.46227	1.105	0.47395	0.58584	1.1121	0.029087	0.51469	1.1668	0.042907	0.54706	1.1469	0.87087	0.51275	1.0353	0.076209	0.52488	1.0993	0.4788	79.297	-15.643	-11.534	-53.092	29.897	-1.5744	-2.2159	-1.0537	0.90414	-12.631	4.8111	-2.069	16.411	-21.468	-6.0899
-47.001	-1.7727	580.22	0.57412	1.1265	0.015699	0.5588	1.026	0.070771	0.49882	0.96579	0.038568	0.58943	1.0985	0.48226	0.46203	1.1076	0.47358	0.58576	1.1121	0.029119	0.51471	1.167	0.042856	0.54651	1.1549	0.8703	0.51258	1.0355	0.076456	0.52458	1.102	0.47875	79.526	-15.684	-11.507	-56.343	30.696	-1.5554	-1.8138	-0.99052	0.80632	-14.65	5.4411	-2.0871	17.214	-20.898	-5.7866
-47.728	0.11643	592.35	0.57454	1.1302	0.015724	0.55847	1.0262	0.071025	0.49841	0.96605	0.038962	0.58918	1.1015	0.48211	0.46177	1.1103	0.47323	0.58567	1.1122	0.029153	0.51472	1.1672	0.042803	0.54597	1.1629	0.86963	0.5124	1.0357	0.076716	0.5243	1.1049	0.47866	79.774	-15.734	-11.486	-59.712	31.579	-1.5042	-1.4777	-0.93891	0.68393	-16.404	6.0817	-2.0672	18.373	-20.489	-5.5262
-48.612	2.068	607.22	0.57479	1.1335	0.015747	0.55812	1.0265	0.071292	0.498	0.96631	0.039408	0.58892	1.1047	0.48192	0.4615	1.1133	0.47291	0.58557	1.1123	0.029189	0.51472	1.1674	0.042747	0.54542	1.1708	0.86889	0.51221	1.036	0.076992	0.52403	1.1081	0.47854	80.038	-15.781	-11.473	-63.196	32.532	-1.4221	-1.2065	-0.8989	0.54014	-17.886	6.7389	-2.0141	19.904	-20.215	-5.301
-49.634	4.1546	624.68	0.57489	1.1364	0.015766	0.55776	1.0267	0.071574	0.49759	0.96657	0.039916	0.58867	1.1082	0.48171	0.46124	1.1165	0.47258	0.58547	1.1124	0.029228	0.51472	1.1676	0.042686	0.54489	1.1787	0.86808	0.51203	1.0363	0.077286	0.52378	1.1115	0.47839	80.315	-15.82	-11.471	-66.789	33.543	-1.3122	-0.99714	-0.86972	0.38022	-19.096	7.4149	-1.9337	21.809	-20.057	-5.1051
-50.784	6.4628	644.5	0.57486	1.1388	0.015782	0.55739	1.027	0.071876	0.4972	0.96682	0.040493	0.58843	1.1118	0.48146	0.46099	1.1199	0.47226	0.58537	1.1125	0.029268	0.51471	1.1678	0.042623	0.54437	1.1865	0.86719	0.51186	1.0366	0.077602	0.52354	1.1151	0.47821	80.602	-15.844	-11.48	-70.478	34.6	-1.1792	-0.84502	-0.8502	0.21157	-20.043	8.1068	-1.833	24.074	-19.999	-4.9346
-52.066	9.0901	666.43	0.57473	1.1409	0.015795	0.55704	1.0273	0.072204	0.49683	0.96706	0.041145	0.58821	1.1157	0.4812	0.46076	1.1235	0.47193	0.58528	1.1126	0.029309	0.5147	1.168	0.042557	0.54388	1.1944	0.86624	0.51172	1.037	0.077945	0.52333	1.1189	0.478	80.896	-15.849	-11.503	-74.248	35.691	-1.0293	-0.74414	-0.83892	0.043232	-20.741	8.8054	-1.7191	26.67	-20.037	-4.7871
-53.496	12.14	690.18	0.57452	1.1426	0.015806	0.55671	1.0276	0.072566	0.4965	0.96728	0.041881	0.58801	1.1197	0.48092	0.46056	1.1273	0.47158	0.58519	1.1126	0.029352	0.51468	1.1682	0.042489	0.54343	1.2023	0.86521	0.51161	1.0374	0.078321	0.52314	1.1229	0.47777	81.194	-15.835	-11.54	-78.078	36.806	-0.86928	-0.68764	-0.8344	-0.11471	-21.213	9.4948	-1.5996	29.558	-20.178	-4.6616
-55.104	15.714	715.44	0.57427	1.144	0.015814	0.55641	1.0279	0.072974	0.49623	0.96749	0.042708	0.58785	1.1239	0.48063	0.46039	1.1314	0.47121	0.58512	1.1127	0.029396	0.51465	1.1683	0.042422	0.54301	1.2102	0.86413	0.51154	1.0378	0.078736	0.52298	1.1272	0.47753	81.491	-15.801	-11.591	-81.944	37.936	-0.70639	-0.66864	-0.83537	-0.25212	-21.482	10.153	-1.4818	32.69	-20.439	-4.5588
-56.932	19.903	741.87	0.57401	1.1451	0.01582	0.55617	1.0282	0.073437	0.49602	0.96769	0.043632	0.58771	1.1282	0.48034	0.46026	1.1356	0.47081	0.58506	1.1128	0.02944	0.51463	1.1684	0.042358	0.54262	1.2182	0.86298	0.51152	1.0382	0.079198	0.52286	1.1315	0.47726	81.783	-15.749	-11.656	-85.82	39.07	-0.54805	-0.68115	-0.8408	-0.36042	-21.574	10.752	-1.3729	36.013	-20.848	-4.482
-59.026	24.769	769.12	0.57375	1.1459	0.015825	0.556	1.0285	0.073967	0.4959	0.96787	0.044663	0.58761	1.1326	0.48006	0.46017	1.1401	0.4704	0.58503	1.1129	0.029484	0.51462	1.1685	0.042297	0.54227	1.2263	0.86178	0.51157	1.0387	0.079713	0.52276	1.1361	0.477	82.065	-15.679	-11.734	-89.677	40.198	-0.40037	-0.72055	-0.84995	-0.43333	-21.509	11.262	-1.2786	39.479	-21.437	-4.4351
-61.434	30.344	796.83	0.57351	1.1465	0.015828	0.5559	1.0289	0.074576	0.49585	0.96804	0.045807	0.58755	1.1372	0.47978	0.46013	1.1447	0.46995	0.58502	1.113	0.029527	0.51461	1.1686	0.042242	0.54195	1.2345	0.86056	0.51169	1.0392	0.08029	0.5227	1.1408	0.47673	82.335	-15.591	-11.824	-93.49	41.304	-0.26742	-0.78364	-0.8624	-0.46701	-21.3	11.653	-1.2025	43.052	-22.243	-4.4205
-64.188	36.629	824.65	0.57331	1.1469	0.01583	0.55588	1.0293	0.075273	0.4959	0.96821	0.047075	0.58753	1.1419	0.47951	0.46013	1.1496	0.46948	0.58505	1.1131	0.029569	0.51461	1.1686	0.042193	0.54164	1.2427	0.85932	0.51189	1.0397	0.080936	0.52268	1.1457	0.47646	82.586	-15.487	-11.927	-97.229	42.37	-0.15154	-0.86828	-0.87803	-0.45998	-20.949	11.897	-1.1464	46.702	-23.293	-4.438
-67.305	43.603	852.23	0.57316	1.1472	0.015832	0.55595	1.0297	0.076068	0.49605	0.96838	0.048473	0.58755	1.1467	0.47927	0.46018	1.1546	0.469	0.5851	1.1132	0.029608	0.51463	1.1686	0.042151	0.54134	1.251	0.85808	0.51216	1.0402	0.081659	0.5227	1.1507	0.4762	82.817	-15.365	-12.041	-100.87	43.376	-0.053655	-0.97289	-0.89683	-0.41264	-20.451	11.974	-1.1099	50.414	-24.607	-4.4819
-70.774	51.221	879.2	0.57304	1.1474	0.015833	0.55611	1.0302	0.076968	0.49629	0.96856	0.050013	0.58761	1.1516	0.47905	0.46028	1.1598	0.46851	0.58519	1.1133	0.029647	0.51466	1.1687	0.042118	0.54105	1.2595	0.85683	0.51253	1.0408	0.082466	0.52276	1.1558	0.47595	83.023	-15.225	-12.167	-104.37	44.296	0.02668	-1.0963	-0.91891	-0.32706	-19.794	11.87	-1.0911	54.175	-26.187	-4.5411
-74.557	59.421	905.22	0.57295	1.1476	0.015834	0.55637	1.0307	0.077984	0.49662	0.96876	0.051703	0.58769	1.1566	0.47886	0.46041	1.1651	0.46801	0.58531	1.1134	0.029684	0.51472	1.1687	0.042092	0.54075	1.268	0.85558	0.51297	1.0414	0.083367	0.52286	1.1611	0.47571	83.203	-15.068	-12.304	-107.71	45.102	0.091235	-1.2381	-0.94446	-0.20687	-18.962	11.584	-1.0863	57.98	-28.018	-4.5998
-78.584	68.131	929.94	0.57289	1.1476	0.015834	0.55671	1.0312	0.079121	0.49704	0.96898	0.053552	0.5878	1.1618	0.4787	0.46058	1.1707	0.46752	0.58546	1.1135	0.029723	0.51479	1.1687	0.042075	0.54043	1.2766	0.85434	0.5135	1.0421	0.08437	0.52298	1.1666	0.47549	83.355	-14.891	-12.452	-110.85	45.763	0.14249	-1.3988	-0.97364	-0.056844	-17.939	11.123	-1.0907	61.816	-30.062	-4.6398
-82.76	77.273	953.02	0.57283	1.1477	0.015834	0.55713	1.0319	0.080387	0.49754	0.96925	0.055568	0.58793	1.1671	0.47858	0.46076	1.1764	0.46703	0.58563	1.1137	0.029764	0.51488	1.1687	0.042065	0.54008	1.2854	0.85309	0.51408	1.0428	0.085482	0.52313	1.1722	0.47529	83.477	-14.694	-12.609	-113.77	46.249	0.18378	-1.5796	-1.0066	0.11751	-16.706	10.505	-1.0985	65.665	-32.264	-4.6422
-86.974	86.767	974.14	0.57278	1.1478	0.015834	0.55763	1.0326	0.081789	0.4981	0.96957	0.057758	0.58806	1.1725	0.47848	0.46097	1.1822	0.46656	0.58584	1.1138	0.02981	0.51499	1.1687	0.042061	0.5397	1.2943	0.85186	0.51473	1.0436	0.086711	0.5233	1.1779	0.4751	83.571	-14.477	-12.777	-116.43	46.531	0.21909	-1.7828	-1.0438	0.3103	-15.254	9.7588	-1.1033	69.497	-34.554	-4.5892
-91.1	96.534	993.01	0.5727	1.1478	0.015835	0.55818	1.0333	0.083331	0.49873	0.96995	0.060129	0.5882	1.1781	0.47842	0.46118	1.1883	0.4661	0.58606	1.114	0.029862	0.51511	1.1688	0.042062	0.5393	1.3033	0.85062	0.51542	1.0444	0.088063	0.52348	1.1839	0.47492	83.634	-14.24	-12.956	-118.8	46.582	0.25226	-2.0107	-1.0853	0.5157	-13.573	8.9174	-1.099	73.274	-36.852	-4.4658
-95.014	106.5	1009.3	0.57259	1.1479	0.015835	0.5588	1.0342	0.085017	0.49941	0.97041	0.062685	0.58833	1.1838	0.47838	0.4614	1.1946	0.46564	0.58631	1.1143	0.029923	0.51525	1.1688	0.042067	0.53885	1.3125	0.84941	0.51614	1.0454	0.089541	0.52365	1.19	0.47476	83.666	-13.981	-13.146	-120.85	46.381	0.28512	-2.266	-1.1316	0.72848	-11.663	8.0183	-1.0813	76.949	-39.073	-4.2626
-98.598	116.59	1022.9	0.57244	1.148	0.015835	0.55945	1.0352	0.086849	0.50013	0.97096	0.06543	0.58845	1.1898	0.47837	0.46161	1.201	0.46519	0.58657	1.1145	0.029994	0.5154	1.1689	0.042073	0.53836	1.3218	0.84822	0.51689	1.0464	0.091148	0.52382	1.1963	0.47461	83.667	-13.701	-13.348	-122.54	45.912	0.31813	-2.5509	-1.1829	0.94417	-9.5313	7.0995	-1.0475	80.466	-41.136	-3.9743
-101.75	126.74	1033.4	0.57223	1.1481	0.015835	0.56015	1.0362	0.088827	0.50088	0.97161	0.068365	0.58856	1.1959	0.47839	0.46181	1.2077	0.46474	0.58683	1.1148	0.030076	0.51555	1.169	0.042077	0.53783	1.3312	0.84704	0.51766	1.0475	0.092883	0.52398	1.2029	0.47447	83.636	-13.402	-13.563	-123.84	45.168	0.35057	-2.8675	-1.2394	1.1592	-7.1926	6.1955	-0.99644	83.758	-42.97	-3.6001
-104.4	136.88	1040.7	0.57198	1.1483	0.015835	0.56087	1.0374	0.090948	0.50166	0.97238	0.071491	0.58864	1.2023	0.47842	0.46199	1.2146	0.46428	0.5871	1.1151	0.030174	0.51571	1.1692	0.042076	0.53725	1.3407	0.8459	0.51843	1.0488	0.094746	0.52412	1.2096	0.47432	83.571	-13.082	-13.79	-124.72	44.15	0.37987	-3.2177	-1.3012	1.371	-4.6718	5.3344	-0.92897	86.75	-44.519	-3.1437
-106.48	146.96	1044.5	0.57167	1.1484	0.015836	0.56161	1.0387	0.093207	0.50246	0.97328	0.074807	0.5887	1.2089	0.47846	0.46217	1.2217	0.4638	0.58736	1.1155	0.030288	0.51587	1.1694	0.042068	0.53662	1.3504	0.84479	0.51921	1.0501	0.096735	0.52424	1.2166	0.47417	83.471	-12.744	-14.03	-125.15	42.867	0.40286	-3.6033	-1.3684	1.5774	-1.9973	4.5368	-0.84723	89.366	-45.744	-2.6119
-107.98	156.89	1044.7	0.5713	1.1486	0.015836	0.56237	1.0401	0.095598	0.50327	0.97433	0.078312	0.58873	1.2157	0.4785	0.46232	1.2291	0.4633	0.58761	1.1158	0.030424	0.51602	1.1696	0.042047	0.53594	1.3602	0.84372	0.51999	1.0517	0.098845	0.52433	1.2238	0.47401	83.333	-12.389	-14.284	-125.1	41.333	0.41679	-4.0263	-1.4411	1.7766	0.79989	3.8163	-0.75369	91.533	-46.619	-2.0132
-108.86	166.6	1041.1	0.57089	1.1488	0.015836	0.56313	1.0417	0.098114	0.50408	0.97555	0.082005	0.58875	1.2227	0.47853	0.46247	1.2367	0.46275	0.58784	1.1162	0.030586	0.51617	1.1699	0.04201	0.53519	1.3701	0.84268	0.52076	1.0533	0.10107	0.52441	1.2312	0.47382	83.156	-12.017	-14.552	-124.53	39.567	0.41974	-4.4886	-1.5191	1.9673	3.6885	3.1807	-0.65087	93.186	-47.132	-1.3563
-109.14	175.96	1033.6	0.57044	1.1489	0.015835	0.56389	1.0434	0.10075	0.50487	0.97695	0.085884	0.58874	1.23	0.47855	0.4626	1.2445	0.46216	0.58806	1.1167	0.030782	0.5163	1.1702	0.041954	0.53439	1.3801	0.84168	0.52153	1.0551	0.10341	0.52445	1.2389	0.47361	82.934	-11.63	-14.833	-123.41	37.593	0.41002	-4.9922	-1.6021	2.1484	6.6405	2.634	-0.54207	94.273	-47.276	-0.65141
-108.79	184.84	1022	0.56995	1.1491	0.015835	0.56464	1.0452	0.1035	0.50565	0.97856	0.089947	0.58871	1.2375	0.47853	0.46272	1.2526	0.46151	0.58825	1.1172	0.031021	0.51642	1.1705	0.041873	0.53352	1.3903	0.84071	0.52228	1.0571	0.10586	0.52448	1.2468	0.47335	82.664	-11.229	-15.127	-121.73	35.437	0.38597	-5.5397	-1.6895	2.3188	9.631	2.1796	-0.43153	94.754	-47.049	0.089392
-107.82	193.06	1006.1	0.56942	1.1492	0.015834	0.56538	1.0473	0.10636	0.50638	0.98041	0.094195	0.58868	1.2453	0.47848	0.46284	1.2609	0.46078	0.58841	1.1176	0.031312	0.51652	1.1708	0.041765	0.53258	1.4005	0.83977	0.52302	1.0593	0.1084	0.5245	1.255	0.47303	82.341	-10.813	-15.434	-119.45	33.125	0.34676	-6.1342	-1.7804	2.4772	12.638	1.8217	-0.32381	94.605	-46.446	0.85181
-106.2	200.41	985.81	0.56885	1.1493	0.015833	0.56609	1.0495	0.10932	0.50704	0.98252	0.098626	0.58863	1.2534	0.47837	0.46298	1.2696	0.45996	0.58854	1.1182	0.031666	0.51659	1.1712	0.041625	0.53156	1.4109	0.83886	0.52374	1.0617	0.11103	0.52452	1.2635	0.47264	81.958	-10.38	-15.753	-116.54	30.683	0.29331	-6.7794	-1.8738	2.6216	15.642	1.5657	-0.22308	93.815	-45.463	1.6194
-103.92	206.65	960.86	0.56826	1.1494	0.015832	0.56676	1.0519	0.1124	0.50762	0.98494	0.10325	0.58859	1.2618	0.4782	0.46313	1.2786	0.45903	0.58863	1.1187	0.032097	0.51665	1.1716	0.041454	0.53046	1.4214	0.83797	0.52442	1.0643	0.11376	0.52455	1.2723	0.47216	81.51	-9.9297	-16.083	-112.97	28.139	0.22793	-7.4802	-1.9686	2.749	18.623	1.4189	-0.13331	92.388	-44.097	2.373
-100.96	211.48	931.1	0.56764	1.1495	0.015831	0.56738	1.0545	0.11558	0.50809	0.98771	0.10805	0.58857	1.2705	0.47796	0.46331	1.2879	0.45798	0.58868	1.1193	0.032622	0.51668	1.172	0.041249	0.52928	1.432	0.8371	0.52506	1.0672	0.11658	0.5246	1.2815	0.47158	80.989	-9.4584	-16.421	-108.72	25.521	0.15367	-8.2425	-2.0639	2.855	21.563	1.3894	-0.058854	90.344	-42.344	3.0907
-97.295	214.61	896.39	0.56698	1.1496	0.01583	0.56792	1.0574	0.11887	0.50842	0.99086	0.11305	0.58856	1.2795	0.47764	0.46355	1.2976	0.45678	0.58868	1.1198	0.03326	0.51668	1.1724	0.041015	0.52801	1.4427	0.83627	0.52564	1.0704	0.11948	0.52468	1.291	0.47088	80.385	-8.9629	-16.765	-103.79	22.859	0.074425	-9.0735	-2.1588	2.9338	24.437	1.4838	-0.004223	87.715	-40.212	3.7493
-92.925	215.7	856.61	0.5663	1.1497	0.015829	0.56837	1.0606	0.12228	0.50858	0.99444	0.11825	0.58858	1.2888	0.47723	0.46385	1.3077	0.45543	0.58864	1.1204	0.034034	0.51666	1.1729	0.040758	0.52665	1.4535	0.83546	0.52614	1.0739	0.12246	0.52482	1.3009	0.47004	79.691	-8.44	-17.111	-98.158	20.188	-0.004482	-9.9813	-2.253	2.9785	27.206	1.7043	0.026906	84.541	-37.716	4.3265
-87.866	214.44	811.74	0.56559	1.1498	0.015828	0.56872	1.064	0.12582	0.50855	0.99851	0.12366	0.58865	1.2985	0.47672	0.46423	1.3183	0.45392	0.58856	1.1211	0.034977	0.51662	1.1733	0.040489	0.52519	1.4643	0.8347	0.52655	1.0777	0.12553	0.52501	1.3112	0.46906	78.896	-7.8879	-17.456	-91.853	17.547	-0.077349	-10.975	-2.3469	2.9815	29.819	2.0465	0.031524	80.872	-34.892	4.8041
-82.163	210.56	761.9	0.56485	1.15	0.015827	0.56893	1.0679	0.12949	0.50829	1.0031	0.12929	0.58876	1.3086	0.47611	0.46471	1.3294	0.45222	0.58842	1.1218	0.036124	0.51656	1.1738	0.040224	0.52365	1.4752	0.83397	0.52685	1.0819	0.1287	0.52528	1.3219	0.46791	77.993	-7.307	-17.79	-84.914	14.983	-0.13894	-12.063	-2.441	2.9352	32.207	2.4968	0.00715	76.766	-31.79	5.1673
-75.892	203.86	707.38	0.5641	1.1503	0.015827	0.56898	1.0721	0.13332	0.50779	1.0083	0.13514	0.58893	1.3192	0.47538	0.46529	1.341	0.45033	0.58823	1.1226	0.037522	0.51649	1.1744	0.039989	0.52201	1.4861	0.83328	0.52702	1.0865	0.13197	0.52564	1.3332	0.46658	76.974	-6.7013	-18.105	-77.415	12.55	-0.18517	-13.257	-2.5363	2.8324	34.281	3.0299	-0.047835	72.279	-28.484	5.4064
-69.172	194.25	648.7	0.56334	1.1507	0.015827	0.56886	1.0768	0.13733	0.50702	1.0141	0.14121	0.58916	1.3302	0.47454	0.46599	1.3531	0.44825	0.58799	1.1235	0.039219	0.51643	1.1751	0.039812	0.52029	1.497	0.83264	0.52704	1.0916	0.13535	0.5261	1.3449	0.46507	75.836	-6.0798	-18.389	-69.468	10.303	-0.21398	-14.566	-2.634	2.6671	35.934	3.6057	-0.13311	67.47	-25.069	5.518
-62.156	181.84	586.64	0.56257	1.1513	0.015829	0.56855	1.082	0.14152	0.50599	1.0207	0.14753	0.58946	1.3417	0.47359	0.46682	1.3659	0.44598	0.58769	1.1245	0.041272	0.51638	1.1759	0.039734	0.51848	1.5079	0.83205	0.52689	1.0972	0.13886	0.52665	1.3572	0.46337	74.578	-5.4576	-18.629	-61.225	8.2935	-0.22663	-16	-2.7353	2.4359	37.047	4.1703	-0.24605	62.387	-21.659	5.5039
-55.024	166.92	522.27	0.5618	1.1521	0.015832	0.56802	1.0877	0.14591	0.50466	1.0279	0.15407	0.58983	1.3537	0.47251	0.46778	1.3793	0.44353	0.58732	1.1258	0.043737	0.51636	1.1769	0.0398	0.51659	1.5187	0.83154	0.52655	1.1032	0.14252	0.5273	1.3701	0.46148	73.208	-4.8556	-18.813	-52.874	6.5627	-0.22712	-17.567	-2.8412	2.1379	37.498	4.6613	-0.38037	57.068	-18.375	5.3704
-47.969	150	456.9	0.56105	1.1531	0.015836	0.56727	1.094	0.15052	0.50304	1.0359	0.16085	0.59026	1.3662	0.47131	0.46887	1.3933	0.44092	0.58689	1.1274	0.046666	0.5164	1.1782	0.040059	0.51463	1.5295	0.83109	0.526	1.1099	0.14633	0.52806	1.3836	0.45942	71.74	-4.3004	-18.929	-44.63	5.1359	-0.22141	-19.272	-2.9534	1.7765	37.172	5.0133	-0.52492	51.527	-15.332	5.1263
-41.172	131.81	391.99	0.56033	1.1542	0.015841	0.56629	1.1009	0.15537	0.50113	1.0447	0.16782	0.59075	1.3794	0.46998	0.47007	1.4079	0.43816	0.58639	1.1294	0.050105	0.5165	1.1799	0.040564	0.5126	1.5402	0.83071	0.52522	1.1172	0.15031	0.5289	1.3977	0.45718	70.199	-3.8235	-18.972	-36.721	4.0152	-0.2174	-21.119	-3.0732	1.3595	35.975	5.1653	-0.66408	45.746	-12.625	4.7779
-34.788	113.21	329.01	0.55963	1.1555	0.015848	0.56507	1.1084	0.16045	0.49894	1.0543	0.17497	0.59129	1.3931	0.46855	0.47138	1.4232	0.43529	0.5858	1.1319	0.054083	0.51669	1.182	0.041361	0.5105	1.5507	0.83042	0.52419	1.1251	0.15447	0.52982	1.4124	0.4548	68.623	-3.4577	-18.942	-29.364	3.1766	-0.22416	-23.104	-3.202	0.89876	33.854	5.0688	-0.77816	39.698	-10.315	4.3276
-28.923	94.968	269.38	0.55896	1.1569	0.015855	0.56363	1.1167	0.16575	0.49647	1.0647	0.18224	0.59187	1.4074	0.46701	0.47276	1.4391	0.43234	0.58514	1.135	0.058607	0.51697	1.1848	0.042491	0.50836	1.5612	0.8302	0.52291	1.1337	0.1588	0.53079	1.4277	0.45231	67.054	-3.2352	-18.847	-22.746	2.5725	-0.24687	-25.219	-3.341	0.40984	30.834	4.7059	-0.84631	33.422	-8.4148	3.782
-23.631	77.682	214.37	0.5583	1.1583	0.015862	0.56195	1.1257	0.17124	0.49376	1.0759	0.18954	0.59246	1.4223	0.46539	0.4742	1.4556	0.42936	0.5844	1.1389	0.063657	0.51736	1.1883	0.043978	0.50618	1.5715	0.83005	0.52136	1.143	0.16328	0.5318	1.4436	0.44973	65.542	-3.1838	-18.704	-17.001	2.1378	-0.28292	-27.45	-3.4908	-0.088842	27.054	4.1074	-0.85211	27.103	-6.8808	3.1636
-18.93	61.755	165.02	0.55762	1.1597	0.015869	0.56007	1.1355	0.17688	0.4908	1.0879	0.19681	0.59305	1.4378	0.46372	0.47566	1.4727	0.4264	0.58359	1.1437	0.069184	0.51787	1.1928	0.045833	0.50399	1.5816	0.82998	0.51954	1.1531	0.16788	0.53281	1.46	0.44712	64.14	-3.3241	-18.534	-12.218	1.8102	-0.33829	-29.775	-3.6505	-0.57786	22.79	3.329	-0.79304	21.009	-5.6777	2.5034
-14.812	47.472	122.02	0.55684	1.1611	0.015876	0.55799	1.1461	0.18261	0.48764	1.1007	0.20393	0.59362	1.4538	0.46203	0.4771	1.4902	0.42353	0.5827	1.1495	0.075114	0.5185	1.1983	0.048051	0.50181	1.5917	0.82997	0.51747	1.164	0.17255	0.53379	1.4769	0.44454	62.898	-3.6669	-18.358	-8.3711	1.5211	-0.39217	-32.168	-3.8182	-1.0391	18.228	2.4636	-0.67679	15.377	-4.6726	1.8444
-11.252	35.011	85.685	0.5558	1.1625	0.015883	0.55574	1.1576	0.18837	0.4843	1.1143	0.21082	0.59414	1.4702	0.46037	0.47849	1.5083	0.42079	0.58174	1.1564	0.081351	0.51924	1.205	0.050613	0.49966	1.6016	0.83002	0.51514	1.1758	0.17723	0.53471	1.4943	0.44202	61.862	-4.2118	-18.193	-5.4185	1.2318	-0.44935	-34.598	-3.9911	-1.4578	13.655	1.5816	-0.52345	10.401	-3.8185	1.2178
-8.2158	24.458	55.964	0.55413	1.164	0.015888	0.55335	1.1698	0.1941	0.48082	1.1286	0.21736	0.59459	1.4871	0.45878	0.47979	1.5267	0.41826	0.58074	1.1646	0.087777	0.52006	1.213	0.053487	0.49756	1.6115	0.83013	0.51259	1.1884	0.18187	0.53553	1.512	0.43965	61.069	-4.9445	-18.048	-3.442	0.98202	-0.61705	-37.037	-4.1656	-1.8257	9.7782	0.6539	-0.36761	6.2529	-3.4179	0.61349
-5.6763	15.815	32.529	0.55073	1.1656	0.015889	0.55085	1.1829	0.1997	0.47726	1.1434	0.22348	0.59494	1.5043	0.45732	0.48096	1.5455	0.416	0.5797	1.1741	0.094262	0.52094	1.2224	0.056629	0.49554	1.6212	0.83031	0.50984	1.2019	0.18641	0.53622	1.5301	0.43748	60.545	-5.8363	-17.922	-1.608	0.53277	-0.46319	-39.454	-4.3383	-2.1418	4.9156	0.10548	-0.19392	2.7502	-2.0358	0.19848
0	0	0	NaN	NaN	NaN	0.54828	1.1967	0.2051	0.47368	1.1589	0.2291	0.59519	1.5219	0.45604	0.48197	1.5645	0.41407	0.57862	1.185	0.10067	0.52181	1.2332	0.059983	0.49363	1.6309	0.83055	0.50691	1.2162	0.19079	0.53677	1.5485	0.43557	60.305	-6.8444	-17.803	0.028103	0.000414	0.007762	-41.822	-4.5061	-2.4119	0.075373	0.078901	-0.047378	0.40945	0.10661	0.062505
