0.632	0.76448	0.10183	0.51934	0.78494	0.10957	0.56414	0.69785	0.060498	0.63362	0.83843	0.51491	0.50685	0.83274	0.50212	0.64765	0.90843	0.062684	0.56499	0.94979	0.067849	0.57299	0.868	0.89967	0.57548	0.77569	0.10568	0.57087	0.83444	0.50733	83.379	-8.851	-7.5363	-4.0767	-0.87945	-6.01
0.632	0.76447	0.10183	0.51933	0.78495	0.10955	0.56414	0.69785	0.060505	0.63363	0.83853	0.51491	0.50687	0.83287	0.50211	0.64766	0.90846	0.062657	0.56499	0.94981	0.067823	0.57304	0.86818	0.89966	0.57547	0.7757	0.1057	0.57089	0.83456	0.50733	83.382	-8.8432	-7.5276	-4.0781	-0.87783	-6.0028
0.632	0.76447	0.10183	0.51932	0.78495	0.10953	0.56414	0.69785	0.060515	0.63365	0.83864	0.51491	0.50689	0.83301	0.50211	0.64766	0.90849	0.06263	0.56499	0.94984	0.067795	0.57309	0.86836	0.89965	0.57547	0.77571	0.10572	0.57091	0.83468	0.50733	83.384	-8.8338	-7.5182	-4.08	-0.87553	-5.9979
0.63199	0.76447	0.10183	0.51931	0.78496	0.10952	0.56415	0.69785	0.060527	0.63368	0.83874	0.51491	0.50692	0.83314	0.50211	0.64766	0.90851	0.062604	0.56499	0.94986	0.067764	0.57315	0.86855	0.89963	0.57547	0.77572	0.10573	0.57093	0.83481	0.50733	83.387	-8.8228	-7.508	-4.0824	-0.87237	-5.9963
0.63199	0.76447	0.10183	0.51931	0.78496	0.1095	0.56415	0.69785	0.06054	0.6337	0.83885	0.5149	0.50694	0.83328	0.50211	0.64767	0.90854	0.062579	0.56499	0.94989	0.06773	0.5732	0.86874	0.8996	0.57546	0.77572	0.10575	0.57095	0.83493	0.50732	83.39	-8.8103	-7.4969	-4.0847	-0.86841	-5.9983
0.63199	0.76448	0.10183	0.51929	0.78497	0.10949	0.56415	0.69786	0.060554	0.63373	0.83896	0.51489	0.50696	0.83341	0.5021	0.64767	0.90856	0.062556	0.56499	0.94992	0.067694	0.57325	0.86895	0.89956	0.57546	0.77572	0.10577	0.57098	0.83506	0.50731	83.394	-8.797	-7.485	-4.0867	-0.8637	-6.0035
0.63199	0.76449	0.10182	0.51928	0.78497	0.10948	0.56415	0.69786	0.060567	0.63376	0.83908	0.51488	0.50698	0.83355	0.50209	0.64768	0.90859	0.062533	0.56499	0.94995	0.067656	0.5733	0.86918	0.89951	0.57545	0.77572	0.10579	0.571	0.83518	0.50729	83.398	-8.7835	-7.4727	-4.0876	-0.85868	-6.0108
0.632	0.76449	0.10182	0.51927	0.78498	0.10947	0.56415	0.69787	0.060578	0.63378	0.8392	0.51486	0.507	0.83368	0.50209	0.64768	0.90861	0.06251	0.56499	0.94998	0.067617	0.57334	0.86942	0.89944	0.57544	0.77572	0.1058	0.57102	0.83531	0.50727	83.402	-8.7706	-7.4604	-4.0869	-0.85382	-6.0184
0.632	0.7645	0.10181	0.51926	0.78499	0.10947	0.56415	0.69787	0.060587	0.63381	0.83932	0.51484	0.50702	0.83381	0.50208	0.64769	0.90863	0.062488	0.56499	0.95001	0.067578	0.57339	0.86967	0.89936	0.57544	0.77573	0.10581	0.57105	0.83543	0.50725	83.406	-8.7582	-7.4484	-4.0838	-0.84967	-6.0252
0.63201	0.76451	0.1018	0.51924	0.785	0.10946	0.56414	0.69788	0.060596	0.63383	0.83944	0.51483	0.50704	0.83395	0.50208	0.64769	0.90866	0.062465	0.56499	0.95004	0.067539	0.57343	0.86995	0.89926	0.57543	0.77574	0.10583	0.57107	0.83556	0.50723	83.408	-8.7457	-7.4374	-4.0779	-0.84681	-6.0305
0.63201	0.76452	0.1018	0.51922	0.78501	0.10945	0.56413	0.69789	0.060605	0.63384	0.83956	0.51481	0.50706	0.83408	0.50208	0.64769	0.90868	0.062442	0.56498	0.95007	0.0675	0.57347	0.87023	0.89916	0.57543	0.77576	0.10583	0.57108	0.83567	0.50721	83.409	-8.7328	-7.4276	-4.0693	-0.84567	-6.0351
0.63201	0.76453	0.10179	0.5192	0.78502	0.10945	0.56413	0.69791	0.060615	0.63386	0.83968	0.51479	0.50707	0.8342	0.50208	0.6477	0.90871	0.062419	0.56498	0.95011	0.067462	0.57351	0.87051	0.89906	0.57544	0.77579	0.10584	0.5711	0.83579	0.50719	83.406	-8.7193	-7.419	-4.058	-0.84617	-6.0397
0.63202	0.76453	0.10179	0.51918	0.78503	0.10944	0.56412	0.69792	0.060626	0.63387	0.83978	0.51478	0.50709	0.83432	0.50207	0.6477	0.90874	0.062395	0.56498	0.95014	0.067422	0.57355	0.87079	0.89898	0.57544	0.77584	0.10584	0.57111	0.8359	0.50717	83.4	-8.7055	-7.4112	-4.0436	-0.8478	-6.0454
0.63202	0.76455	0.10179	0.51916	0.78504	0.10944	0.56412	0.69793	0.060637	0.63389	0.83988	0.51476	0.5071	0.83443	0.50207	0.6477	0.90877	0.062372	0.56498	0.95017	0.067383	0.57359	0.87105	0.8989	0.57544	0.77589	0.10585	0.57113	0.836	0.50716	83.391	-8.6918	-7.4039	-4.0261	-0.85008	-6.0525
0.63202	0.76455	0.10179	0.51914	0.78505	0.10943	0.56411	0.69794	0.060649	0.63391	0.83996	0.51475	0.50712	0.83452	0.50207	0.64769	0.9088	0.062348	0.56498	0.9502	0.067343	0.57362	0.8713	0.89884	0.57545	0.77594	0.10584	0.57114	0.83608	0.50715	83.38	-8.6788	-7.397	-4.0054	-0.8523	-6.0613
0.63203	0.76456	0.10178	0.51913	0.78506	0.10942	0.56411	0.69795	0.060661	0.63392	0.84003	0.51475	0.50714	0.83458	0.50207	0.64769	0.90882	0.062325	0.56498	0.95024	0.067304	0.57365	0.87154	0.89879	0.57546	0.776	0.10584	0.57115	0.83615	0.50714	83.366	-8.6672	-7.3903	-3.9819	-0.85389	-6.0717
0.63203	0.76457	0.10178	0.51912	0.78507	0.10941	0.56411	0.69796	0.060673	0.63394	0.84008	0.51474	0.50715	0.83463	0.50207	0.64769	0.90885	0.062304	0.56498	0.95026	0.067267	0.57369	0.87176	0.89875	0.57546	0.77605	0.10584	0.57116	0.8362	0.50714	83.352	-8.6574	-7.3835	-3.9564	-0.85422	-6.0838
0.63203	0.76457	0.10177	0.51911	0.78508	0.10941	0.56411	0.69797	0.060686	0.63396	0.84012	0.51474	0.50717	0.83466	0.50206	0.64768	0.90887	0.062285	0.56498	0.95029	0.067233	0.57372	0.87196	0.89874	0.57547	0.7761	0.10584	0.57117	0.83624	0.50714	83.338	-8.6496	-7.3762	-3.9298	-0.8531	-6.0978
0.63204	0.76457	0.10176	0.5191	0.78509	0.1094	0.56412	0.69798	0.060701	0.63399	0.84016	0.51473	0.50719	0.83468	0.50206	0.64768	0.90888	0.06227	0.56498	0.95031	0.067203	0.57374	0.87215	0.89874	0.57547	0.77614	0.10584	0.57119	0.83627	0.50714	83.324	-8.6442	-7.3688	-3.9037	-0.85093	-6.1132
0.63204	0.76457	0.10175	0.5191	0.7851	0.10939	0.56413	0.69798	0.060717	0.63401	0.84019	0.51473	0.5072	0.8347	0.50206	0.64767	0.9089	0.062258	0.56498	0.95033	0.067176	0.57377	0.87232	0.89875	0.57547	0.77617	0.10584	0.5712	0.8363	0.50715	83.312	-8.6409	-7.3617	-3.8794	-0.84831	-6.1301
0.63204	0.76458	0.10174	0.51909	0.78511	0.10938	0.56414	0.69799	0.060734	0.63402	0.84023	0.51473	0.50722	0.83471	0.50206	0.64766	0.90891	0.06225	0.56497	0.95035	0.067154	0.57379	0.87248	0.89878	0.57547	0.7762	0.10584	0.57121	0.83633	0.50715	83.301	-8.6391	-7.3556	-3.8579	-0.8461	-6.1482
0.63204	0.76458	0.10173	0.51909	0.78511	0.10938	0.56415	0.69799	0.060749	0.63403	0.84028	0.51473	0.50723	0.83473	0.50206	0.64766	0.90893	0.062243	0.56497	0.95036	0.067134	0.57381	0.87263	0.89881	0.57547	0.77622	0.10585	0.57122	0.83637	0.50716	83.292	-8.6383	-7.3509	-3.8403	-0.84495	-6.1675
0.63204	0.76459	0.10172	0.51908	0.78512	0.10937	0.56416	0.69799	0.060762	0.63404	0.84033	0.51473	0.50723	0.83475	0.50206	0.64765	0.90894	0.062237	0.56497	0.95038	0.067118	0.57383	0.87277	0.89885	0.57547	0.77624	0.10585	0.57123	0.83642	0.50716	83.287	-8.6377	-7.3473	-3.8271	-0.84481	-6.1872
0.63204	0.7646	0.10171	0.51907	0.78513	0.10937	0.56417	0.698	0.060773	0.63405	0.84039	0.51472	0.50724	0.83479	0.50206	0.64765	0.90895	0.06223	0.56496	0.95039	0.067104	0.57385	0.8729	0.89889	0.57547	0.77626	0.10585	0.57124	0.83648	0.50717	83.284	-8.6368	-7.344	-3.8188	-0.84527	-6.2066
0.63204	0.7646	0.1017	0.51906	0.78514	0.10937	0.56418	0.698	0.060782	0.63405	0.84046	0.51472	0.50724	0.83485	0.50205	0.64764	0.90896	0.062223	0.56496	0.9504	0.067091	0.57386	0.87301	0.89894	0.57547	0.77628	0.10585	0.57124	0.83655	0.50717	83.285	-8.6351	-7.3409	-3.8153	-0.84576	-6.2251
0.63204	0.76461	0.1017	0.51905	0.78514	0.10936	0.56418	0.698	0.06079	0.63406	0.84054	0.51471	0.50725	0.83491	0.50205	0.64764	0.90897	0.062215	0.56496	0.95041	0.067079	0.57387	0.87312	0.89899	0.57546	0.7763	0.10585	0.57124	0.83663	0.50717	83.288	-8.6332	-7.3373	-3.8163	-0.84529	-6.242
0.63204	0.76462	0.10171	0.51904	0.78515	0.10936	0.56419	0.698	0.060797	0.63406	0.84063	0.5147	0.50725	0.83499	0.50204	0.64764	0.90897	0.062207	0.56496	0.95041	0.067067	0.57388	0.87322	0.89904	0.57546	0.77632	0.10585	0.57124	0.83672	0.50717	83.293	-8.6318	-7.333	-3.8205	-0.84362	-6.2564
0.63204	0.76462	0.10171	0.51904	0.78515	0.10936	0.56419	0.698	0.060803	0.63406	0.84072	0.51468	0.50725	0.83507	0.50203	0.64764	0.90898	0.062198	0.56496	0.95042	0.067056	0.5739	0.87332	0.89908	0.57545	0.77634	0.10585	0.57124	0.83682	0.50717	83.298	-8.632	-7.3278	-3.8266	-0.84106	-6.2678
0.63204	0.76463	0.10171	0.51903	0.78516	0.10935	0.56419	0.698	0.060807	0.63406	0.84081	0.51467	0.50725	0.83516	0.50202	0.64764	0.90898	0.062189	0.56496	0.95043	0.067044	0.5739	0.87341	0.89912	0.57544	0.77637	0.10585	0.57123	0.83692	0.50717	83.304	-8.6345	-7.3216	-3.8335	-0.83799	-6.2765
0.63203	0.76464	0.10172	0.51903	0.78516	0.10935	0.56419	0.69801	0.06081	0.63406	0.84091	0.51465	0.50725	0.83525	0.50201	0.64764	0.90899	0.062179	0.56495	0.95044	0.067032	0.57391	0.87351	0.89915	0.57542	0.77639	0.10585	0.57122	0.83702	0.50716	83.31	-8.6396	-7.3145	-3.8399	-0.83517	-6.2832
0.63203	0.76465	0.10172	0.51902	0.78517	0.10934	0.56418	0.69801	0.060812	0.63405	0.841	0.51463	0.50725	0.83534	0.50199	0.64764	0.909	0.06217	0.56495	0.95045	0.067021	0.57392	0.87361	0.89917	0.5754	0.77642	0.10585	0.57122	0.83712	0.50715	83.315	-8.6462	-7.3071	-3.8449	-0.8335	-6.2891
0.63202	0.76466	0.10172	0.51902	0.78517	0.10933	0.56417	0.69802	0.060813	0.63404	0.8411	0.51461	0.50725	0.83542	0.50198	0.64763	0.909	0.062161	0.56494	0.95046	0.067009	0.57393	0.87372	0.89918	0.57539	0.77645	0.10585	0.57121	0.83721	0.50714	83.319	-8.6528	-7.3003	-3.8482	-0.83368	-6.2959
0.63202	0.76468	0.10172	0.51901	0.78517	0.10933	0.56416	0.69803	0.060815	0.63402	0.84119	0.51459	0.50724	0.83549	0.50197	0.64763	0.90901	0.062154	0.56494	0.95047	0.066997	0.57394	0.87384	0.89919	0.57538	0.77649	0.10585	0.5712	0.8373	0.50713	83.321	-8.6582	-7.2942	-3.8493	-0.83536	-6.304
0.63201	0.76469	0.10172	0.51901	0.78518	0.10932	0.56416	0.69804	0.060818	0.63402	0.84127	0.51458	0.50724	0.83556	0.50197	0.64762	0.90902	0.062149	0.56493	0.95049	0.066986	0.57395	0.87395	0.89918	0.57537	0.77652	0.10585	0.5712	0.83738	0.50712	83.322	-8.6621	-7.2888	-3.8484	-0.83767	-6.3136
0.63201	0.7647	0.10172	0.51901	0.78519	0.10932	0.56415	0.69804	0.060821	0.63401	0.84135	0.51456	0.50723	0.83562	0.50196	0.64761	0.90903	0.062144	0.56493	0.9505	0.066974	0.57396	0.87407	0.89918	0.57536	0.77656	0.10585	0.57119	0.83745	0.50711	83.323	-8.6645	-7.2843	-3.8457	-0.84001	-6.3236
0.63201	0.76471	0.10172	0.519	0.78519	0.10932	0.56415	0.69805	0.060826	0.63401	0.84143	0.51455	0.50723	0.83569	0.50196	0.64761	0.90904	0.06214	0.56493	0.95051	0.066963	0.57397	0.87419	0.89916	0.57536	0.77659	0.10585	0.57119	0.83753	0.5071	83.322	-8.6655	-7.2812	-3.8415	-0.84226	-6.3333
0.63201	0.76472	0.10172	0.519	0.7852	0.10932	0.56415	0.69805	0.060831	0.63401	0.8415	0.51454	0.50723	0.83574	0.50195	0.6476	0.90904	0.062136	0.56493	0.95052	0.066951	0.57397	0.87432	0.89915	0.57536	0.77663	0.10585	0.57119	0.83759	0.5071	83.322	-8.6656	-7.2797	-3.836	-0.84465	-6.3417
0.63201	0.76472	0.10172	0.519	0.7852	0.10932	0.56414	0.69806	0.060834	0.63401	0.84157	0.51453	0.50723	0.8358	0.50195	0.6476	0.90905	0.062131	0.56493	0.95052	0.06694	0.57398	0.87444	0.89914	0.57536	0.77666	0.10585	0.57119	0.83766	0.50709	83.321	-8.6657	-7.2794	-3.8296	-0.84721	-6.3481
0.63201	0.76473	0.10172	0.51899	0.78521	0.10932	0.56414	0.69806	0.060836	0.63401	0.84163	0.51452	0.50724	0.83586	0.50195	0.6476	0.90906	0.062126	0.56493	0.95053	0.066929	0.57398	0.87457	0.89912	0.57536	0.77669	0.10585	0.5712	0.83772	0.50709	83.32	-8.6663	-7.2791	-3.8224	-0.8492	-6.3522
0.63201	0.76473	0.10173	0.51899	0.78521	0.10931	0.56414	0.69807	0.060836	0.63401	0.84168	0.51452	0.50724	0.83591	0.50194	0.6476	0.90906	0.062123	0.56493	0.95053	0.066919	0.57399	0.8747	0.8991	0.57536	0.77671	0.10585	0.5712	0.83778	0.50708	83.321	-8.6679	-7.2778	-3.8145	-0.84998	-6.354
0.63201	0.76473	0.10173	0.51898	0.78521	0.10931	0.56413	0.69807	0.060836	0.634	0.84174	0.51451	0.50724	0.83596	0.50193	0.64759	0.90907	0.062121	0.56493	0.95054	0.066911	0.57399	0.87482	0.89908	0.57535	0.77673	0.10585	0.5712	0.83783	0.50707	83.321	-8.6699	-7.2753	-3.806	-0.84961	-6.3541
0.632	0.76473	0.10173	0.51898	0.78522	0.10931	0.56413	0.69808	0.060836	0.634	0.84178	0.5145	0.50724	0.836	0.50192	0.64759	0.90907	0.06212	0.56493	0.95054	0.066904	0.574	0.87495	0.89907	0.57535	0.77675	0.10585	0.57119	0.83787	0.50706	83.322	-8.672	-7.2723	-3.797	-0.8487	-6.353
0.63199	0.76473	0.10173	0.51898	0.78522	0.10931	0.56412	0.69808	0.060837	0.634	0.84183	0.51449	0.50724	0.83605	0.50191	0.64759	0.90907	0.062119	0.56493	0.95055	0.066898	0.57401	0.87507	0.89905	0.57534	0.77676	0.10585	0.57119	0.83792	0.50705	83.323	-8.6741	-7.2691	-3.788	-0.84772	-6.3511
0.63199	0.76473	0.10173	0.51897	0.78522	0.1093	0.56411	0.69808	0.060836	0.634	0.84187	0.51448	0.50724	0.83609	0.5019	0.64759	0.90908	0.062117	0.56493	0.95056	0.066893	0.57402	0.87519	0.89904	0.57533	0.77678	0.10585	0.57119	0.83796	0.50705	83.324	-8.6765	-7.2656	-3.7793	-0.84652	-6.3492
0.63198	0.76472	0.10173	0.51898	0.78523	0.10929	0.5641	0.69808	0.060834	0.63401	0.84192	0.51447	0.50724	0.83614	0.50189	0.64759	0.90908	0.062114	0.56493	0.95056	0.066887	0.57403	0.87531	0.89904	0.57532	0.77679	0.10585	0.57119	0.83801	0.50704	83.326	-8.6792	-7.2612	-3.7717	-0.84448	-6.3476
0.63198	0.76472	0.10173	0.51898	0.78523	0.10928	0.56409	0.69809	0.060833	0.63401	0.84196	0.51446	0.50724	0.83618	0.50188	0.64759	0.90908	0.062111	0.56493	0.95057	0.066882	0.57405	0.87543	0.89904	0.57531	0.7768	0.10586	0.5712	0.83805	0.50704	83.329	-8.6818	-7.256	-3.7653	-0.84129	-6.3472
0.63197	0.76472	0.10173	0.51898	0.78523	0.10928	0.56408	0.69809	0.060832	0.63402	0.84201	0.51446	0.50725	0.83623	0.50187	0.64759	0.90909	0.062108	0.56493	0.95057	0.066876	0.57406	0.87554	0.89904	0.57529	0.77681	0.10586	0.5712	0.8381	0.50704	83.333	-8.6836	-7.2512	-3.7601	-0.83775	-6.3483
0.63197	0.76472	0.10174	0.51898	0.78524	0.10928	0.56408	0.69809	0.060832	0.63403	0.84207	0.51445	0.50725	0.83629	0.50185	0.64759	0.90909	0.062104	0.56493	0.95058	0.06687	0.57408	0.87565	0.89904	0.57528	0.77682	0.10586	0.5712	0.83816	0.50703	83.336	-8.6838	-7.2482	-3.7557	-0.83541	-6.3514
0.63197	0.76472	0.10174	0.51898	0.78525	0.10928	0.56407	0.69809	0.060834	0.63403	0.84212	0.51444	0.50725	0.83634	0.50184	0.64758	0.90909	0.062101	0.56493	0.95058	0.066862	0.57409	0.87577	0.89904	0.57528	0.77684	0.10587	0.57121	0.83821	0.50703	83.339	-8.6821	-7.2479	-3.7514	-0.83523	-6.356
0.63197	0.76473	0.10174	0.51898	0.78525	0.10929	0.56407	0.6981	0.060836	0.63404	0.84218	0.51443	0.50725	0.8364	0.50183	0.64758	0.90909	0.062097	0.56493	0.95059	0.066855	0.5741	0.87589	0.89904	0.57528	0.77686	0.10587	0.57121	0.83827	0.50702	83.342	-8.6785	-7.2497	-3.7469	-0.83705	-6.3614
0.63197	0.76474	0.10174	0.51897	0.78526	0.10929	0.56407	0.6981	0.060839	0.63404	0.84224	0.51442	0.50726	0.83646	0.50182	0.64758	0.9091	0.062094	0.56493	0.9506	0.066847	0.5741	0.87602	0.89904	0.57529	0.77688	0.10587	0.57122	0.83834	0.50702	83.344	-8.6732	-7.2526	-3.7417	-0.84007	-6.3667
0.63197	0.76475	0.10175	0.51897	0.78527	0.1093	0.56407	0.6981	0.060843	0.63404	0.84229	0.51441	0.50726	0.83653	0.50181	0.64757	0.9091	0.06209	0.56493	0.9506	0.066839	0.57411	0.87614	0.89903	0.5753	0.7769	0.10587	0.57122	0.8384	0.50701	83.345	-8.667	-7.2557	-3.7357	-0.8434	-6.3711
0.63197	0.76476	0.10176	0.51897	0.78527	0.10931	0.56408	0.6981	0.060847	0.63404	0.84235	0.51441	0.50725	0.83659	0.5018	0.64757	0.90911	0.062087	0.56493	0.95061	0.066832	0.57411	0.87627	0.89903	0.5753	0.77693	0.10587	0.57122	0.83846	0.50701	83.345	-8.6608	-7.2579	-3.7289	-0.84647	-6.3738
0.63198	0.76477	0.10176	0.51896	0.78528	0.10931	0.56408	0.69811	0.060853	0.63404	0.8424	0.5144	0.50725	0.83666	0.50179	0.64758	0.90911	0.062085	0.56493	0.95061	0.066825	0.5741	0.8764	0.89902	0.57531	0.77695	0.10587	0.57122	0.83852	0.507	83.346	-8.6554	-7.2587	-3.7219	-0.84916	-6.3744
0.63198	0.76478	0.10177	0.51896	0.78529	0.10931	0.56409	0.69811	0.060859	0.63404	0.84246	0.5144	0.50725	0.83674	0.50177	0.64758	0.90911	0.062083	0.56493	0.95062	0.066818	0.5741	0.87654	0.89901	0.57532	0.77698	0.10587	0.57122	0.83859	0.507	83.346	-8.6509	-7.2582	-3.7154	-0.85165	-6.3732
0.63198	0.76479	0.10177	0.51895	0.78529	0.10931	0.56409	0.69812	0.060866	0.63404	0.84252	0.5144	0.50724	0.83682	0.50176	0.64758	0.90912	0.062081	0.56493	0.95062	0.066812	0.5741	0.87668	0.899	0.57532	0.777	0.10587	0.57121	0.83865	0.50699	83.348	-8.6471	-7.257	-3.7103	-0.85428	-6.3708
0.63198	0.7648	0.10177	0.51895	0.7853	0.10931	0.56409	0.69812	0.060873	0.63404	0.84258	0.51439	0.50723	0.8369	0.50174	0.64757	0.90912	0.062079	0.56493	0.95063	0.066806	0.57409	0.87682	0.89899	0.57533	0.77701	0.10587	0.5712	0.83873	0.50698	83.351	-8.6438	-7.2558	-3.7067	-0.85735	-6.3678
0.63198	0.76481	0.10177	0.51894	0.7853	0.10931	0.5641	0.69812	0.06088	0.63403	0.84264	0.51439	0.50723	0.83698	0.50172	0.64757	0.90913	0.062077	0.56492	0.95064	0.066799	0.57408	0.87697	0.89898	0.57534	0.77702	0.10587	0.5712	0.8388	0.50698	83.355	-8.6408	-7.2554	-3.7045	-0.86107	-6.3647
0.63198	0.76482	0.10177	0.51893	0.78531	0.1093	0.56409	0.69812	0.060886	0.63402	0.84272	0.51438	0.50722	0.83706	0.5017	0.64756	0.90913	0.062075	0.56492	0.95064	0.066791	0.57407	0.87713	0.89896	0.57535	0.77704	0.10587	0.57119	0.83888	0.50697	83.361	-8.6385	-7.2565	-3.7032	-0.86545	-6.3621
0.63197	0.76482	0.10178	0.51893	0.78532	0.1093	0.56409	0.69813	0.060889	0.63401	0.8428	0.51437	0.50721	0.83715	0.50168	0.64756	0.90914	0.062072	0.56492	0.95065	0.066783	0.57406	0.87729	0.89895	0.57537	0.77705	0.10587	0.57117	0.83896	0.50696	83.368	-8.6371	-7.2598	-3.7026	-0.87052	-6.3605
0.63197	0.76483	0.10178	0.51892	0.78533	0.1093	0.56408	0.69813	0.06089	0.634	0.84288	0.51436	0.50719	0.83723	0.50167	0.64755	0.90914	0.062068	0.56492	0.95066	0.066774	0.57404	0.87746	0.89894	0.57538	0.77706	0.10588	0.57116	0.83905	0.50695	83.376	-8.6366	-7.2653	-3.7024	-0.87612	-6.3605
0.63196	0.76483	0.10179	0.51891	0.78534	0.1093	0.56407	0.69813	0.060891	0.63399	0.84296	0.51435	0.50718	0.83731	0.50165	0.64755	0.90914	0.062064	0.56491	0.95066	0.066765	0.57403	0.87763	0.89892	0.5754	0.77707	0.10588	0.57115	0.83914	0.50694	83.383	-8.637	-7.2722	-3.7017	-0.88176	-6.3621
0.63196	0.76483	0.10179	0.51891	0.78535	0.1093	0.56406	0.69813	0.060893	0.63397	0.84305	0.51433	0.50717	0.83739	0.50163	0.64754	0.90915	0.062059	0.56491	0.95067	0.066755	0.57401	0.8778	0.89892	0.57542	0.77709	0.10589	0.57113	0.83922	0.50693	83.39	-8.6377	-7.2793	-3.7001	-0.88728	-6.3655
0.63195	0.76483	0.1018	0.51891	0.78536	0.1093	0.56406	0.69814	0.060896	0.63396	0.84314	0.51432	0.50715	0.83748	0.50162	0.64753	0.90915	0.062055	0.56491	0.95068	0.066745	0.57398	0.87798	0.89891	0.57543	0.77711	0.10589	0.57112	0.83932	0.50691	83.394	-8.6383	-7.2861	-3.6968	-0.893	-6.3705
0.63194	0.76484	0.1018	0.5189	0.78537	0.1093	0.56405	0.69815	0.0609	0.63394	0.84322	0.5143	0.50713	0.83756	0.5016	0.64753	0.90916	0.06205	0.56491	0.95069	0.066733	0.57396	0.87816	0.8989	0.57545	0.77713	0.10589	0.5711	0.83941	0.5069	83.397	-8.6377	-7.2931	-3.6919	-0.89979	-6.3769
0.63194	0.76485	0.1018	0.5189	0.78538	0.1093	0.56405	0.69815	0.060904	0.63391	0.84331	0.51429	0.50711	0.83765	0.50157	0.64752	0.90917	0.062044	0.56491	0.9507	0.06672	0.57393	0.87835	0.8989	0.57547	0.77715	0.10589	0.57107	0.8395	0.50689	83.399	-8.6355	-7.3004	-3.6847	-0.90799	-6.3839
0.63193	0.76486	0.10181	0.5189	0.78539	0.1093	0.56404	0.69816	0.060909	0.63389	0.84339	0.51428	0.50709	0.83774	0.50155	0.64752	0.90917	0.062037	0.56491	0.95071	0.066705	0.5739	0.87855	0.89889	0.57549	0.77718	0.10589	0.57105	0.83959	0.50688	83.398	-8.6318	-7.3075	-3.6753	-0.91675	-6.3902
0.63193	0.76488	0.10181	0.5189	0.7854	0.10929	0.56404	0.69816	0.060915	0.63387	0.84347	0.51427	0.50707	0.83783	0.50153	0.64751	0.90918	0.062028	0.56491	0.95073	0.066689	0.57386	0.87875	0.89889	0.57551	0.77721	0.10588	0.57103	0.83967	0.50687	83.397	-8.6268	-7.3137	-3.6634	-0.92475	-6.3946
0.63193	0.7649	0.10182	0.51889	0.78541	0.10929	0.56405	0.69817	0.060924	0.63384	0.84355	0.51426	0.50704	0.83792	0.50152	0.64751	0.90919	0.062018	0.56491	0.95074	0.066672	0.57382	0.87897	0.89888	0.57552	0.77724	0.10588	0.571	0.83976	0.50686	83.394	-8.6206	-7.3187	-3.6497	-0.93124	-6.397
0.63193	0.76492	0.10182	0.51889	0.78542	0.10928	0.56405	0.69817	0.060935	0.63382	0.84362	0.51425	0.50702	0.838	0.5015	0.64752	0.90919	0.062007	0.56491	0.95075	0.066655	0.57378	0.87919	0.89887	0.57552	0.77728	0.10588	0.57098	0.83984	0.50685	83.391	-8.6134	-7.3229	-3.6343	-0.93624	-6.3975
0.63192	0.76493	0.10183	0.51889	0.78543	0.10928	0.56406	0.69817	0.06095	0.63379	0.8437	0.51425	0.50699	0.83809	0.50149	0.64752	0.9092	0.061995	0.56491	0.95077	0.066637	0.57372	0.87942	0.89887	0.57553	0.77731	0.10589	0.57095	0.83993	0.50684	83.386	-8.6057	-7.327	-3.6178	-0.94014	-6.3965
0.63192	0.76495	0.10185	0.51889	0.78545	0.10928	0.56406	0.69818	0.060967	0.63376	0.84378	0.51425	0.50697	0.83818	0.50148	0.64752	0.90921	0.061984	0.56491	0.95078	0.066618	0.57367	0.87966	0.89886	0.57554	0.77736	0.10589	0.57092	0.84002	0.50684	83.381	-8.5985	-7.3314	-3.6005	-0.94347	-6.3948
0.63192	0.76496	0.10186	0.51889	0.78546	0.10928	0.56407	0.69818	0.060986	0.63373	0.84387	0.51425	0.50694	0.83826	0.50147	0.64752	0.90923	0.061973	0.56491	0.9508	0.066598	0.5736	0.8799	0.89885	0.57554	0.7774	0.1059	0.57089	0.84011	0.50683	83.375	-8.5926	-7.3362	-3.5827	-0.94697	-6.3928
0.63191	0.76498	0.10187	0.51889	0.78548	0.10929	0.56407	0.69819	0.061005	0.6337	0.84395	0.51425	0.5069	0.83835	0.50146	0.64752	0.90924	0.061963	0.56491	0.95082	0.066576	0.57353	0.88015	0.89884	0.57555	0.77744	0.1059	0.57086	0.8402	0.50683	83.369	-8.5892	-7.3412	-3.5648	-0.95093	-6.3921
0.6319	0.76501	0.10188	0.51889	0.7855	0.10929	0.56406	0.6982	0.061021	0.63366	0.84404	0.51425	0.50687	0.83843	0.50146	0.64752	0.90926	0.061955	0.56491	0.95085	0.066551	0.57346	0.88041	0.89883	0.57556	0.77748	0.10591	0.57082	0.84029	0.50682	83.363	-8.5887	-7.3464	-3.5468	-0.95547	-6.3939
0.63189	0.76503	0.10189	0.51888	0.78552	0.10929	0.56405	0.69822	0.061036	0.63362	0.84414	0.51425	0.50683	0.83852	0.50145	0.64751	0.90927	0.061947	0.56491	0.95087	0.066524	0.57338	0.88067	0.89882	0.57557	0.77752	0.10592	0.57078	0.84038	0.50682	83.357	-8.5908	-7.3517	-3.529	-0.96037	-6.3998
0.63188	0.76506	0.1019	0.51887	0.78554	0.10929	0.56403	0.69823	0.06105	0.63358	0.84423	0.51425	0.50678	0.83859	0.50144	0.6475	0.90929	0.06194	0.56491	0.95089	0.066495	0.5733	0.88093	0.89881	0.57559	0.77755	0.10592	0.57074	0.84047	0.50682	83.351	-8.5951	-7.3568	-3.5114	-0.96506	-6.4104
0.63187	0.76508	0.10191	0.51887	0.78556	0.10928	0.56402	0.69824	0.061062	0.63354	0.84433	0.51425	0.50674	0.83866	0.50144	0.6475	0.90931	0.061931	0.5649	0.95092	0.066466	0.57321	0.88118	0.89881	0.5756	0.77758	0.10593	0.57069	0.84056	0.50683	83.346	-8.601	-7.3618	-3.4938	-0.96899	-6.4255
0.63186	0.76511	0.10192	0.51886	0.78558	0.10927	0.56401	0.69825	0.061072	0.6335	0.84442	0.51424	0.5067	0.83872	0.50143	0.64749	0.90932	0.06192	0.5649	0.95095	0.066437	0.57312	0.88144	0.8988	0.57562	0.77761	0.10593	0.57065	0.84064	0.50683	83.341	-8.608	-7.3664	-3.4761	-0.97161	-6.4439
0.63185	0.76513	0.10193	0.51885	0.7856	0.10926	0.564	0.69825	0.061082	0.63346	0.84452	0.51425	0.50666	0.83878	0.50142	0.64748	0.90934	0.061907	0.56491	0.95097	0.06641	0.57303	0.88169	0.8988	0.57563	0.77764	0.10594	0.57061	0.84073	0.50683	83.336	-8.6155	-7.3712	-3.4581	-0.97292	-6.4638
0.63184	0.76515	0.10194	0.51884	0.78562	0.10926	0.564	0.69826	0.06109	0.63342	0.84462	0.51425	0.50662	0.83883	0.50142	0.64748	0.90935	0.061892	0.56491	0.95099	0.066386	0.57294	0.88193	0.8988	0.57564	0.77767	0.10594	0.57056	0.84081	0.50684	83.331	-8.6229	-7.3766	-3.4397	-0.97307	-6.4833
0.63184	0.76517	0.10195	0.51883	0.78564	0.10925	0.564	0.69827	0.061099	0.63338	0.84471	0.51425	0.50657	0.83889	0.50141	0.64747	0.90936	0.061876	0.56491	0.95101	0.066365	0.57285	0.88218	0.8988	0.57564	0.7777	0.10595	0.57052	0.84089	0.50684	83.327	-8.6298	-7.383	-3.421	-0.97271	-6.501
0.63183	0.76518	0.10196	0.51882	0.78565	0.10925	0.564	0.69828	0.061109	0.63334	0.8448	0.51425	0.50653	0.83895	0.5014	0.64747	0.90937	0.061862	0.56491	0.95102	0.066346	0.57275	0.88242	0.8988	0.57564	0.77773	0.10596	0.57047	0.84097	0.50684	83.323	-8.636	-7.3904	-3.4026	-0.97256	-6.5162
0.63182	0.7652	0.10198	0.5188	0.78566	0.10925	0.56399	0.69829	0.061121	0.63328	0.84489	0.51425	0.50648	0.839	0.5014	0.64746	0.90938	0.06185	0.56491	0.95103	0.066329	0.57266	0.88266	0.8988	0.57564	0.77776	0.10597	0.57042	0.84105	0.50684	83.32	-8.6415	-7.3988	-3.3853	-0.97313	-6.5285
0.63181	0.76521	0.10199	0.51879	0.78568	0.10926	0.56399	0.6983	0.061134	0.63323	0.84498	0.51425	0.50643	0.83907	0.50139	0.64746	0.90939	0.061841	0.5649	0.95105	0.066314	0.57256	0.88289	0.89881	0.57564	0.77778	0.10598	0.57037	0.84114	0.50684	83.319	-8.6466	-7.4077	-3.3698	-0.97441	-6.538
0.63179	0.76523	0.102	0.51878	0.78569	0.10926	0.56399	0.69831	0.061149	0.63318	0.84508	0.51424	0.50638	0.83913	0.50138	0.64745	0.9094	0.061834	0.5649	0.95106	0.066299	0.57246	0.88311	0.89882	0.57564	0.7778	0.10599	0.57031	0.84122	0.50684	83.318	-8.6513	-7.4162	-3.3566	-0.97612	-6.5447
0.63178	0.76524	0.10201	0.51877	0.7857	0.10926	0.56399	0.69832	0.061164	0.63312	0.84517	0.51424	0.50632	0.8392	0.50137	0.64745	0.9094	0.061827	0.5649	0.95107	0.066284	0.57237	0.88332	0.89883	0.57564	0.77782	0.106	0.57025	0.84131	0.50684	83.319	-8.6556	-7.4236	-3.3457	-0.97772	-6.5487
0.63177	0.76526	0.10201	0.51877	0.78572	0.10926	0.564	0.69832	0.06118	0.63307	0.84526	0.51423	0.50627	0.83928	0.50136	0.64744	0.90941	0.061821	0.56489	0.95108	0.066268	0.57227	0.88353	0.89884	0.57564	0.77784	0.10601	0.5702	0.8414	0.50684	83.32	-8.6592	-7.4294	-3.3367	-0.97879	-6.5508
0.63177	0.76527	0.10201	0.51876	0.78573	0.10926	0.564	0.69833	0.061196	0.63302	0.84536	0.51423	0.50621	0.83936	0.50135	0.64744	0.90941	0.061814	0.5649	0.9511	0.066251	0.57217	0.88374	0.89885	0.57563	0.77785	0.10602	0.57014	0.84149	0.50683	83.322	-8.662	-7.4332	-3.3291	-0.97904	-6.5514
0.63176	0.76529	0.10202	0.51877	0.78574	0.10926	0.56401	0.69834	0.06121	0.63297	0.84546	0.51422	0.50617	0.83945	0.50134	0.64744	0.90942	0.061808	0.5649	0.95111	0.066234	0.57208	0.88394	0.89885	0.57563	0.77787	0.10602	0.57009	0.84159	0.50683	83.324	-8.6638	-7.4355	-3.3226	-0.97844	-6.5514
0.63176	0.7653	0.10202	0.51877	0.78575	0.10926	0.56402	0.69834	0.061223	0.63293	0.84556	0.51421	0.50612	0.83954	0.50133	0.64744	0.90943	0.061804	0.5649	0.95112	0.066218	0.57198	0.88414	0.89885	0.57563	0.77789	0.10603	0.57005	0.84169	0.50682	83.327	-8.6649	-7.4369	-3.3164	-0.97722	-6.5513
0.63176	0.76531	0.10202	0.51877	0.78576	0.10926	0.56402	0.69834	0.061234	0.63288	0.84565	0.51421	0.50608	0.83963	0.50132	0.64744	0.90943	0.061801	0.56491	0.95113	0.066204	0.57189	0.88435	0.89884	0.57563	0.77791	0.10604	0.57	0.84179	0.50681	83.33	-8.6653	-7.4385	-3.3098	-0.97581	-6.5514
0.63175	0.76532	0.10203	0.51878	0.78577	0.10926	0.56403	0.69835	0.061245	0.63283	0.84575	0.5142	0.50603	0.83973	0.50131	0.64744	0.90944	0.061799	0.56491	0.95114	0.066193	0.57179	0.88455	0.89882	0.57562	0.77794	0.10604	0.56995	0.84188	0.5068	83.333	-8.665	-7.4412	-3.302	-0.9747	-6.5517
0.63175	0.76533	0.10203	0.51877	0.78578	0.10926	0.56403	0.69835	0.061256	0.63278	0.84585	0.5142	0.50598	0.83982	0.5013	0.64743	0.90945	0.061797	0.56491	0.95115	0.066182	0.57169	0.88477	0.89878	0.57561	0.77797	0.10605	0.5699	0.84197	0.50679	83.336	-8.6641	-7.4457	-3.2926	-0.97425	-6.552
0.63174	0.76534	0.10204	0.51877	0.78578	0.10926	0.56404	0.69836	0.061269	0.63273	0.84594	0.51419	0.50594	0.83991	0.50129	0.64743	0.90946	0.061795	0.56491	0.95116	0.066173	0.57159	0.885	0.89873	0.5756	0.77799	0.10605	0.56985	0.84206	0.50678	83.337	-8.6629	-7.4518	-3.2809	-0.9745	-6.5515
0.63173	0.76535	0.10205	0.51876	0.78579	0.10926	0.56404	0.69836	0.061282	0.63267	0.84603	0.51419	0.50589	0.83999	0.50128	0.64742	0.90947	0.061793	0.56491	0.95117	0.066163	0.57149	0.88524	0.89867	0.5756	0.77802	0.10606	0.5698	0.84215	0.50677	83.338	-8.6618	-7.4593	-3.2667	-0.97539	-6.5499
0.63172	0.76536	0.10206	0.51875	0.7858	0.10926	0.56405	0.69837	0.061298	0.63261	0.84613	0.51418	0.50584	0.84007	0.50127	0.64741	0.90948	0.061791	0.5649	0.95118	0.066151	0.57139	0.8855	0.89858	0.57559	0.77804	0.10606	0.56975	0.84223	0.50675	83.338	-8.6605	-7.4673	-3.25	-0.97699	-6.5471
0.63171	0.76538	0.10207	0.51875	0.78581	0.10926	0.56406	0.69838	0.061316	0.63256	0.84621	0.51418	0.50579	0.84014	0.50127	0.6474	0.90949	0.061788	0.5649	0.95119	0.066136	0.5713	0.88577	0.89848	0.57559	0.77807	0.10607	0.5697	0.8423	0.50674	83.337	-8.6586	-7.475	-3.2314	-0.97931	-6.5437
0.63171	0.7654	0.10208	0.51874	0.78582	0.10926	0.56407	0.69839	0.061339	0.63251	0.8463	0.51417	0.50575	0.84021	0.50127	0.64738	0.9095	0.061786	0.5649	0.9512	0.066118	0.57122	0.88604	0.89839	0.5756	0.77809	0.10607	0.56965	0.84237	0.50672	83.335	-8.6557	-7.4817	-3.2127	-0.98207	-6.5404
0.63171	0.76541	0.10209	0.51873	0.78584	0.10925	0.56409	0.6984	0.061367	0.63247	0.84639	0.51417	0.50571	0.84027	0.50127	0.64737	0.90952	0.061784	0.5649	0.9512	0.066098	0.57114	0.88629	0.8983	0.57561	0.77811	0.10607	0.56961	0.84244	0.50671	83.333	-8.6515	-7.4868	-3.1951	-0.98499	-6.538
0.63171	0.76543	0.10209	0.51872	0.78585	0.10925	0.56411	0.6984	0.061397	0.63244	0.84647	0.51416	0.50568	0.84034	0.50127	0.64735	0.90953	0.061782	0.5649	0.95122	0.066076	0.57108	0.88654	0.89823	0.57562	0.77813	0.10608	0.56957	0.84251	0.5067	83.331	-8.6464	-7.4902	-3.1793	-0.98775	-6.5369
