-3.793	8.9286	81.12	0.57604	0.7449	0.014288	0.59241	0.7465	0.10478	0.521	0.71309	0.037917	0.60548	0.60641	0.50667	0.47793	0.617	0.49893	0.63509	0.88809	0.11513	0.5656	0.9216	0.1469	0.54637	0.4597	0.86759	0.55009	0.75016	0.12221	0.58007	0.61116	0.49135	76.14	-5.8978	-20.128	-0.22054	1.4664	-1.0142	-0.73168	14.112	-7.9256	-14.714	-0.69926	2.6649	-27.907	8.2691	-0.19996
-4.2816	5.8344	121.12	0.57459	0.76	0.014317	0.59244	0.75491	0.10379	0.52165	0.72072	0.037627	0.6055	0.61603	0.50533	0.47788	0.62546	0.49723	0.63397	0.89697	0.11341	0.56412	0.93015	0.14458	0.54709	0.47069	0.86675	0.55003	0.75868	0.12058	0.58002	0.62025	0.49	75.687	-6.2612	-20.005	-0.35251	2.2646	-1.2164	-0.57905	14.091	-7.6633	-18.942	0.086037	3.5091	-35.62	12.434	1.1523
-4.6378	0.58648	168.98	0.57348	0.77068	0.014337	0.59239	0.76242	0.10283	0.52224	0.72725	0.037497	0.60558	0.62574	0.50418	0.4779	0.63401	0.49573	0.63276	0.90494	0.11134	0.56254	0.93785	0.14179	0.54788	0.4817	0.86604	0.54984	0.7664	0.11888	0.58003	0.62949	0.48887	75.207	-6.661	-19.842	-0.18983	3.3073	-1.4482	-0.5784	14.088	-7.3339	-23.179	1.1795	4.3291	-43.65	17.366	2.9188
-4.8174	-7.3522	224.16	0.57257	0.77918	0.014352	0.59227	0.76909	0.1019	0.52277	0.73278	0.037507	0.6057	0.63551	0.50321	0.47798	0.64262	0.49444	0.63147	0.91204	0.10895	0.56088	0.94475	0.13857	0.54873	0.49272	0.86546	0.54953	0.77338	0.11715	0.58008	0.63885	0.48795	74.705	-7.0929	-19.641	0.2096	4.5607	-1.6477	-0.72044	14.101	-6.9429	-26.645	2.682	4.9834	-50.547	22.848	5.2554
-4.8148	-18.344	285.57	0.57181	0.78647	0.014366	0.59207	0.77497	0.10099	0.52324	0.73736	0.03764	0.60587	0.64532	0.50242	0.47811	0.6513	0.49336	0.63012	0.91832	0.10627	0.55916	0.95089	0.13498	0.54965	0.50375	0.86502	0.54913	0.77964	0.1154	0.58017	0.64831	0.48724	74.19	-7.552	-19.404	0.84672	6.0194	-1.8172	-0.99433	14.13	-6.4967	-29.137	4.4927	5.4107	-56.09	28.729	8.0571
-4.6964	-32.363	351.81	0.57122	0.79302	0.014378	0.59181	0.7801	0.10011	0.52364	0.74108	0.037877	0.60609	0.65515	0.50181	0.4783	0.66002	0.49248	0.62872	0.92384	0.10334	0.5574	0.95633	0.13106	0.55062	0.51476	0.86473	0.54865	0.78522	0.11365	0.58031	0.65785	0.48673	73.67	-8.0326	-19.136	1.6331	7.6552	-1.9327	-1.3877	14.173	-6.0028	-30.336	6.5278	5.5397	-59.743	34.763	11.236
-4.6219	-48.916	421.46	0.57081	0.799	0.014391	0.59149	0.78456	0.099261	0.52399	0.74404	0.038203	0.60634	0.66496	0.50137	0.47853	0.66877	0.49182	0.62731	0.92865	0.10023	0.55564	0.96113	0.12689	0.55165	0.52574	0.86458	0.54811	0.79018	0.11193	0.58049	0.66742	0.48642	73.156	-8.5287	-18.84	2.4658	9.452	-1.9845	-1.8869	14.227	-5.4695	-30.179	8.6468	5.3505	-61.459	40.716	14.612
-4.8408	-67.202	493.05	0.57064	0.80448	0.014403	0.59114	0.7884	0.098452	0.52428	0.7463	0.038602	0.60662	0.67473	0.50109	0.4788	0.67752	0.49135	0.62589	0.93282	0.096966	0.55389	0.96532	0.12252	0.55272	0.53668	0.86458	0.54753	0.79455	0.11027	0.5807	0.67699	0.48628	72.658	-9.0339	-18.522	3.2428	11.4	-1.972	-2.4773	14.288	-4.906	-28.754	10.675	4.8556	-61.455	46.337	17.948
-5.6447	-86.339	564.86	0.57071	0.8095	0.014416	0.59074	0.79168	0.097685	0.52453	0.74795	0.03906	0.60694	0.68442	0.50096	0.47911	0.68625	0.49108	0.6245	0.93639	0.093614	0.55217	0.96897	0.11803	0.55383	0.54757	0.86472	0.54693	0.79839	0.10869	0.58094	0.68653	0.4863	72.186	-9.5415	-18.188	3.8689	13.488	-1.8966	-3.1432	14.354	-4.3216	-26.18	12.433	4.082	-59.973	51.331	20.992
-7.2966	-105.53	634.89	0.57102	0.81413	0.014429	0.59033	0.79446	0.096967	0.52472	0.74909	0.039562	0.60728	0.694	0.50097	0.47945	0.69494	0.491	0.62313	0.93943	0.090222	0.5505	0.97212	0.11349	0.55498	0.55839	0.86501	0.54632	0.80173	0.10721	0.5812	0.696	0.48647	71.749	-10.045	-17.841	4.2654	15.692	-1.7594	-3.8685	14.42	-3.7263	-22.563	13.754	3.0646	-57.177	55.388	23.511
-9.9612	-124.07	701.08	0.57155	0.81841	0.014443	0.58989	0.7968	0.096301	0.52487	0.74978	0.040098	0.60765	0.70345	0.5011	0.47982	0.70354	0.49109	0.62182	0.94198	0.086838	0.54891	0.97482	0.10894	0.55615	0.56913	0.86544	0.54573	0.80463	0.10585	0.5815	0.70535	0.48677	71.359	-10.537	-17.489	4.3744	17.978	-1.5607	-4.6368	14.484	-3.1299	-18.023	14.526	1.8521	-53.197	58.251	25.338
-13.67	-141.36	761.66	0.57228	0.82239	0.014457	0.58946	0.79874	0.095692	0.52498	0.7501	0.040655	0.60803	0.71272	0.50135	0.4802	0.71205	0.49133	0.62058	0.94411	0.08351	0.5474	0.97711	0.10446	0.55734	0.57978	0.866	0.54515	0.80712	0.10462	0.58181	0.71456	0.48718	71.022	-11.013	-17.135	4.1637	20.304	-1.3012	-5.4315	14.541	-2.5418	-12.719	14.697	0.50902	-48.191	59.772	26.387
-18.324	-156.84	815.4	0.57316	0.8261	0.014472	0.58902	0.80034	0.095143	0.52506	0.75013	0.041223	0.60843	0.72179	0.50169	0.48061	0.72041	0.49172	0.61941	0.94585	0.080281	0.54599	0.97905	0.10011	0.55854	0.59034	0.8667	0.54462	0.80927	0.10354	0.58214	0.72358	0.48769	70.746	-11.465	-16.783	3.6299	22.621	-0.98504	-6.2365	14.589	-1.9714	-6.8737	14.286	-0.88611	-42.408	59.942	26.656
-23.726	-170.1	861.63	0.57414	0.82953	0.014486	0.58859	0.80164	0.094658	0.5251	0.74992	0.041793	0.60885	0.73061	0.50212	0.48102	0.72861	0.49223	0.61832	0.94726	0.077189	0.54469	0.98066	0.095918	0.55974	0.60078	0.86753	0.54413	0.81111	0.10262	0.58249	0.73238	0.48827	70.535	-11.89	-16.439	2.7978	24.881	-0.62187	-7.0362	14.627	-1.4268	-0.73745	13.364	-2.2573	-36.136	58.875	26.219
-29.622	-180.87	900.22	0.57518	0.83268	0.0145	0.58819	0.80269	0.094237	0.52513	0.74953	0.042357	0.60927	0.73918	0.50262	0.48145	0.73661	0.49284	0.61733	0.94837	0.074267	0.5435	0.98198	0.091944	0.56093	0.61112	0.86848	0.54369	0.81267	0.10184	0.58285	0.74092	0.48891	70.392	-12.281	-16.104	1.7116	27.039	-0.22587	-7.8161	14.653	-0.91553	5.4438	12.037	-3.5406	-29.666	56.763	25.189
-35.73	-189	931.38	0.57625	0.83554	0.014514	0.5878	0.80353	0.093881	0.52513	0.74903	0.042908	0.6097	0.74745	0.50317	0.48188	0.7444	0.49355	0.61644	0.94924	0.071543	0.54243	0.98306	0.088219	0.5621	0.62134	0.86955	0.5433	0.814	0.10122	0.58322	0.74919	0.4896	70.32	-12.637	-15.781	0.42986	29.053	0.18671	-8.5626	14.666	-0.44414	11.445	10.427	-4.6876	-23.265	53.848	23.709
-41.738	-194.42	955.53	0.5773	0.83811	0.014526	0.58745	0.80418	0.093589	0.52512	0.74844	0.04344	0.61013	0.75542	0.50376	0.48231	0.75193	0.49432	0.61565	0.94989	0.069037	0.54149	0.98391	0.084773	0.56325	0.63144	0.87072	0.54296	0.81513	0.10075	0.58359	0.75714	0.49031	70.317	-12.953	-15.473	-0.98113	30.887	0.60193	-9.2637	14.666	-0.017861	17.075	8.6737	-5.6667	-17.158	50.407	21.941
-47.32	-197.13	973.13	0.5783	0.84037	0.014538	0.58712	0.8047	0.09336	0.52509	0.74781	0.043949	0.61057	0.76304	0.50438	0.48274	0.7592	0.49514	0.61496	0.95036	0.066766	0.54066	0.98458	0.081626	0.56436	0.64141	0.87199	0.54268	0.81609	0.10042	0.58396	0.76477	0.49104	70.383	-13.227	-15.181	-2.454	32.504	1.0091	-9.9088	14.654	0.35936	22.178	6.9159	-6.4617	-11.521	46.729	20.049
-52.166	-197.2	984.56	0.57922	0.84229	0.014548	0.58684	0.80509	0.093191	0.52506	0.74717	0.04443	0.611	0.77032	0.50502	0.48316	0.76618	0.496	0.61437	0.95068	0.064737	0.53996	0.98509	0.078792	0.56543	0.65127	0.87335	0.54245	0.8169	0.10021	0.58434	0.77205	0.49177	70.512	-13.458	-14.907	-3.9259	33.871	1.3989	-10.489	14.632	0.68473	26.635	5.2828	-7.0715	-6.4753	43.082	18.182
-56.019	-194.74	990.12	0.58002	0.84389	0.014557	0.58659	0.80539	0.093079	0.52502	0.74654	0.044881	0.61143	0.77724	0.50566	0.48359	0.77286	0.49688	0.61388	0.95088	0.062955	0.53937	0.98545	0.076277	0.56646	0.66101	0.8748	0.54226	0.81758	0.10013	0.58472	0.77896	0.49249	70.701	-13.645	-14.65	-5.3433	34.96	1.761	-10.997	14.602	0.95659	30.364	3.88	-7.5087	-2.0864	39.695	16.455
-58.712	-189.94	990.02	0.58069	0.84518	0.014564	0.58638	0.80561	0.093018	0.52498	0.74595	0.0453	0.61186	0.78378	0.5063	0.484	0.77923	0.49776	0.61348	0.95098	0.061418	0.53889	0.9857	0.074079	0.56743	0.67063	0.87631	0.54213	0.81815	0.10014	0.58509	0.7855	0.49319	70.944	-13.787	-14.412	-6.666	35.752	2.0858	-11.427	14.566	1.1746	33.317	2.7759	-7.7935	1.6305	36.729	14.943
-60.193	-183.04	984.41	0.58125	0.84618	0.01457	0.5862	0.80577	0.093005	0.52494	0.74541	0.045688	0.61227	0.78995	0.50693	0.48441	0.78527	0.49862	0.61317	0.951	0.060118	0.53851	0.98586	0.072192	0.56835	0.68014	0.87788	0.54203	0.81864	0.10025	0.58545	0.79167	0.49387	71.236	-13.886	-14.193	-7.8666	36.236	2.3638	-11.776	14.525	1.3394	35.48	1.9965	-7.9475	4.6973	34.26	13.673
-60.53	-174.35	973.4	0.58169	0.84692	0.014574	0.58607	0.80589	0.093034	0.5249	0.74493	0.046042	0.61268	0.79575	0.50753	0.4848	0.79099	0.49947	0.61294	0.95096	0.059044	0.53822	0.98593	0.070603	0.56921	0.68954	0.8795	0.54197	0.81904	0.10043	0.5858	0.79746	0.49452	71.568	-13.943	-13.992	-8.9305	36.412	2.5866	-12.041	14.483	1.4526	36.863	1.5247	-7.9901	7.1631	32.281	12.632
-59.898	-164.21	957.13	0.58205	0.84744	0.014578	0.58597	0.80598	0.093099	0.52486	0.74451	0.046366	0.61308	0.80117	0.50812	0.48518	0.79639	0.50029	0.61278	0.95088	0.058181	0.53802	0.98594	0.069296	0.57	0.69884	0.88116	0.54195	0.81938	0.10068	0.58615	0.80287	0.49513	71.935	-13.958	-13.81	-9.8555	36.294	2.7479	-12.221	14.442	1.5167	37.503	1.3065	-7.9349	9.0921	30.708	11.773
-58.533	-152.98	935.86	0.58237	0.84781	0.01458	0.5859	0.80605	0.093195	0.52483	0.74416	0.04666	0.61346	0.80622	0.50868	0.48556	0.80147	0.50106	0.61268	0.95077	0.057513	0.53789	0.9859	0.068248	0.57073	0.70805	0.88285	0.54195	0.81965	0.10097	0.58648	0.80792	0.49572	72.329	-13.933	-13.646	-10.648	35.908	2.8434	-12.318	14.405	1.5347	37.454	1.2706	-7.7929	10.557	29.422	11.037
-56.686	-141.05	909.96	0.58269	0.84806	0.014583	0.58586	0.80611	0.093316	0.5248	0.74387	0.046926	0.61383	0.81093	0.5092	0.48591	0.80623	0.50179	0.61264	0.95064	0.057018	0.53782	0.98582	0.067436	0.57139	0.71716	0.88455	0.54197	0.81988	0.10131	0.58679	0.81262	0.49626	72.744	-13.872	-13.5	-11.321	35.286	2.8716	-12.333	14.372	1.5104	36.787	1.3424	-7.5733	11.628	28.289	10.367
-54.599	-128.77	879.96	0.58305	0.84825	0.014586	0.58584	0.80616	0.093458	0.52477	0.74365	0.047166	0.61419	0.81529	0.50969	0.48625	0.8107	0.50247	0.61264	0.95049	0.056677	0.53781	0.98572	0.066834	0.57199	0.72619	0.88627	0.54201	0.82007	0.10167	0.5871	0.81698	0.49677	73.172	-13.776	-13.37	-11.894	34.471	2.8341	-12.27	14.346	1.4479	35.583	1.4528	-7.2841	12.369	27.192	9.7169
-52.486	-116.46	846.53	0.58348	0.84844	0.014589	0.58585	0.8062	0.093615	0.52475	0.74348	0.047384	0.61453	0.81934	0.51014	0.48658	0.81488	0.50308	0.61269	0.95035	0.056467	0.53784	0.9856	0.066415	0.57252	0.73514	0.88797	0.54207	0.82022	0.10205	0.58739	0.82102	0.49725	73.607	-13.649	-13.256	-12.387	33.506	2.7352	-12.132	14.329	1.3514	33.927	1.5441	-6.9338	12.831	26.029	9.0519
-50.517	-104.42	810.47	0.58402	0.84867	0.014592	0.58587	0.80626	0.093782	0.52473	0.74337	0.047582	0.61485	0.82309	0.51056	0.48689	0.8188	0.50364	0.61276	0.95021	0.056366	0.53791	0.98547	0.066152	0.57298	0.74402	0.88967	0.54214	0.82034	0.10245	0.58766	0.82477	0.4977	74.043	-13.493	-13.157	-12.825	32.437	2.5817	-11.927	14.321	1.2255	31.91	1.5745	-6.532	13.057	24.732	8.3543
-48.807	-92.879	772.63	0.5847	0.849	0.014597	0.5859	0.80631	0.093956	0.52472	0.74331	0.047764	0.61515	0.82656	0.51095	0.48718	0.82247	0.50414	0.61286	0.95008	0.056354	0.538	0.98534	0.066016	0.57339	0.75284	0.89133	0.54222	0.82044	0.10285	0.58791	0.82825	0.49812	74.476	-13.312	-13.07	-13.233	31.306	2.3823	-11.658	14.323	1.0749	29.618	1.5207	-6.09	13.084	23.272	7.6218
-47.409	-82.014	733.92	0.58554	0.84947	0.014603	0.58594	0.80638	0.094134	0.5247	0.74329	0.047932	0.61544	0.82978	0.51129	0.48745	0.82593	0.50457	0.61297	0.94996	0.056411	0.53812	0.98521	0.065982	0.57373	0.76159	0.89297	0.5423	0.82052	0.10324	0.58815	0.83149	0.49851	74.901	-13.11	-12.996	-13.634	30.155	2.1465	-11.335	14.336	0.90406	27.135	1.3798	-5.6214	12.945	21.656	6.8659
-46.322	-71.957	695.22	0.58654	0.85012	0.014611	0.58598	0.80646	0.094312	0.52468	0.7433	0.04809	0.6157	0.83278	0.51161	0.4877	0.82918	0.50495	0.6131	0.94986	0.056517	0.53825	0.9851	0.066025	0.57402	0.77029	0.89455	0.54238	0.82059	0.10364	0.58836	0.83451	0.49889	75.313	-12.888	-12.931	-14.051	29.017	1.884	-10.963	14.359	0.71735	24.537	1.1659	-5.1411	12.669	19.929	6.108
-45.5	-62.782	657.37	0.58771	0.85102	0.01462	0.58602	0.80654	0.094488	0.52467	0.74335	0.04824	0.61594	0.83559	0.51189	0.48793	0.83227	0.50526	0.61323	0.94978	0.056655	0.53839	0.985	0.066123	0.57427	0.77895	0.89608	0.54246	0.82065	0.10402	0.58856	0.83735	0.49924	75.712	-12.652	-12.875	-14.503	27.919	1.6039	-10.55	14.393	0.51896	21.891	0.90637	-4.6638	12.284	18.161	5.374
-44.863	-54.516	621.12	0.58902	0.85217	0.014631	0.58605	0.80665	0.094661	0.52465	0.74342	0.048385	0.61616	0.83823	0.51214	0.48814	0.8352	0.50552	0.61336	0.94971	0.056811	0.53853	0.98492	0.066254	0.57446	0.78756	0.89753	0.54254	0.82071	0.1044	0.58873	0.84004	0.49958	76.093	-12.405	-12.825	-15.006	26.884	1.3143	-10.105	14.437	0.31281	19.253	0.63777	-4.2032	11.815	16.44	4.6907
-44.315	-47.142	587.07	0.59044	0.85362	0.014643	0.58606	0.80677	0.094829	0.52462	0.74351	0.048528	0.61636	0.84073	0.51235	0.48834	0.83803	0.50572	0.61348	0.94966	0.056972	0.53867	0.98486	0.066401	0.57461	0.79612	0.89892	0.5426	0.82078	0.10476	0.58888	0.84261	0.4999	76.456	-12.149	-12.78	-15.571	25.928	1.0224	-9.6348	14.491	0.10257	16.667	0.4022	-3.7701	11.283	14.864	4.0832
-43.749	-40.611	555.74	0.59193	0.85536	0.014656	0.58607	0.8069	0.094992	0.52459	0.74362	0.04867	0.61653	0.84313	0.51254	0.4885	0.84076	0.50587	0.6136	0.94964	0.057127	0.5388	0.98482	0.066549	0.57473	0.80465	0.90021	0.54266	0.82085	0.10511	0.58901	0.84509	0.50021	76.801	-11.888	-12.739	-16.205	25.063	0.73417	-9.1479	14.553	-0.1084	14.164	0.24275	-3.3724	10.708	13.529	3.5715
-43.069	-34.849	527.49	0.59345	0.85739	0.01467	0.58605	0.80706	0.09515	0.52454	0.74373	0.048813	0.61668	0.84545	0.5127	0.48865	0.84343	0.50596	0.61371	0.94963	0.057267	0.53893	0.9848	0.066684	0.57482	0.81315	0.90141	0.5427	0.82093	0.10544	0.58912	0.84751	0.50051	77.127	-11.624	-12.698	-16.911	24.298	0.45445	-8.6517	14.622	-0.31712	11.767	0.19858	-3.0141	10.108	12.523	3.1691
-42.198	-29.771	502.59	0.59493	0.8597	0.014685	0.58602	0.80723	0.095302	0.52449	0.74386	0.04896	0.61681	0.84773	0.51284	0.48878	0.84606	0.50601	0.61381	0.94964	0.057387	0.53905	0.98481	0.066797	0.57488	0.82161	0.90251	0.54273	0.82103	0.10576	0.5892	0.84989	0.50079	77.436	-11.361	-12.657	-17.694	23.636	0.18644	-8.1536	14.699	-0.52099	9.4893	0.29977	-2.6957	9.4973	11.912	2.8811
-41.094	-25.286	481.18	0.59632	0.86224	0.014699	0.58596	0.80742	0.09545	0.52443	0.74399	0.04911	0.61691	0.84998	0.51295	0.48888	0.84867	0.50602	0.61389	0.94966	0.05748	0.53916	0.98485	0.066879	0.57493	0.83004	0.9035	0.54273	0.82114	0.10607	0.58926	0.85227	0.50107	77.729	-11.1	-12.615	-18.554	23.082	-0.068589	-7.6605	14.78	-0.71769	7.3369	0.56348	-2.4156	8.8915	11.735	2.7033
-39.749	-21.309	463.33	0.59758	0.86498	0.014714	0.58587	0.80763	0.095595	0.52436	0.74413	0.049265	0.61699	0.85223	0.51303	0.48896	0.8513	0.50598	0.61396	0.94971	0.057546	0.53926	0.98491	0.066925	0.57496	0.83843	0.90437	0.54272	0.82128	0.10636	0.5893	0.85467	0.50132	78.008	-10.844	-12.571	-19.497	22.638	-0.3106	-7.1788	14.866	-0.9052	5.3127	0.99236	-2.1704	8.3079	12	2.6242
-38.196	-17.763	449.02	0.59867	0.86786	0.014727	0.58576	0.80787	0.095737	0.52427	0.74428	0.049425	0.61704	0.8545	0.51309	0.48902	0.85396	0.5059	0.61402	0.94976	0.057581	0.53935	0.98499	0.066932	0.57498	0.8468	0.90512	0.54269	0.82144	0.10665	0.5893	0.85712	0.50156	78.275	-10.595	-12.523	-20.525	22.303	-0.54022	-6.7142	14.954	-1.0819	3.416	1.5743	-1.955	7.7648	12.685	2.6266
-36.5	-14.579	438.16	0.59957	0.87083	0.01474	0.58563	0.80812	0.095877	0.52417	0.74443	0.049592	0.61707	0.85682	0.51312	0.48906	0.85666	0.50579	0.61407	0.94983	0.057587	0.53943	0.9851	0.066897	0.57499	0.85514	0.90574	0.54263	0.82162	0.10691	0.58929	0.85963	0.50178	78.532	-10.354	-12.471	-21.644	22.078	-0.75818	-6.272	15.043	-1.2463	1.6444	2.2837	-1.7639	7.2835	13.734	2.6909
-34.754	-11.705	430.59	0.60028	0.87387	0.014752	0.58547	0.80839	0.096019	0.52405	0.74458	0.049765	0.61708	0.85921	0.51312	0.48908	0.85944	0.50564	0.61411	0.94992	0.057565	0.5395	0.98523	0.066822	0.57501	0.86345	0.90623	0.54254	0.82183	0.10717	0.58925	0.86222	0.50198	78.783	-10.122	-12.415	-22.863	21.96	-0.965	-5.8564	15.132	-1.3975	-0.005319	3.0861	-1.5916	6.8861	15.074	2.797
-33.058	-9.0964	426.12	0.60085	0.87692	0.014763	0.58528	0.80869	0.096162	0.52392	0.74474	0.049945	0.61707	0.86168	0.5131	0.48908	0.8623	0.50545	0.61413	0.95001	0.057516	0.53956	0.98539	0.066706	0.57502	0.87174	0.90658	0.54243	0.82208	0.10742	0.58918	0.86491	0.50215	79.03	-9.9011	-12.354	-24.19	21.949	-1.1613	-5.4713	15.22	-1.5344	-1.536	3.9428	-1.434	6.5967	16.617	2.9273
-31.52	-6.7255	424.53	0.60129	0.87998	0.014773	0.58507	0.80901	0.09631	0.52377	0.7449	0.050133	0.61703	0.86424	0.51306	0.48906	0.86526	0.50524	0.61415	0.95012	0.057443	0.53962	0.98556	0.066553	0.57505	0.88	0.9068	0.54229	0.82235	0.10766	0.58909	0.8677	0.5023	79.275	-9.6907	-12.29	-25.634	22.044	-1.348	-5.1196	15.306	-1.6565	-2.949	4.8154	-1.2895	6.443	18.277	3.0674
-30.228	-4.576	425.58	0.60166	0.88304	0.014783	0.58484	0.80935	0.096463	0.5236	0.74507	0.050328	0.61698	0.86691	0.51298	0.48901	0.86832	0.50499	0.61416	0.95023	0.05735	0.53966	0.98575	0.066364	0.57508	0.88824	0.90687	0.54213	0.82265	0.10789	0.58898	0.87063	0.50242	79.521	-9.4914	-12.222	-27.206	22.242	-1.5252	-4.8036	15.387	-1.7633	-4.2434	5.6707	-1.1579	6.4553	19.973	3.2091
-29.247	-2.6422	429.05	0.60198	0.88609	0.014792	0.58458	0.80971	0.096625	0.52342	0.74525	0.050533	0.61691	0.8697	0.51288	0.48896	0.87151	0.50471	0.61416	0.95036	0.05724	0.53971	0.98597	0.066145	0.57512	0.89646	0.90682	0.54194	0.82298	0.10812	0.58885	0.87368	0.50251	79.77	-9.3031	-12.152	-28.916	22.538	-1.6924	-4.5248	15.464	-1.8546	-5.416	6.4841	-1.0405	6.6665	21.645	3.3504
-28.61	-0.92598	434.72	0.60228	0.88915	0.014802	0.5843	0.81009	0.096797	0.52322	0.74542	0.050746	0.61682	0.87262	0.51275	0.48889	0.87482	0.50441	0.61415	0.95049	0.057116	0.53975	0.9862	0.065898	0.57518	0.90467	0.90662	0.54173	0.82334	0.10834	0.5887	0.87687	0.50257	80.025	-9.1256	-12.081	-30.775	22.924	-1.8487	-4.2841	15.534	-1.93	-6.4617	7.2417	-0.94007	7.1107	23.253	3.495
-28.319	0.5698	442.4	0.60256	0.89222	0.014811	0.58401	0.81049	0.096982	0.523	0.74561	0.050971	0.61671	0.87566	0.5126	0.4888	0.87827	0.50409	0.61414	0.95063	0.056981	0.53978	0.98644	0.065628	0.57525	0.91286	0.90629	0.5415	0.82373	0.10855	0.58853	0.8802	0.50259	80.287	-8.9582	-12.009	-32.789	23.394	-1.9929	-4.0819	15.597	-1.9898	-7.375	7.941	-0.85972	7.8194	24.784	3.6502
-28.35	1.8514	451.92	0.60284	0.8953	0.01482	0.58371	0.81092	0.097181	0.52277	0.7458	0.051208	0.61659	0.87884	0.51241	0.4887	0.88185	0.50374	0.61413	0.95077	0.056838	0.53982	0.9867	0.065338	0.57534	0.92104	0.90584	0.54124	0.82415	0.10877	0.58834	0.88367	0.50258	80.557	-8.8001	-11.939	-34.967	23.936	-2.1241	-3.9179	15.651	-2.0339	-8.1522	8.5883	-0.80285	8.8156	26.244	3.8243
-28.661	2.9398	463.12	0.60309	0.89839	0.014829	0.58339	0.81136	0.097397	0.52253	0.74599	0.051459	0.61645	0.88216	0.51221	0.48858	0.88557	0.50336	0.61411	0.95092	0.056691	0.53985	0.98698	0.065032	0.57544	0.92921	0.90526	0.54097	0.8246	0.10899	0.58814	0.88729	0.50253	80.838	-8.65	-11.873	-37.31	24.54	-2.2426	-3.7913	15.697	-2.0625	-8.7944	9.1962	-0.77239	10.11	27.651	4.0236
-29.199	3.8777	475.86	0.60331	0.90148	0.014838	0.58307	0.81181	0.097633	0.52228	0.74619	0.051726	0.61631	0.88561	0.51197	0.48846	0.88944	0.50297	0.61409	0.95107	0.056541	0.53989	0.98726	0.064713	0.57555	0.93739	0.90455	0.54069	0.82507	0.10921	0.58793	0.89105	0.50245	81.129	-8.5067	-11.812	-39.82	25.195	-2.3495	-3.701	15.734	-2.0758	-9.3088	9.7807	-0.77006	11.696	29.035	4.2508
-29.91	4.7307	490.01	0.60348	0.90453	0.014847	0.58274	0.81229	0.097891	0.52202	0.74639	0.052013	0.61616	0.88921	0.51172	0.48833	0.89345	0.50256	0.61408	0.95122	0.056391	0.53993	0.98756	0.064385	0.57568	0.94557	0.90374	0.54039	0.82557	0.10944	0.58771	0.89495	0.50234	81.431	-8.3685	-11.759	-42.496	25.891	-2.4468	-3.6454	15.76	-2.0741	-9.7113	10.358	-0.79551	13.549	30.426	4.5038
-30.75	5.5826	505.45	0.60361	0.90755	0.014855	0.5824	0.81278	0.098174	0.52175	0.7466	0.052324	0.61599	0.89293	0.51143	0.48819	0.8976	0.50213	0.61406	0.95138	0.05624	0.53997	0.98786	0.06405	0.57583	0.95376	0.90281	0.54009	0.8261	0.10969	0.58748	0.89899	0.50219	81.744	-8.2336	-11.715	-45.337	26.618	-2.5368	-3.623	15.776	-2.0577	-10.023	10.941	-0.8463	15.628	31.848	4.7762
-31.687	6.5302	522.07	0.60369	0.9105	0.014863	0.58208	0.81328	0.098484	0.52148	0.7468	0.052662	0.61582	0.8968	0.51113	0.48805	0.90189	0.50168	0.61404	0.95154	0.05609	0.54002	0.98818	0.063711	0.57598	0.96198	0.90179	0.53978	0.82665	0.10994	0.58724	0.90317	0.50201	82.069	-8.1002	-11.684	-48.339	27.369	-2.6218	-3.6317	15.781	-2.0268	-10.27	11.538	-0.91851	17.883	33.315	5.0579
-32.707	7.6751	539.77	0.60373	0.91337	0.01487	0.58175	0.81379	0.098825	0.5212	0.74701	0.053032	0.61565	0.90079	0.51081	0.48791	0.90633	0.50121	0.61403	0.9517	0.055942	0.54007	0.9885	0.063368	0.57615	0.97023	0.90067	0.53948	0.82722	0.11021	0.587	0.90748	0.50181	82.404	-7.9659	-11.667	-51.5	28.136	-2.7045	-3.6698	15.776	-1.9818	-10.479	12.153	-1.0073	20.261	34.831	5.3364
-33.812	9.1139	558.44	0.60373	0.91614	0.014877	0.58143	0.81432	0.099199	0.52092	0.74721	0.05344	0.61548	0.90492	0.51047	0.48777	0.91091	0.50073	0.61401	0.95186	0.055793	0.54013	0.98882	0.063022	0.57633	0.97851	0.89946	0.53918	0.82781	0.11051	0.58677	0.91193	0.50157	82.75	-7.8287	-11.667	-54.816	28.912	-2.7867	-3.7354	15.759	-1.9229	-10.671	12.779	-1.108	22.714	36.382	5.5989
-35.019	10.935	578.01	0.60371	0.9188	0.014884	0.58113	0.81485	0.099611	0.52066	0.74741	0.053892	0.61531	0.90917	0.51012	0.48763	0.91563	0.50023	0.614	0.95202	0.055644	0.54019	0.98915	0.062675	0.57651	0.98684	0.89818	0.53889	0.82842	0.11083	0.58653	0.9165	0.50132	83.106	-7.6861	-11.686	-58.282	29.69	-2.8693	-3.8266	15.732	-1.8505	-10.866	13.407	-1.2154	25.201	37.948	5.8345
-36.35	13.216	598.38	0.60368	0.92134	0.01489	0.58084	0.81539	0.10006	0.52039	0.7476	0.054397	0.61514	0.91355	0.50975	0.4875	0.92049	0.49971	0.61399	0.95218	0.055493	0.54026	0.98948	0.062327	0.5767	0.99522	0.89682	0.53862	0.82906	0.11117	0.5863	0.92121	0.50104	83.47	-7.5356	-11.726	-61.892	30.461	-2.9514	-3.942	15.696	-1.7648	-11.073	14.022	-1.3241	27.687	39.499	6.035
-37.832	16.022	619.42	0.60364	0.92375	0.014895	0.58057	0.81593	0.10056	0.52014	0.74779	0.054962	0.61498	0.91805	0.50937	0.48738	0.9255	0.49917	0.61398	0.95232	0.055338	0.54034	0.9898	0.061976	0.57688	1.0037	0.89541	0.53837	0.82971	0.11156	0.58609	0.92604	0.50074	83.841	-7.3749	-11.789	-65.636	31.215	-3.0314	-4.0802	15.649	-1.6661	-11.299	14.608	-1.4298	30.151	41.004	6.1953
-39.493	19.395	641.01	0.6036	0.92605	0.014901	0.58032	0.81649	0.10111	0.51991	0.74797	0.055597	0.61483	0.92268	0.50898	0.48727	0.93065	0.49862	0.61396	0.95247	0.055177	0.54042	0.99011	0.061622	0.57707	1.0122	0.89394	0.53814	0.83039	0.11198	0.58588	0.931	0.50042	84.219	-7.2014	-11.877	-69.501	31.938	-3.1075	-4.2405	15.594	-1.5544	-11.54	15.147	-1.5298	32.581	42.423	6.3131
-41.357	23.358	662.98	0.60358	0.92822	0.014906	0.58009	0.81704	0.1017	0.51969	0.74815	0.056312	0.61469	0.92744	0.50858	0.48718	0.93596	0.49804	0.61395	0.95259	0.055007	0.54051	0.99042	0.061264	0.57724	1.0208	0.89242	0.53795	0.83109	0.11245	0.5857	0.93609	0.50008	84.601	-7.0127	-11.992	-73.473	32.617	-3.1778	-4.4224	15.53	-1.4301	-11.782	15.619	-1.6236	34.977	43.723	6.3894
-43.438	27.913	685.15	0.60356	0.93027	0.014911	0.57989	0.81761	0.10236	0.51949	0.74833	0.05712	0.61456	0.93234	0.50816	0.48712	0.94142	0.49743	0.61394	0.95271	0.054826	0.54061	0.99071	0.060901	0.5774	1.0295	0.89087	0.53779	0.83181	0.11297	0.58554	0.94132	0.49972	84.985	-6.8066	-12.134	-77.53	33.234	-3.2406	-4.6258	15.46	-1.2933	-12.009	16.009	-1.7125	37.35	44.871	6.4281
-45.731	33.047	707.3	0.60356	0.93222	0.014916	0.57972	0.81818	0.10308	0.51931	0.7485	0.058032	0.61446	0.93736	0.50774	0.48707	0.94703	0.4968	0.61393	0.9528	0.054631	0.54071	0.99097	0.060531	0.57756	1.0383	0.88928	0.53766	0.83256	0.11354	0.5854	0.94668	0.49935	85.371	-6.5808	-12.305	-81.651	33.769	-3.2933	-4.8512	15.383	-1.1441	-12.194	16.304	-1.7988	39.715	45.849	6.436
-48.214	38.729	729.2	0.60356	0.93409	0.01492	0.57958	0.81877	0.10387	0.51916	0.74868	0.059063	0.61438	0.94253	0.50731	0.48707	0.95282	0.49613	0.61391	0.95287	0.054421	0.54083	0.99122	0.060152	0.57769	1.0472	0.88766	0.53759	0.83334	0.11418	0.5853	0.9522	0.49896	85.755	-6.3334	-12.505	-85.806	34.201	-3.3334	-5.0998	15.302	-0.98258	-12.31	16.498	-1.886	42.088	46.651	6.4214
-50.844	44.918	750.61	0.60357	0.93587	0.014925	0.57947	0.81937	0.10474	0.51903	0.74888	0.060228	0.61434	0.94785	0.50687	0.4871	0.95878	0.49542	0.6139	0.95292	0.054194	0.54094	0.99143	0.059763	0.57779	1.0562	0.88603	0.53756	0.83416	0.11488	0.58525	0.95787	0.49855	86.135	-6.0628	-12.735	-89.964	34.508	-3.3581	-5.3732	15.217	-0.80882	-12.325	16.593	-1.9787	44.487	47.282	6.3933
-53.56	51.563	771.24	0.60356	0.93758	0.014929	0.5794	0.82	0.10569	0.51894	0.74909	0.061543	0.61433	0.95332	0.50641	0.48717	0.96493	0.49467	0.61388	0.95294	0.053948	0.54107	0.9916	0.059363	0.57787	1.0653	0.88439	0.53758	0.83503	0.11565	0.58523	0.96371	0.49811	86.51	-5.7675	-12.992	-94.086	34.667	-3.3648	-5.6736	15.129	-0.62292	-12.207	16.594	-2.082	46.924	47.762	6.3603
-56.286	58.606	790.8	0.60354	0.93923	0.014933	0.57936	0.82066	0.10673	0.51887	0.74933	0.063026	0.61435	0.95897	0.50594	0.4873	0.97129	0.49386	0.61386	0.95292	0.053684	0.54119	0.99174	0.05895	0.57791	1.0745	0.88274	0.53765	0.83594	0.1165	0.58528	0.96974	0.49764	86.875	-5.4465	-13.278	-98.127	34.653	-3.3515	-6.0038	15.041	-0.42494	-11.924	16.509	-2.2021	49.404	48.118	6.3288
-58.931	65.98	808.96	0.60349	0.94083	0.014937	0.57936	0.82136	0.10787	0.51883	0.74961	0.064696	0.61443	0.9648	0.50545	0.48748	0.97785	0.49299	0.61384	0.95287	0.053403	0.54133	0.99183	0.058523	0.57792	1.0838	0.88108	0.53777	0.83692	0.11743	0.58538	0.97595	0.49714	87.228	-5.0994	-13.589	-102.04	34.445	-3.3161	-6.3672	14.952	-0.21482	-11.445	16.354	-2.3455	51.923	48.384	6.3033
-61.394	73.615	825.39	0.60339	0.94238	0.01494	0.5794	0.82212	0.10912	0.51881	0.74996	0.066571	0.61455	0.97083	0.50493	0.48773	0.98465	0.49205	0.61382	0.95278	0.053105	0.54147	0.99187	0.058082	0.57788	1.0933	0.87943	0.53795	0.83797	0.11846	0.58555	0.98238	0.4966	87.565	-4.726	-13.924	-105.76	34.021	-3.2572	-6.7677	14.864	0.007559	-10.746	16.146	-2.5192	54.466	48.604	6.285
-63.569	81.435	839.72	0.60325	0.9439	0.014943	0.57948	0.82294	0.11049	0.51882	0.75038	0.068671	0.61474	0.97708	0.50438	0.48805	0.99169	0.49104	0.61381	0.95264	0.052795	0.54161	0.99186	0.057627	0.5778	1.1029	0.87779	0.53819	0.83911	0.11958	0.5858	0.98903	0.49602	87.883	-4.3269	-14.279	-109.23	33.369	-3.1729	-7.2096	14.778	0.24233	-9.8017	15.908	-2.7298	57.006	48.821	6.2723
-65.36	89.361	851.6	0.60306	0.94538	0.014945	0.57959	0.82386	0.11198	0.51886	0.75091	0.071017	0.61499	0.98356	0.5038	0.48845	0.99899	0.48994	0.61379	0.95246	0.052477	0.54177	0.9918	0.05716	0.57766	1.1126	0.87616	0.53847	0.84035	0.12081	0.58613	0.99592	0.49538	88.178	-3.9032	-14.652	-112.37	32.48	-3.0622	-7.6977	14.694	0.48962	-8.5963	15.658	-2.9843	59.507	49.074	6.2607
-66.681	97.308	860.7	0.60282	0.94682	0.014948	0.57974	0.82487	0.11362	0.51891	0.75156	0.07363	0.61531	0.9903	0.50317	0.48894	1.0066	0.48875	0.61378	0.95224	0.052159	0.54193	0.99168	0.056682	0.57746	1.1224	0.87455	0.53881	0.84172	0.12215	0.58655	1.0031	0.49468	88.444	-3.4564	-15.038	-115.12	31.352	-2.9249	-8.2369	14.614	0.74969	-7.1174	15.415	-3.2896	61.922	49.39	6.2431
-67.47	105.19	866.67	0.60252	0.94823	0.014949	0.57992	0.82602	0.11541	0.51897	0.75236	0.076529	0.6157	0.99731	0.5025	0.48952	1.0145	0.48746	0.61377	0.95198	0.051847	0.54209	0.99151	0.056196	0.57721	1.1324	0.87296	0.53919	0.84323	0.12361	0.58707	1.0105	0.49391	88.676	-2.989	-15.431	-117.4	29.992	-2.7617	-8.8326	14.538	1.023	-5.3599	15.19	-3.6522	64.196	49.783	6.2108
-67.689	112.92	869.21	0.60217	0.9496	0.014951	0.58013	0.82731	0.11736	0.51905	0.75336	0.079735	0.61618	1.0046	0.50178	0.49021	1.0227	0.48606	0.61377	0.95169	0.051554	0.54227	0.9913	0.055706	0.57689	1.1424	0.87139	0.53962	0.8449	0.1252	0.5877	1.0183	0.49306	88.869	-2.504	-15.828	-119.13	28.419	-2.5734	-9.4902	14.465	1.3101	-3.3257	14.993	-4.0773	66.27	50.248	6.1555
-67.321	120.4	868.07	0.60178	0.95093	0.014952	0.58037	0.82879	0.11948	0.51912	0.75457	0.083267	0.61674	1.0122	0.50101	0.491	1.0312	0.48455	0.61377	0.95137	0.05129	0.54245	0.99105	0.055217	0.5765	1.1526	0.86984	0.54008	0.84676	0.12692	0.58843	1.0263	0.49213	89.018	-2.0052	-16.221	-120.24	26.657	-2.3617	-10.215	14.394	1.6114	-1.0238	14.828	-4.5685	68.083	50.768	6.0698
-66.375	127.51	862.97	0.60135	0.95221	0.014952	0.58064	0.83048	0.12179	0.51919	0.75604	0.087141	0.6174	1.0202	0.50016	0.49191	1.0401	0.48292	0.61378	0.95104	0.05107	0.54265	0.99078	0.054735	0.57604	1.1628	0.86833	0.54057	0.84883	0.1288	0.58928	1.0348	0.4911	89.114	-1.4971	-16.604	-120.66	24.741	-2.1296	-11.013	14.326	1.9278	1.5279	14.693	-5.1284	69.574	51.31	5.9473
-64.876	134.13	853.72	0.60091	0.95344	0.014953	0.58092	0.8324	0.12429	0.51925	0.7578	0.091374	0.61815	1.0285	0.49926	0.49293	1.0494	0.48117	0.61381	0.95071	0.05091	0.54286	0.9905	0.054269	0.57551	1.1731	0.86686	0.54108	0.85114	0.13083	0.59025	1.0435	0.48998	89.15	-0.98483	-16.97	-120.32	22.711	-1.8811	-11.888	14.259	2.26	4.301	14.584	-5.7571	70.683	51.825	5.7833
-62.862	140.12	840.13	0.60046	0.95463	0.014953	0.58123	0.8346	0.12701	0.51929	0.75991	0.095978	0.619	1.0373	0.49828	0.49408	1.0591	0.4793	0.61385	0.95039	0.050827	0.54309	0.99022	0.053826	0.5749	1.1835	0.86542	0.5416	0.85373	0.13303	0.59134	1.0527	0.48875	89.12	-0.47437	-17.313	-119.16	20.613	-1.6214	-12.845	14.19	2.6091	7.255	14.492	-6.4515	71.351	52.256	5.5734
-60.381	145.33	822.01	0.60001	0.95578	0.014953	0.58154	0.83711	0.12994	0.51929	0.76239	0.10096	0.61994	1.0464	0.49724	0.49535	1.0692	0.47732	0.6139	0.95011	0.050839	0.54333	0.98998	0.053417	0.57423	1.194	0.86402	0.54212	0.85662	0.13541	0.59255	1.0623	0.48742	89.014	0.027704	-17.625	-117.15	18.493	-1.3572	-13.888	14.119	2.9761	10.337	14.407	-7.2048	71.525	52.539	5.3152
-57.484	149.58	799.24	0.59957	0.95689	0.014953	0.58186	0.83996	0.1331	0.51926	0.76529	0.10633	0.62099	1.0559	0.49612	0.49674	1.0797	0.47521	0.61397	0.94989	0.050967	0.5436	0.98981	0.053053	0.57348	1.2045	0.86267	0.54263	0.85985	0.13797	0.59389	1.0722	0.48598	88.826	0.51432	-17.9	-114.23	16.398	-1.0948	-15.019	14.041	3.3616	13.481	14.316	-8.0052	71.158	52.605	5.0084
-54.232	152.68	771.7	0.59914	0.95797	0.014953	0.58217	0.8432	0.1365	0.51917	0.76866	0.1121	0.62214	1.0659	0.49494	0.49826	1.0907	0.473	0.61406	0.94977	0.05123	0.54389	0.98973	0.052746	0.57265	1.215	0.86138	0.54311	0.86345	0.14073	0.59535	1.0826	0.48444	88.546	0.97761	-18.13	-110.39	14.377	-0.83993	-16.242	13.955	3.7667	16.612	14.205	-8.8347	70.217	52.383	4.6561
-50.691	154.42	739.36	0.59874	0.95904	0.014954	0.58248	0.84685	0.14013	0.51903	0.77254	0.11824	0.62338	1.0764	0.49368	0.49989	1.1022	0.47069	0.61417	0.94978	0.05165	0.54422	0.98978	0.052509	0.57176	1.2255	0.86013	0.54355	0.86745	0.14369	0.59692	1.0935	0.48279	88.167	1.4094	-18.311	-105.62	12.472	-0.59728	-17.557	13.857	4.1922	19.641	14.059	-9.6686	68.685	51.802	4.266
-46.937	154.56	702.26	0.59838	0.96013	0.014954	0.58277	0.85096	0.14401	0.51882	0.77696	0.12477	0.6247	1.0873	0.49238	0.50165	1.1141	0.46829	0.6143	0.94997	0.052246	0.54457	0.99001	0.052356	0.5708	1.2361	0.85895	0.54395	0.8719	0.14686	0.59861	1.1047	0.48105	87.682	1.8014	-18.437	-99.959	10.721	-0.37057	-18.963	13.743	4.6385	22.472	13.859	-10.475	66.565	50.794	3.8511
-43.05	152.91	660.58	0.59806	0.96125	0.014955	0.58304	0.85556	0.14813	0.51854	0.78197	0.13167	0.62612	1.0988	0.49102	0.50351	1.1265	0.46582	0.61445	0.95036	0.053038	0.54496	0.99047	0.052301	0.56978	1.2467	0.85784	0.54429	0.87682	0.15025	0.6004	1.1165	0.47923	87.086	2.1447	-18.505	-93.452	9.151	-0.16201	-20.46	13.609	5.1057	25.003	13.585	-11.214	63.881	49.301	3.4303
-39.118	149.3	614.69	0.5978	0.96246	0.014956	0.58327	0.86068	0.1525	0.51817	0.7876	0.13891	0.62761	1.1107	0.48962	0.50547	1.1395	0.46329	0.61463	0.95102	0.054043	0.54538	0.9912	0.052358	0.5687	1.2572	0.8568	0.54456	0.88226	0.15386	0.60229	1.1287	0.47733	86.376	2.4313	-18.515	-86.199	7.7778	0.026888	-22.043	13.45	5.5936	27.133	13.216	-11.842	60.677	47.277	3.0263
-35.23	143.63	565.14	0.5976	0.9638	0.014958	0.58347	0.86636	0.1571	0.51771	0.79389	0.14648	0.62917	1.1231	0.4882	0.50753	1.1529	0.46072	0.61483	0.95199	0.055276	0.54584	0.99226	0.05254	0.56758	1.2678	0.85585	0.54475	0.88825	0.15768	0.60426	1.1413	0.47538	85.552	2.6535	-18.465	-78.335	6.6044	0.19458	-23.709	13.264	6.1012	28.766	12.736	-12.314	57.018	44.704	2.6632
-31.469	135.93	512.74	0.59747	0.96531	0.014961	0.58363	0.87262	0.16193	0.51716	0.80086	0.15434	0.63079	1.136	0.48677	0.50967	1.1668	0.45814	0.61505	0.95333	0.056752	0.54634	0.9937	0.05286	0.56641	1.2783	0.85498	0.54486	0.89481	0.16172	0.6063	1.1545	0.47339	84.616	2.8045	-18.361	-70.033	5.6231	0.33894	-25.45	13.045	6.6272	29.822	12.131	-12.588	52.984	41.593	2.3623
-27.907	126.34	458.47	0.59741	0.96705	0.014965	0.58374	0.8795	0.16697	0.51651	0.80853	0.16246	0.63245	1.1494	0.48534	0.51187	1.1812	0.45558	0.61529	0.9551	0.058479	0.54688	0.9956	0.053331	0.56521	1.2887	0.85421	0.54488	0.90198	0.16598	0.60841	1.168	0.47139	83.577	2.8791	-18.206	-61.499	4.8147	0.45717	-27.26	12.791	7.1695	30.238	11.393	-12.626	48.657	37.995	2.1373
-24.593	115.16	403.47	0.59744	0.96905	0.01497	0.58378	0.88701	0.17222	0.51575	0.81692	0.17079	0.63415	1.1632	0.48394	0.51413	1.1961	0.45306	0.61555	0.95735	0.060463	0.54746	0.998	0.053962	0.56398	1.2991	0.85354	0.5448	0.90979	0.17043	0.61055	1.182	0.4694	82.445	2.8744	-18.011	-52.96	4.1515	0.54597	-29.128	12.498	7.7252	29.976	10.525	-12.403	44.11	33.996	1.9892
-21.553	102.8	348.95	0.59755	0.97135	0.014977	0.58377	0.89518	0.17764	0.5149	0.82604	0.1793	0.63586	1.1776	0.48259	0.51642	1.2115	0.4506	0.61583	0.96015	0.062705	0.54808	1.001	0.054763	0.56274	1.3094	0.85299	0.54463	0.91825	0.17508	0.61272	1.1964	0.46745	81.238	2.7894	-17.785	-44.645	3.6009	0.6024	-31.045	12.164	8.2908	29.022	9.5356	-11.905	39.407	29.715	1.9068
-18.787	89.738	296.1	0.59777	0.97401	0.014985	0.5837	0.90401	0.18322	0.51394	0.83589	0.18792	0.63758	1.1924	0.4813	0.51873	1.2274	0.44826	0.61613	0.96355	0.065203	0.54873	1.0046	0.055738	0.5615	1.3196	0.85256	0.54436	0.92739	0.17989	0.61491	1.2113	0.46556	79.975	2.6262	-17.54	-36.775	3.1299	0.62546	-32.997	11.787	8.8621	27.409	8.4489	-11.138	34.624	25.302	1.8695
-16.277	76.461	246.04	0.59809	0.97706	0.014994	0.58355	0.91352	0.18892	0.51287	0.84648	0.1966	0.63928	1.2076	0.48011	0.52104	1.2437	0.44604	0.61643	0.96761	0.067947	0.54942	1.0089	0.056893	0.56026	1.3298	0.85225	0.544	0.93721	0.18485	0.61708	1.2265	0.46376	78.679	2.3895	-17.29	-29.538	2.7091	0.61456	-34.973	11.366	9.4344	25.205	7.295	-10.128	29.838	20.911	1.8519
-13.998	63.456	199.67	0.59854	0.98061	0.015006	0.58333	0.92371	0.19471	0.51172	0.8578	0.20529	0.64096	1.2233	0.47904	0.52334	1.2604	0.44399	0.61675	0.9724	0.070924	0.55013	1.0139	0.058226	0.55904	1.3399	0.85208	0.54355	0.94773	0.18993	0.61923	1.2421	0.46208	77.378	2.0868	-17.047	-23.081	2.3148	0.57062	-36.96	10.902	10.002	22.506	6.1069	-8.9165	25.123	16.691	1.8249
-11.922	51.148	157.67	0.59917	0.98478	0.01502	0.58304	0.93458	0.20057	0.51047	0.86983	0.21391	0.6426	1.2393	0.4781	0.52559	1.2775	0.44215	0.61706	0.97796	0.074116	0.55086	1.0198	0.059736	0.55785	1.3499	0.85205	0.54301	0.95895	0.1951	0.62133	1.258	0.46055	76.096	1.728	-16.824	-17.496	1.9304	0.49635	-38.942	10.396	10.56	19.428	4.9178	-7.5549	20.544	12.772	1.7614
-10.021	39.865	120.53	0.60003	0.98981	0.015037	0.58268	0.94614	0.20644	0.50915	0.88255	0.22242	0.64417	1.2557	0.47732	0.5278	1.295	0.44054	0.61738	0.98435	0.077496	0.5516	1.0265	0.061415	0.5567	1.3597	0.85216	0.54239	0.97086	0.20033	0.62337	1.2743	0.4592	74.859	1.3243	-16.631	-12.845	1.5457	0.39361	-40.908	9.8519	11.103	16.14	3.755	-6.1075	16.195	9.2482	1.653
-8.28	29.837	88.465	0.60124	0.99618	0.01506	0.58225	0.95836	0.21229	0.50775	0.89593	0.23073	0.64568	1.2724	0.47673	0.52992	1.3128	0.43919	0.61769	0.99161	0.081038	0.55235	1.0341	0.063254	0.5556	1.3695	0.85242	0.5417	0.98346	0.20558	0.62533	1.2908	0.45805	73.689	0.8879	-16.474	-9.0622	1.1637	0.27574	-42.842	9.2727	11.623	12.739	2.6657	-4.642	12.14	6.2088	1.4798
-6.6896	21.205	61.491	0.60304	1.0048	0.015093	0.58175	0.97124	0.21807	0.50628	0.90995	0.23878	0.64711	1.2894	0.47634	0.53196	1.3309	0.43813	0.61799	0.99979	0.084706	0.5531	1.0427	0.065239	0.55456	1.3792	0.85284	0.54094	0.99673	0.2108	0.6272	1.3076	0.45714	72.607	0.43083	-16.358	-6.1307	0.78651	0.14385	-44.732	8.6643	12.117	9.4021	1.6639	-3.2226	8.4558	3.6751	1.2527
-5.2486	14.02	39.455	0.60599	1.0182	0.015143	0.58118	0.98476	0.22374	0.50477	0.92458	0.24652	0.64843	1.3067	0.47618	0.53389	1.3493	0.43739	0.61827	1.0089	0.088462	0.55383	1.0522	0.067352	0.55359	1.3888	0.85341	0.54012	1.0107	0.21596	0.62896	1.3246	0.45647	71.627	-0.035329	-16.284	-4.2167	0.40385	-0.030365	-46.566	8.0327	12.578	6.5068	0.69291	-1.905	5.2865	1.5515	1.0487
-4.2938	8.9066	23.79	0.61185	1.0436	0.015241	0.58056	0.9989	0.22926	0.50323	0.93976	0.25387	0.64965	1.3241	0.47624	0.53569	1.3679	0.437	0.61854	1.019	0.092264	0.55455	1.0627	0.069573	0.5527	1.3983	0.85414	0.53926	1.0252	0.221	0.6306	1.3418	0.45607	70.76	-0.50051	-16.249	-2.1056	0.11898	-0.082789	-48.332	7.3852	13.002	3.1198	0.12036	-0.76575	2.35	0.26847	0.60156
0	0	0	NaN	NaN	NaN	0.57987	1.0136	0.23456	0.50166	0.95547	0.26078	0.65076	1.3418	0.47656	0.53735	1.3866	0.43697	0.61878	1.0301	0.096068	0.55523	1.0743	0.071878	0.55189	1.4078	0.85501	0.53834	1.0404	0.22589	0.6321	1.3592	0.45595	70.014	-0.9561	-16.248	0.027738	0.002382	0.007342	-50.021	6.7297	13.384	0.009368	0.051253	-0.050355	0.19952	-0.073913	0.042258
