-3.3165	7.6457	83.467	0.63738	0.77672	0.013589	0.651	0.78736	0.11031	0.57597	0.7587	0.040571	0.65888	0.63463	0.50524	0.53184	0.65143	0.50064	0.69392	0.92214	0.13271	0.62603	0.95429	0.16867	0.59683	0.47763	0.85643	0.60611	0.78854	0.12609	0.59794	0.6437	0.49768	80.226	-5.5187	-22.582	0.13426	1.8827	-1.2985	-4.0757	-2.9537	-8.3229	-14.7	-0.33888	-2.0951	-31.749	-0.44974	-1.3339
-4.5261	2.1434	129.82	0.63532	0.79355	0.013693	0.65061	0.79363	0.1077	0.57631	0.76293	0.03944	0.65905	0.64568	0.50404	0.5319	0.66134	0.49887	0.69157	0.92941	0.1282	0.62314	0.96123	0.16338	0.59747	0.48973	0.85531	0.60577	0.79461	0.12287	0.59798	0.65421	0.49636	79.726	-5.7558	-22.468	-0.04132	2.8993	-1.5386	-4.5129	-2.9293	-7.9342	-18.753	0.40703	-2.6017	-41.373	-0.31352	-1.3478
-5.8837	-6.5479	186.22	0.63394	0.80501	0.013764	0.65011	0.79914	0.10502	0.57653	0.76613	0.038539	0.65922	0.65679	0.50294	0.53195	0.67125	0.49718	0.68908	0.93593	0.12305	0.62012	0.96761	0.15728	0.59819	0.50199	0.85434	0.60534	0.8001	0.11957	0.59801	0.66475	0.49514	79.043	-6.0406	-22.255	-0.046067	4.2674	-1.7859	-5.019	-2.8979	-7.5657	-22.478	1.5358	-3.1329	-51.22	-0.070353	-1.2732
-7.352	-19.044	252.03	0.63289	0.81393	0.01382	0.6495	0.80405	0.10239	0.57666	0.76852	0.037918	0.65937	0.66792	0.50194	0.53199	0.68112	0.49558	0.68651	0.94182	0.11744	0.61704	0.97355	0.15055	0.599	0.51436	0.85353	0.60481	0.80521	0.11632	0.59801	0.67529	0.49402	78.178	-6.3897	-21.939	0.075633	5.9766	-1.9577	-5.5612	-2.8594	-7.202	-25.01	3.1289	-3.5774	-59.631	0.29528	-1.0332
-8.905	-35.648	325.85	0.63207	0.8215	0.013867	0.6488	0.80853	0.099906	0.57671	0.77033	0.037603	0.65948	0.67905	0.50109	0.532	0.69097	0.49413	0.6839	0.94719	0.11154	0.61396	0.97914	0.14336	0.59989	0.5268	0.85291	0.60418	0.81011	0.11324	0.59798	0.68581	0.49304	77.151	-6.817	-21.529	0.36135	8.0549	-2.048	-6.118	-2.8124	-6.8254	-26.08	5.122	-3.9292	-66.201	0.72188	-0.68785
-10.564	-56.132	405.91	0.63144	0.82824	0.013909	0.64804	0.81268	0.097671	0.5767	0.7717	0.037596	0.65956	0.6902	0.50041	0.532	0.7008	0.49288	0.68132	0.9521	0.10553	0.61096	0.98443	0.13593	0.60084	0.53926	0.85247	0.60344	0.81492	0.11043	0.5979	0.69631	0.49222	75.997	-7.3312	-21.045	0.7851	10.485	-2.0169	-6.6822	-2.7555	-6.4197	-25.328	7.4328	-4.142	-70.247	1.1273	-0.28498
-12.426	-79.702	490.44	0.63099	0.83437	0.013948	0.64725	0.81656	0.095741	0.57667	0.77279	0.037868	0.65959	0.70137	0.49994	0.53196	0.71065	0.49186	0.67884	0.95662	0.099548	0.60808	0.98943	0.12842	0.60185	0.55169	0.85223	0.6026	0.81967	0.10794	0.59779	0.70681	0.4916	74.774	-7.9341	-20.52	1.3232	13.242	-1.8504	-7.2621	-2.6884	-5.9754	-22.737	9.9095	-4.207	-71.78	1.3744	0.067169
-14.664	-105.23	577.69	0.63074	0.83996	0.013984	0.64645	0.82021	0.094146	0.57664	0.77366	0.038373	0.65958	0.71259	0.49971	0.53189	0.72054	0.49114	0.67649	0.96074	0.093743	0.60538	0.99412	0.12101	0.60291	0.56406	0.85219	0.60166	0.82433	0.1058	0.59765	0.71733	0.4912	73.552	-8.6203	-19.988	1.9408	16.287	-1.5477	-7.8782	-2.6129	-5.4925	-18.429	12.365	-4.1283	-71.118	1.284	0.22762
-17.478	-131.54	665.75	0.63068	0.8451	0.014017	0.64567	0.82362	0.092888	0.57661	0.77439	0.039052	0.65953	0.72388	0.49974	0.5318	0.73049	0.49075	0.67433	0.96449	0.088233	0.60291	0.99846	0.11387	0.604	0.57634	0.85234	0.60066	0.82883	0.10402	0.59749	0.7279	0.49105	72.404	-9.3764	-19.48	2.5862	19.555	-1.114	-8.5544	-2.5322	-4.9817	-12.549	14.605	-3.9078	-68.607	0.66183	0.05001
-21.026	-157.64	752.58	0.6308	0.84984	0.014049	0.64492	0.82677	0.091949	0.5766	0.77503	0.039844	0.65945	0.73525	0.50002	0.53168	0.7405	0.49069	0.67238	0.96785	0.08312	0.6007	1.0024	0.10712	0.60512	0.5885	0.85268	0.59964	0.83307	0.10256	0.59733	0.73853	0.49116	71.392	-10.182	-19.015	3.1893	22.968	-0.555	-9.3094	-2.4504	-4.4631	-5.2343	16.45	-3.538	-64.525	-0.6646	-0.58536
-25.368	-182.72	836.31	0.63106	0.85427	0.014079	0.64422	0.82965	0.091299	0.57661	0.77559	0.040693	0.65935	0.74665	0.50052	0.53154	0.75055	0.49095	0.67067	0.97083	0.07848	0.59875	1.0059	0.10087	0.60625	0.60054	0.85318	0.59866	0.83698	0.1014	0.59718	0.74919	0.49151	70.564	-11.011	-18.598	3.6636	26.448	0.12706	-10.148	-2.3702	-3.961	3.3517	17.773	-3.0003	-59.092	-2.8004	-1.7354
-30.442	-206.1	915.62	0.63144	0.85839	0.014107	0.64356	0.83226	0.090899	0.57664	0.7761	0.041553	0.65924	0.75804	0.5012	0.53141	0.76058	0.49149	0.66919	0.97343	0.074359	0.59707	1.009	0.09517	0.60738	0.61246	0.85384	0.59774	0.84052	0.10051	0.59705	0.75986	0.49208	69.945	-11.836	-18.224	3.9242	29.925	0.92725	-11.059	-2.2926	-3.4982	12.941	18.52	-2.277	-52.604	-5.7534	-3.377
-36.083	-227.19	989.59	0.63189	0.86223	0.014133	0.64296	0.83458	0.090708	0.57667	0.77655	0.042383	0.65913	0.76932	0.50199	0.53128	0.77054	0.49225	0.66792	0.97567	0.070781	0.59562	1.0117	0.090066	0.60852	0.62426	0.85462	0.59689	0.84368	0.099839	0.59695	0.77045	0.4928	69.542	-12.632	-17.88	3.9013	33.344	1.8336	-12.015	-2.2173	-3.0911	23.196	18.696	-1.3599	-45.389	-9.445	-5.4249
-42.068	-245.5	1057.5	0.63238	0.86577	0.014158	0.6424	0.83661	0.090683	0.57671	0.77697	0.043156	0.65904	0.78037	0.50282	0.53118	0.78033	0.49314	0.66686	0.97756	0.067743	0.5944	1.0139	0.085565	0.60966	0.63597	0.85551	0.59614	0.84646	0.099356	0.59689	0.78089	0.49363	69.349	-13.381	-17.554	3.5506	36.652	2.8263	-12.984	-2.1431	-2.7483	33.752	18.355	-0.25394	-37.732	-13.736	-7.7579
-48.146	-260.65	1118.5	0.63286	0.86901	0.01418	0.64188	0.83838	0.090783	0.57676	0.77734	0.043853	0.65898	0.7911	0.50365	0.53112	0.78988	0.49411	0.66597	0.97914	0.065224	0.59336	1.0158	0.081656	0.61079	0.64757	0.85651	0.59547	0.84889	0.09902	0.59687	0.79107	0.49449	69.352	-14.07	-17.233	2.8597	39.791	3.8802	-13.93	-2.0699	-2.4706	44.259	17.577	1.0223	-29.839	-18.449	-10.238
-54.04	-272.35	1171.9	0.63333	0.87193	0.014201	0.6414	0.83989	0.09097	0.5768	0.77767	0.044463	0.65897	0.80141	0.50441	0.53111	0.79912	0.49506	0.66524	0.98042	0.063186	0.5925	1.0173	0.07831	0.61193	0.65907	0.85762	0.59488	0.85099	0.098796	0.5969	0.8009	0.49532	69.529	-14.69	-16.912	1.8468	42.698	4.9679	-14.821	-1.9979	-2.254	54.382	16.474	2.4336	-21.879	-23.366	-12.714
-59.444	-280.41	1216.8	0.63377	0.87454	0.014219	0.64096	0.84115	0.091213	0.57683	0.77795	0.044984	0.65899	0.81123	0.50508	0.53113	0.80798	0.49595	0.66464	0.98146	0.061579	0.59178	1.0185	0.075486	0.61305	0.67045	0.85881	0.59435	0.8528	0.098654	0.59696	0.81031	0.49607	69.857	-15.239	-16.589	0.55181	45.312	6.0608	-15.635	-1.9284	-2.0919	63.815	15.188	3.9254	-14.008	-28.225	-15.028
-64.082	-284.77	1252.8	0.63415	0.87684	0.014235	0.64056	0.8422	0.091486	0.57686	0.7782	0.045419	0.65904	0.82052	0.50564	0.53119	0.81643	0.49674	0.66415	0.98227	0.06035	0.59118	1.0194	0.073135	0.61416	0.68169	0.86011	0.59387	0.85434	0.098573	0.59705	0.81925	0.49673	70.309	-15.716	-16.263	-0.97329	47.586	7.1281	-16.353	-1.863	-1.9772	72.297	13.862	5.4292	-6.3853	-32.77	-17.042
-67.773	-285.57	1280.1	0.63448	0.87884	0.014249	0.64019	0.84306	0.091768	0.57688	0.7784	0.045775	0.65913	0.82925	0.50608	0.53129	0.82444	0.49741	0.66375	0.9829	0.059437	0.59069	1.0201	0.071205	0.61526	0.69276	0.8615	0.59343	0.85563	0.098536	0.59715	0.82768	0.49726	70.858	-16.119	-15.937	-2.6713	49.492	8.1364	-16.965	-1.8029	-1.9049	79.625	12.618	6.8713	0.82497	-36.79	-18.669
-70.451	-283.02	1298.8	0.63475	0.88057	0.014261	0.63986	0.84375	0.092042	0.57689	0.77857	0.046062	0.65923	0.83742	0.5064	0.53141	0.83198	0.49795	0.66343	0.98338	0.058785	0.59028	1.0206	0.06964	0.61634	0.70366	0.86299	0.59303	0.8567	0.098536	0.59726	0.83557	0.49768	71.478	-16.448	-15.615	-4.4831	51.017	9.0534	-17.466	-1.749	-1.872	85.658	11.532	8.1867	7.4627	-40.151	-19.876
-72.124	-277.42	1309.4	0.63499	0.88205	0.014272	0.63957	0.8443	0.092296	0.57689	0.77871	0.046291	0.65936	0.84502	0.50663	0.53154	0.83906	0.49836	0.66317	0.98373	0.058339	0.58995	1.0209	0.068389	0.61738	0.71436	0.86456	0.59265	0.85759	0.098565	0.59738	0.84293	0.498	72.143	-16.703	-15.3	-6.3546	52.166	9.853	-17.855	-1.7017	-1.878	90.313	10.651	9.3237	13.397	-42.782	-20.66
-72.848	-269.14	1312.6	0.6352	0.8833	0.01428	0.63932	0.84474	0.092525	0.57689	0.77882	0.046473	0.65951	0.85207	0.50677	0.5317	0.84567	0.49865	0.66297	0.98398	0.058051	0.58968	1.0212	0.067401	0.61838	0.72486	0.8662	0.5923	0.85831	0.098619	0.59749	0.84974	0.49823	72.831	-16.882	-14.998	-8.2412	52.955	10.516	-18.133	-1.6614	-1.9234	93.568	9.9949	10.247	18.555	-44.654	-21.042
-72.722	-258.61	1308.8	0.63539	0.88437	0.014288	0.63911	0.84507	0.092725	0.57688	0.7789	0.046619	0.65967	0.85857	0.50684	0.53188	0.85181	0.49885	0.66281	0.98417	0.057878	0.58947	1.0213	0.066632	0.61933	0.73515	0.86791	0.592	0.8589	0.098693	0.59762	0.85603	0.4984	73.522	-16.986	-14.712	-10.109	53.406	11.032	-18.301	-1.6286	-2.0091	95.456	9.5575	10.937	22.926	-45.792	-21.061
-71.904	-246.29	1298.5	0.63559	0.88529	0.014295	0.63894	0.84534	0.092896	0.57687	0.77897	0.04674	0.65987	0.86455	0.50685	0.53209	0.85749	0.49897	0.6627	0.98429	0.057787	0.58931	1.0214	0.066041	0.62023	0.74527	0.86967	0.59175	0.85938	0.098785	0.59777	0.86181	0.49852	74.198	-17.016	-14.447	-11.936	53.546	11.392	-18.363	-1.6036	-2.1341	96.046	9.2995	11.396	26.552	-46.28	-20.78
-70.589	-232.62	1282.3	0.63581	0.88611	0.014301	0.63882	0.84555	0.093043	0.57685	0.77902	0.046846	0.66011	0.87001	0.50683	0.53234	0.8627	0.49905	0.66262	0.98437	0.057747	0.5892	1.0214	0.065592	0.62107	0.75521	0.87147	0.59156	0.85978	0.098891	0.59795	0.86709	0.49861	74.845	-16.977	-14.206	-13.707	53.404	11.598	-18.32	-1.5863	-2.2957	95.436	9.1599	11.64	29.511	-46.244	-20.276
-68.983	-218.04	1260.5	0.6361	0.88689	0.014307	0.63874	0.84572	0.093169	0.57683	0.77906	0.046943	0.6604	0.87499	0.50679	0.53263	0.86747	0.49909	0.66257	0.98443	0.057738	0.58912	1.0214	0.065256	0.62184	0.76502	0.87329	0.59144	0.86013	0.099009	0.59818	0.87191	0.4987	75.454	-16.878	-13.993	-15.415	53.015	11.651	-18.176	-1.5759	-2.4889	93.743	9.0691	11.694	31.896	-45.827	-19.625
-67.278	-202.94	1233.7	0.63646	0.88766	0.014313	0.63871	0.84586	0.093281	0.57681	0.77909	0.04704	0.66073	0.87952	0.50673	0.53297	0.87181	0.49913	0.66256	0.98447	0.05774	0.58909	1.0214	0.065007	0.62254	0.7747	0.87514	0.5914	0.86042	0.099141	0.59845	0.87629	0.49879	76.018	-16.729	-13.807	-17.057	52.412	11.561	-17.934	-1.5705	-2.7066	91.098	8.9592	11.589	33.802	-45.172	-18.898
-65.639	-187.69	1202.3	0.63693	0.88847	0.014319	0.6387	0.84599	0.093382	0.57679	0.77912	0.04714	0.66111	0.88364	0.50668	0.53335	0.87577	0.49917	0.66257	0.9845	0.057741	0.58909	1.0214	0.064824	0.62318	0.78429	0.877	0.59141	0.86069	0.099287	0.59878	0.88028	0.49889	76.533	-16.541	-13.649	-18.63	51.628	11.341	-17.601	-1.5681	-2.9397	87.636	8.7737	11.358	35.312	-44.403	-18.151
-64.188	-172.55	1166.7	0.63753	0.88938	0.014327	0.63874	0.84612	0.093478	0.57678	0.77915	0.047249	0.66155	0.88738	0.50664	0.53379	0.87937	0.49923	0.66261	0.98452	0.057733	0.58912	1.0214	0.06469	0.62376	0.7938	0.87887	0.5915	0.86092	0.099452	0.59917	0.8839	0.49901	77	-16.328	-13.519	-20.135	50.695	11.007	-17.183	-1.5668	-3.1781	83.493	8.4755	11.027	36.489	-43.616	-17.422
-63.002	-157.76	1127.7	0.63828	0.89041	0.014336	0.6388	0.84625	0.093573	0.57676	0.77917	0.047371	0.66202	0.8908	0.50661	0.53427	0.88266	0.49932	0.66268	0.98454	0.05771	0.58918	1.0214	0.06459	0.62428	0.80326	0.88075	0.59163	0.86114	0.099639	0.59961	0.88721	0.49916	77.418	-16.1	-13.416	-21.577	49.644	10.576	-16.689	-1.5649	-3.4112	78.799	8.0496	10.62	37.37	-42.875	-16.733
-62.111	-143.51	1085.8	0.63917	0.89161	0.014346	0.63889	0.84638	0.093671	0.57675	0.7792	0.047507	0.66255	0.89394	0.50661	0.53479	0.88568	0.49944	0.66277	0.98457	0.057667	0.58927	1.0214	0.064511	0.62475	0.81268	0.88262	0.59182	0.86133	0.099853	0.60011	0.89024	0.49934	77.792	-15.867	-13.336	-22.96	48.501	10.066	-16.128	-1.5615	-3.6288	73.68	7.5018	10.152	37.968	-42.218	-16.091
-61.506	-129.93	1041.8	0.64023	0.89301	0.014358	0.639	0.84653	0.093776	0.57674	0.77923	0.047661	0.6631	0.89684	0.50664	0.53534	0.88848	0.49958	0.66288	0.9846	0.057606	0.58938	1.0214	0.064444	0.62516	0.82208	0.88448	0.59205	0.8615	0.1001	0.60064	0.89304	0.49955	78.124	-15.639	-13.279	-24.296	47.294	9.4961	-15.509	-1.5562	-3.8216	68.255	6.8555	9.6348	38.286	-41.65	-15.489
-61.143	-117.12	996.54	0.64143	0.89465	0.014373	0.63912	0.84669	0.093892	0.57673	0.77927	0.047835	0.66368	0.89954	0.50669	0.53592	0.89112	0.49975	0.66301	0.98464	0.057524	0.58952	1.0214	0.064378	0.62553	0.83146	0.8863	0.59231	0.86166	0.10037	0.6012	0.89565	0.4998	78.418	-15.42	-13.24	-25.602	46.05	8.8822	-14.842	-1.549	-3.9823	62.64	6.1477	9.0757	38.328	-41.159	-14.916
-60.956	-105.18	950.87	0.64277	0.89657	0.014389	0.63925	0.84687	0.094021	0.57673	0.77931	0.048031	0.66428	0.90208	0.50677	0.53652	0.89363	0.49993	0.66315	0.98469	0.057424	0.58966	1.0214	0.064307	0.62585	0.84084	0.88807	0.59258	0.86181	0.10068	0.60178	0.89812	0.50007	78.678	-15.211	-13.216	-26.899	44.794	8.2405	-14.138	-1.5402	-4.1058	56.943	5.4222	8.4802	38.102	-40.713	-14.356
-60.868	-94.173	905.66	0.64423	0.89881	0.014408	0.63938	0.84707	0.094165	0.57672	0.77936	0.048251	0.66489	0.9045	0.50688	0.53713	0.89607	0.50012	0.66329	0.98476	0.057308	0.58982	1.0215	0.064224	0.62613	0.85021	0.88977	0.59287	0.86195	0.10102	0.60237	0.90048	0.50037	78.909	-15.013	-13.204	-28.213	43.556	7.5852	-13.406	-1.5299	-4.1896	51.265	4.7254	7.8534	37.634	-40.272	-13.796
-60.8	-84.163	861.76	0.6458	0.9014	0.014429	0.6395	0.84729	0.094326	0.57671	0.77943	0.048496	0.66551	0.90681	0.507	0.53773	0.89846	0.50032	0.66344	0.98483	0.057177	0.58998	1.0215	0.064125	0.62637	0.85958	0.89139	0.59317	0.86211	0.1014	0.60295	0.90277	0.5007	79.112	-14.823	-13.198	-29.575	42.361	6.9292	-12.654	-1.5182	-4.2347	45.7	4.1017	7.2012	36.966	-39.791	-13.225
-60.68	-75.191	819.96	0.64745	0.90439	0.014454	0.6396	0.84753	0.094504	0.57669	0.7795	0.048767	0.66612	0.90905	0.50715	0.53833	0.90084	0.50051	0.66359	0.98492	0.057034	0.59014	1.0216	0.064004	0.62657	0.86894	0.89291	0.59345	0.86227	0.10181	0.60352	0.90502	0.50104	79.292	-14.636	-13.193	-31.014	41.234	6.2842	-11.893	-1.5049	-4.2453	40.33	3.5884	6.5313	36.156	-39.228	-12.64
-60.449	-67.275	780.96	0.64915	0.9078	0.014481	0.63968	0.8478	0.094699	0.57667	0.77959	0.049067	0.66671	0.91125	0.50731	0.53892	0.90324	0.50069	0.66374	0.98503	0.056881	0.5903	1.0218	0.063858	0.62675	0.87827	0.89433	0.59372	0.86246	0.10224	0.60408	0.90726	0.50141	79.451	-14.448	-13.186	-32.563	40.193	5.6604	-11.13	-1.49	-4.2278	35.219	3.2125	5.854	35.27	-38.556	-12.04
-60.07	-60.409	745.34	0.65086	0.91166	0.014511	0.63974	0.84809	0.094909	0.57664	0.77969	0.049395	0.66729	0.91342	0.50748	0.53948	0.90568	0.50086	0.66387	0.98515	0.056721	0.59045	1.0219	0.063686	0.62689	0.88758	0.89562	0.59398	0.86268	0.1027	0.6046	0.90951	0.50178	79.594	-14.253	-13.173	-34.25	39.253	5.0666	-10.375	-1.4733	-4.1905	30.417	2.9889	5.1809	34.382	-37.757	-11.43
-59.531	-54.558	713.57	0.65253	0.91595	0.014544	0.63977	0.8484	0.095133	0.5766	0.7798	0.049754	0.66784	0.9156	0.50765	0.54001	0.90817	0.50101	0.664	0.98529	0.056554	0.5906	1.0221	0.063486	0.62702	0.89685	0.89679	0.59421	0.86293	0.10317	0.60509	0.9118	0.50217	79.723	-14.047	-13.152	-36.096	38.423	4.5101	-9.6327	-1.4549	-4.1426	25.957	2.921	4.5243	33.563	-36.835	-10.819
-58.844	-49.659	685.95	0.65413	0.92065	0.014579	0.63977	0.84873	0.095371	0.57655	0.77994	0.050142	0.66836	0.91779	0.50784	0.54051	0.91073	0.50113	0.66412	0.98544	0.056383	0.59074	1.0223	0.06326	0.62713	0.90606	0.89783	0.59442	0.86322	0.10367	0.60554	0.91414	0.50255	79.841	-13.827	-13.122	-38.115	37.708	3.9958	-8.9113	-1.435	-4.0937	21.854	3.0012	3.8958	32.877	-35.805	-10.219
-58.043	-45.622	662.65	0.65562	0.92568	0.014616	0.63973	0.84908	0.095622	0.57649	0.78009	0.050561	0.66885	0.92003	0.50802	0.54099	0.91335	0.50123	0.66422	0.98561	0.05621	0.59088	1.0225	0.063009	0.62723	0.91522	0.89873	0.59462	0.86355	0.10418	0.60594	0.91655	0.50293	79.951	-13.594	-13.083	-40.309	37.108	3.5275	-8.2155	-1.4137	-4.0517	18.112	3.2131	3.3057	32.379	-34.7	-9.6413
-57.17	-42.336	643.74	0.65696	0.93096	0.014655	0.63967	0.84945	0.09589	0.57642	0.78026	0.051011	0.66931	0.92233	0.5082	0.54142	0.91605	0.50131	0.66432	0.98579	0.056036	0.591	1.0227	0.062737	0.62732	0.92432	0.89949	0.59479	0.86391	0.1047	0.60631	0.91904	0.50331	80.057	-13.348	-13.036	-42.677	36.622	3.1066	-7.5489	-1.391	-4.0223	14.723	3.5343	2.762	32.113	-33.559	-9.0958
-56.279	-39.672	629.18	0.65812	0.93638	0.014693	0.63958	0.84985	0.096178	0.57635	0.78045	0.051491	0.66973	0.9247	0.50838	0.54183	0.91883	0.50136	0.6644	0.98598	0.055863	0.59113	1.023	0.062449	0.62741	0.93335	0.90011	0.59495	0.86431	0.10524	0.60665	0.92161	0.50367	80.16	-13.093	-12.983	-45.208	36.248	2.7332	-6.9142	-1.367	-4.0085	11.672	3.9399	2.27	32.107	-32.426	-8.5885
-55.423	-37.493	618.86	0.65909	0.9418	0.014732	0.63946	0.85028	0.096489	0.57627	0.78066	0.052	0.67012	0.92717	0.50855	0.54221	0.92168	0.5014	0.66447	0.98618	0.055695	0.59124	1.0233	0.062149	0.6275	0.94233	0.90058	0.59508	0.86474	0.10578	0.60695	0.92429	0.50402	80.264	-12.833	-12.926	-47.891	35.985	2.4061	-6.3134	-1.3416	-4.0108	8.9357	4.4049	1.8325	32.375	-31.345	-8.1232
-54.652	-35.659	612.65	0.65986	0.94712	0.014769	0.63933	0.85072	0.096827	0.57617	0.78089	0.052539	0.67047	0.92974	0.50872	0.54256	0.92462	0.50142	0.66452	0.98639	0.055531	0.59135	1.0236	0.061842	0.62758	0.95125	0.90089	0.59519	0.8652	0.10634	0.60722	0.92707	0.50435	80.372	-12.574	-12.867	-50.714	35.829	2.1226	-5.7485	-1.3149	-4.0277	6.4898	4.9052	1.4494	32.922	-30.358	-7.7025
-54.015	-34.03	610.38	0.66042	0.95219	0.014803	0.63918	0.8512	0.097193	0.57607	0.78114	0.053109	0.6708	0.93243	0.50887	0.54289	0.92765	0.50142	0.66458	0.9866	0.055375	0.59146	1.0239	0.061531	0.62768	0.96012	0.90105	0.59528	0.86568	0.10691	0.60746	0.92996	0.50466	80.487	-12.321	-12.808	-53.665	35.779	1.8798	-5.2215	-1.2873	-4.0569	4.3087	5.4186	1.1185	33.741	-29.504	-7.3284
-53.554	-32.474	611.88	0.66077	0.95694	0.014836	0.63903	0.8517	0.097591	0.57596	0.7814	0.053713	0.67111	0.93525	0.509	0.54319	0.93078	0.50141	0.66462	0.98681	0.055227	0.59156	1.0242	0.061219	0.62778	0.96895	0.90105	0.59535	0.86618	0.10748	0.60768	0.93298	0.50494	80.612	-12.079	-12.751	-56.737	35.835	1.6745	-4.735	-1.2597	-4.0956	2.3674	5.927	0.83633	34.82	-28.814	-7.0028
-53.305	-30.873	616.99	0.66094	0.96127	0.014864	0.63887	0.85223	0.098022	0.57585	0.78167	0.054352	0.6714	0.9382	0.50912	0.54348	0.93403	0.50139	0.66466	0.98701	0.055087	0.59166	1.0245	0.060908	0.62789	0.97772	0.90091	0.5954	0.8667	0.10806	0.60789	0.93613	0.50519	80.749	-11.849	-12.699	-59.927	35.997	1.5033	-4.291	-1.2329	-4.1412	0.64321	6.4178	0.598	36.148	-28.313	-6.7269
-53.294	-29.131	625.55	0.66095	0.96516	0.01489	0.63872	0.8528	0.098489	0.57573	0.78196	0.055027	0.67167	0.9413	0.50921	0.54375	0.93739	0.50135	0.66469	0.98722	0.054956	0.59176	1.0248	0.060598	0.628	0.98646	0.90063	0.59544	0.86722	0.10865	0.60809	0.93941	0.5054	80.898	-11.632	-12.655	-63.238	36.268	1.3625	-3.8912	-1.2079	-4.1918	-0.88259	6.8836	0.39823	37.716	-28.019	-6.501
-53.539	-27.176	637.4	0.66083	0.96858	0.014912	0.63859	0.85339	0.098991	0.57561	0.78224	0.05574	0.67192	0.94454	0.50928	0.544	0.94087	0.5013	0.66472	0.98742	0.054832	0.59185	1.0251	0.060288	0.62813	0.99515	0.90021	0.59547	0.86776	0.10924	0.60827	0.94284	0.50558	81.063	-11.427	-12.62	-66.681	36.646	1.2482	-3.5364	-1.1856	-4.2459	-2.2228	7.3209	0.23143	39.528	-27.94	-6.3251
-54.046	-24.947	652.4	0.6606	0.97156	0.014931	0.63847	0.85401	0.099529	0.57548	0.78254	0.056486	0.67216	0.94794	0.50931	0.54424	0.94449	0.50122	0.66475	0.9876	0.054714	0.59193	1.0254	0.059974	0.62827	1.0038	0.89965	0.59548	0.8683	0.10983	0.60846	0.94641	0.50571	81.242	-11.233	-12.597	-70.269	37.129	1.1571	-3.2272	-1.1667	-4.3025	-3.388	7.729	0.092803	41.587	-28.082	-6.1977
-54.812	-22.397	670.42	0.66029	0.97412	0.014947	0.63838	0.85467	0.1001	0.57536	0.78283	0.057263	0.67239	0.95149	0.5093	0.54447	0.94825	0.50113	0.66477	0.98779	0.0546	0.592	1.0257	0.059654	0.62842	1.0124	0.89898	0.59549	0.86886	0.11041	0.60864	0.95013	0.50578	81.437	-11.047	-12.589	-74.019	37.711	1.087	-2.9635	-1.1524	-4.3611	-4.3871	8.112	-0.021397	43.899	-28.44	-6.1158
-55.82	-19.48	691.29	0.6599	0.97631	0.01496	0.63831	0.85537	0.10071	0.57524	0.78312	0.058067	0.67261	0.9552	0.50923	0.54469	0.95215	0.501	0.66479	0.98796	0.054491	0.59205	1.026	0.059325	0.62858	1.021	0.89819	0.59549	0.86944	0.11099	0.60881	0.95401	0.5058	81.647	-10.868	-12.597	-77.946	38.386	1.0366	-2.7447	-1.1435	-4.4212	-5.228	8.4786	-0.11393	46.47	-29	-6.0756
-57.043	-16.15	714.82	0.65947	0.97817	0.014971	0.63826	0.85609	0.10134	0.57512	0.78342	0.058894	0.67282	0.95906	0.50912	0.5449	0.95621	0.50085	0.6648	0.98812	0.054385	0.59209	1.0262	0.058985	0.62876	1.0296	0.89729	0.59549	0.87004	0.11156	0.60899	0.95804	0.50577	81.874	-10.692	-12.619	-82.064	39.147	1.0053	-2.5696	-1.1407	-4.4823	-5.9189	8.8404	-0.18646	49.3	-29.742	-6.0713
-58.448	-12.358	740.83	0.65901	0.97975	0.01498	0.63823	0.85684	0.102	0.57501	0.78371	0.059742	0.67302	0.96307	0.50894	0.54509	0.96043	0.50065	0.66481	0.98827	0.054283	0.59211	1.0265	0.058637	0.62895	1.0381	0.89629	0.59548	0.87066	0.11212	0.60916	0.96223	0.50567	82.117	-10.517	-12.656	-86.379	39.981	0.9931	-2.436	-1.1445	-4.543	-6.4686	9.2091	-0.23994	52.383	-30.639	-6.0962
-59.996	-8.0538	769.04	0.65853	0.98111	0.014987	0.63821	0.85761	0.10269	0.57491	0.78401	0.060609	0.6732	0.96722	0.50871	0.54527	0.96481	0.50042	0.66481	0.98841	0.054185	0.59213	1.0267	0.058282	0.62916	1.0466	0.89521	0.59547	0.8713	0.11267	0.60934	0.96658	0.5055	82.375	-10.342	-12.706	-90.894	40.876	1.0005	-2.3414	-1.1554	-4.6011	-6.8857	9.5955	-0.27428	55.707	-31.662	-6.142
-61.652	-3.19	799.17	0.65804	0.98228	0.014994	0.6382	0.8584	0.10339	0.57482	0.78431	0.061499	0.67338	0.9715	0.50842	0.54544	0.96936	0.50014	0.6648	0.98855	0.054091	0.59215	1.0269	0.057924	0.62938	1.0551	0.89403	0.59545	0.87198	0.11322	0.6095	0.97109	0.50527	82.647	-10.164	-12.768	-95.599	41.811	1.0286	-2.2828	-1.1734	-4.6536	-7.1776	10.006	-0.2886	59.256	-32.783	-6.1991
-63.384	2.2751	830.84	0.65755	0.9833	0.014999	0.63818	0.85919	0.10411	0.57474	0.78462	0.062414	0.67354	0.97592	0.50808	0.5456	0.97407	0.49981	0.66479	0.98869	0.054	0.59217	1.0271	0.057567	0.62961	1.0636	0.89277	0.59544	0.87269	0.11377	0.60967	0.97574	0.50498	82.933	-9.9792	-12.842	-100.48	42.763	1.0771	-2.2567	-1.1981	-4.6968	-7.3491	10.443	-0.28242	63.011	-33.977	-6.2575
-65.159	8.374	863.64	0.65706	0.98421	0.015004	0.63815	0.85997	0.10484	0.57468	0.78494	0.063361	0.6737	0.98047	0.50768	0.54575	0.97896	0.49943	0.66477	0.98881	0.053912	0.59219	1.0273	0.057214	0.62986	1.0722	0.89142	0.59543	0.87343	0.11432	0.60982	0.98055	0.50463	83.23	-9.7854	-12.928	-105.5	43.702	1.1443	-2.2598	-1.2291	-4.7262	-7.402	10.9	-0.25643	66.949	-35.22	-6.307
-66.949	15.131	897.1	0.65658	0.98503	0.015008	0.6381	0.86074	0.10559	0.57464	0.78527	0.064351	0.67383	0.98513	0.50725	0.54588	0.98403	0.49899	0.66475	0.98894	0.053826	0.59221	1.0275	0.056865	0.63011	1.0808	0.89	0.59542	0.87421	0.11489	0.60997	0.98552	0.50423	83.537	-9.5796	-13.026	-110.63	44.594	1.2278	-2.2893	-1.2655	-4.7372	-7.3352	11.37	-0.21173	71.042	-36.489	-6.337
-68.73	22.557	930.72	0.6561	0.98579	0.015011	0.63802	0.86151	0.10637	0.57461	0.78562	0.065393	0.67396	0.98992	0.50678	0.54601	0.98928	0.49849	0.66471	0.98906	0.053741	0.59225	1.0277	0.056521	0.63037	1.0895	0.88849	0.59543	0.87502	0.1155	0.6101	0.99062	0.50379	83.852	-9.3589	-13.139	-115.81	45.406	1.3251	-2.3426	-1.3065	-4.7255	-7.1442	11.842	-0.149	75.257	-37.763	-6.3356
-70.473	30.644	963.97	0.65564	0.9865	0.015015	0.63793	0.86227	0.10718	0.5746	0.78599	0.066502	0.67407	0.99482	0.50629	0.54612	0.99472	0.49794	0.66467	0.98917	0.053657	0.59228	1.0279	0.05618	0.63063	1.0982	0.88691	0.59544	0.87588	0.11614	0.61022	0.99588	0.5033	84.173	-9.121	-13.267	-121	46.104	1.4346	-2.4183	-1.3511	-4.6875	-6.8188	12.305	-0.068104	79.564	-39.016	-6.2902
-72.148	39.363	996.35	0.6552	0.98719	0.015018	0.63784	0.86304	0.10805	0.57461	0.78639	0.067691	0.67417	0.99984	0.50579	0.54622	1.0003	0.49733	0.66462	0.98928	0.053575	0.59234	1.0281	0.05584	0.63088	1.1071	0.88526	0.59547	0.87678	0.11684	0.61033	1.0013	0.50278	84.499	-8.8639	-13.411	-126.12	46.652	1.555	-2.5156	-1.3984	-4.6216	-6.3439	12.749	0.031707	83.933	-40.22	-6.1877
-73.719	48.673	1027.3	0.65477	0.98785	0.015021	0.63773	0.86382	0.10899	0.57463	0.78683	0.068976	0.67424	1.005	0.50527	0.54632	1.0062	0.49667	0.66456	0.98938	0.053495	0.5924	1.0283	0.0555	0.63112	1.1161	0.88354	0.59551	0.87773	0.11761	0.61042	1.0068	0.50223	84.827	-8.5859	-13.573	-131.12	47.019	1.6853	-2.6348	-1.4475	-4.5281	-5.704	13.169	0.15129	88.329	-41.34	-6.0166
-75.152	58.531	1056.5	0.65434	0.9885	0.015024	0.63763	0.86462	0.11001	0.57467	0.7873	0.070371	0.67431	1.0102	0.50476	0.54641	1.0122	0.49596	0.6645	0.98949	0.053418	0.59247	1.0286	0.055159	0.63135	1.1252	0.88177	0.59556	0.87873	0.11847	0.61049	1.0126	0.50166	85.155	-8.2861	-13.754	-135.93	47.175	1.824	-2.7768	-1.498	-4.4092	-4.8879	13.56	0.29077	92.703	-42.346	-5.768
-76.42	68.896	1083.4	0.65393	0.98914	0.015027	0.63753	0.86547	0.11112	0.57473	0.78782	0.071891	0.67436	1.0157	0.50425	0.54649	1.0184	0.49521	0.66443	0.9896	0.053345	0.59256	1.0289	0.054815	0.63155	1.1344	0.87995	0.59562	0.87979	0.11941	0.61056	1.0184	0.50108	85.48	-7.9645	-13.956	-140.48	47.096	1.9687	-2.9428	-1.5493	-4.2684	-3.8916	13.916	0.44909	96.996	-43.21	-5.4364
-77.502	79.728	1107.6	0.65352	0.98977	0.01503	0.63744	0.86636	0.11232	0.57481	0.78839	0.073552	0.67441	1.0212	0.50376	0.54658	1.0248	0.49442	0.66437	0.98971	0.053278	0.59266	1.0291	0.054468	0.63173	1.1437	0.87811	0.59571	0.88092	0.12045	0.61061	1.0245	0.50049	85.8	-7.6217	-14.181	-144.72	46.765	2.1166	-3.1345	-1.6011	-4.111	-2.7189	14.232	0.62462	101.13	-43.91	-5.0202
-78.38	90.99	1128.8	0.65312	0.99038	0.015033	0.63737	0.86732	0.11364	0.5749	0.78902	0.075364	0.67445	1.0269	0.50328	0.54667	1.0314	0.49359	0.6643	0.98982	0.053217	0.59277	1.0294	0.054121	0.63188	1.1532	0.87626	0.59582	0.88213	0.1216	0.61067	1.0307	0.49989	86.111	-7.2591	-14.428	-148.58	46.172	2.2652	-3.3539	-1.6533	-3.9428	-1.3785	14.509	0.81539	105.03	-44.429	-4.5208
-79.042	102.64	1146.7	0.65273	0.99097	0.015035	0.63733	0.86834	0.11507	0.57503	0.78972	0.07734	0.67449	1.0328	0.50281	0.54678	1.0382	0.49274	0.66424	0.98994	0.053161	0.59289	1.0297	0.053775	0.63199	1.1628	0.87442	0.59595	0.88341	0.12286	0.61072	1.0371	0.49929	86.411	-6.8784	-14.7	-152.01	45.319	2.4128	-3.6034	-1.706	-3.7701	0.11788	14.744	1.0193	108.6	-44.754	-3.943
-79.469	114.61	1161.2	0.65235	0.99155	0.015038	0.63731	0.86945	0.11663	0.57517	0.79049	0.079491	0.67453	1.0389	0.50236	0.5469	1.0452	0.49186	0.66419	0.99007	0.05311	0.59303	1.03	0.053434	0.63206	1.1724	0.8726	0.59611	0.88479	0.12422	0.61079	1.0437	0.49869	86.698	-6.4815	-14.994	-154.97	44.21	2.5579	-3.8858	-1.7596	-3.5992	1.757	14.94	1.2341	111.77	-44.879	-3.2952
-79.644	126.85	1171.9	0.65197	0.99209	0.015041	0.63733	0.87064	0.11831	0.57534	0.79135	0.081826	0.67458	1.0452	0.50193	0.54703	1.0523	0.49096	0.66415	0.9902	0.053064	0.59316	1.0303	0.053102	0.63209	1.1822	0.87084	0.5963	0.88627	0.12571	0.61086	1.0505	0.49809	86.971	-6.0698	-15.311	-157.41	42.858	2.7	-4.2045	-1.8145	-3.4359	3.5267	15.1	1.4567	114.45	-44.794	-2.5903
-79.541	139.28	1178.7	0.65161	0.9926	0.015043	0.6374	0.87193	0.12011	0.57554	0.79229	0.084354	0.67465	1.0517	0.50149	0.54719	1.0597	0.49004	0.66412	0.99035	0.053021	0.5933	1.0306	0.052785	0.63208	1.192	0.86913	0.59653	0.88787	0.12731	0.61095	1.0575	0.49748	87.226	-5.6447	-15.647	-159.28	41.278	2.8381	-4.5632	-1.8706	-3.2847	5.415	15.228	1.6834	116.57	-44.485	-1.8449
-79.132	151.78	1181.5	0.65125	0.99308	0.015045	0.63753	0.87333	0.12205	0.57576	0.79335	0.087084	0.67472	1.0585	0.50106	0.54737	1.0673	0.48909	0.66411	0.9905	0.05298	0.59343	1.0309	0.052487	0.63201	1.202	0.86751	0.59679	0.88958	0.12902	0.61106	1.0648	0.49686	87.462	-5.2067	-16	-160.56	39.487	2.9713	-4.966	-1.9279	-3.1487	7.4101	15.331	1.9087	118.06	-43.938	-1.0774
-78.384	164.23	1180	0.65091	0.99352	0.015047	0.6377	0.87486	0.12411	0.576	0.79452	0.090026	0.67482	1.0654	0.50062	0.54758	1.0751	0.48811	0.66412	0.99066	0.052938	0.59356	1.0311	0.05221	0.63189	1.212	0.86599	0.59708	0.89144	0.13084	0.6112	1.0723	0.49622	87.677	-4.7556	-16.366	-161.21	37.506	3.0984	-5.4166	-1.9856	-3.0298	9.5008	15.418	2.1264	118.88	-43.13	-0.3054
-77.258	176.47	1174.2	0.65057	0.99393	0.015049	0.63793	0.87652	0.1263	0.57625	0.79583	0.093193	0.67495	1.0726	0.50017	0.54783	1.0831	0.48709	0.66414	0.99083	0.052894	0.59368	1.0313	0.051957	0.63172	1.222	0.86456	0.59741	0.89345	0.13278	0.61137	1.08	0.49556	87.867	-4.2906	-16.739	-161.18	35.356	3.218	-5.9183	-2.0429	-2.9281	11.677	15.5	2.3293	118.97	-42.034	0.45587
-75.71	188.32	1163.7	0.65024	0.9943	0.01505	0.63821	0.87834	0.12862	0.57651	0.79731	0.096598	0.6751	1.0801	0.49969	0.54812	1.0914	0.486	0.66419	0.99101	0.052847	0.59379	1.0315	0.051728	0.63149	1.2321	0.86323	0.59778	0.89563	0.13483	0.61158	1.088	0.49486	88.028	-3.8103	-17.115	-160.44	33.056	3.33	-6.4748	-2.0988	-2.8436	13.929	15.589	2.5095	118.32	-40.619	1.1922
-73.701	199.53	1148.3	0.64992	0.99464	0.015052	0.63853	0.88033	0.13106	0.57677	0.79898	0.10026	0.67531	1.0878	0.49918	0.54847	1.1	0.48484	0.66427	0.99121	0.052796	0.59389	1.0316	0.051524	0.63122	1.2423	0.862	0.59817	0.89802	0.13699	0.61184	1.0963	0.49411	88.155	-3.3129	-17.487	-158.94	30.628	3.4339	-7.0898	-2.1519	-2.7757	16.249	15.694	2.6583	116.9	-38.856	1.8912
-71.193	209.84	1127.7	0.6496	0.99497	0.015053	0.63888	0.88253	0.13364	0.57701	0.80087	0.10419	0.67556	1.0959	0.49863	0.54889	1.1089	0.48358	0.66437	0.99143	0.05274	0.59398	1.0317	0.05134	0.63089	1.2526	0.86085	0.59859	0.90063	0.13925	0.61216	1.105	0.49329	88.243	-2.7963	-17.847	-156.64	28.094	3.5289	-7.7672	-2.2011	-2.724	18.628	15.823	2.7657	114.72	-36.724	2.5421
-68.16	218.91	1101.6	0.64929	0.9953	0.015054	0.63925	0.88496	0.13634	0.57722	0.80303	0.10842	0.67588	1.1042	0.49803	0.5494	1.1181	0.48221	0.66449	0.99167	0.052682	0.59406	1.0318	0.051174	0.63051	1.2629	0.85978	0.59902	0.90349	0.14162	0.61255	1.1139	0.49239	88.283	-2.2588	-18.189	-153.46	25.476	3.6143	-8.5121	-2.2453	-2.6889	21.056	15.977	2.8211	111.79	-34.209	3.1349
-64.596	226.4	1069.7	0.64899	0.99563	0.015055	0.63963	0.88765	0.13918	0.57738	0.8055	0.11296	0.67628	1.1129	0.49738	0.55001	1.1277	0.4807	0.66464	0.99194	0.052626	0.59413	1.0318	0.051023	0.63008	1.2734	0.85877	0.59947	0.90664	0.1441	0.61302	1.1233	0.49139	88.265	-1.6988	-18.506	-149.36	22.806	3.6903	-9.3304	-2.2833	-2.6708	23.513	16.151	2.8148	108.13	-31.311	3.6599
-60.513	231.93	1031.7	0.64869	0.99601	0.015057	0.64	0.89064	0.14216	0.57747	0.80833	0.11786	0.67676	1.122	0.49665	0.55074	1.1378	0.47904	0.66481	0.99225	0.05258	0.59419	1.0319	0.050882	0.6296	1.2839	0.85782	0.59993	0.91011	0.14668	0.61359	1.133	0.49028	88.179	-1.1164	-18.788	-144.29	20.117	3.7562	-10.23	-2.3146	-2.671	25.975	16.336	2.7378	103.79	-28.055	4.1047
-55.957	235.11	987.46	0.64839	0.99644	0.015059	0.64035	0.89399	0.14528	0.57748	0.81159	0.12311	0.67735	1.1315	0.49584	0.55161	1.1483	0.47721	0.665	0.99262	0.052555	0.59426	1.0319	0.050748	0.62906	1.2945	0.85694	0.60039	0.91394	0.14938	0.61428	1.1432	0.48904	88.011	-0.51325	-19.03	-138.21	17.455	3.8097	-11.22	-2.3387	-2.6917	28.4	16.51	2.582	98.791	-24.493	4.4539
-51	235.58	937	0.64811	0.99697	0.015062	0.64068	0.89773	0.14857	0.57739	0.81532	0.12877	0.67806	1.1414	0.49494	0.55264	1.1593	0.47519	0.66521	0.99306	0.05257	0.59433	1.032	0.050621	0.62848	1.3052	0.85612	0.60085	0.91819	0.1522	0.61511	1.1539	0.48765	87.744	0.10666	-19.224	-131.11	14.869	3.8461	-12.311	-2.3553	-2.7354	30.735	16.646	2.342	93.207	-20.706	4.6922
-45.744	233.04	880.49	0.64784	0.99762	0.015065	0.64096	0.90192	0.15202	0.57719	0.8196	0.13486	0.6789	1.1518	0.49394	0.55385	1.1709	0.47297	0.66543	0.99359	0.052649	0.59441	1.0322	0.050503	0.62786	1.316	0.85537	0.60129	0.92288	0.15515	0.61608	1.1651	0.4861	87.36	0.73674	-19.362	-123	12.415	3.8595	-13.517	-2.3643	-2.8052	32.904	16.71	2.017	87.106	-16.805	4.808
-40.321	227.3	818.41	0.64759	0.99844	0.01507	0.6412	0.90662	0.15566	0.57686	0.82451	0.14139	0.67989	1.1628	0.49283	0.55526	1.1831	0.47055	0.66565	0.99423	0.052823	0.59451	1.0325	0.050398	0.62721	1.3268	0.85472	0.6017	0.92807	0.15823	0.61722	1.1769	0.48437	86.838	1.367	-19.436	-113.95	10.151	3.8425	-14.848	-2.3663	-2.9036	34.816	16.662	1.6127	80.583	-12.923	4.7972
-34.881	218.3	751.53	0.64737	0.99945	0.015076	0.64139	0.91188	0.15951	0.5764	0.83013	0.14841	0.68105	1.1743	0.49159	0.55689	1.1959	0.46792	0.66588	0.99502	0.053132	0.59465	1.033	0.050315	0.62652	1.3376	0.85416	0.60207	0.93381	0.16147	0.61855	1.1893	0.48247	86.155	1.9845	-19.442	-104.06	8.1284	3.787	-16.316	-2.362	-3.0332	36.366	16.46	1.1421	73.747	-9.2115	4.6641
-29.586	206.17	680.93	0.64717	1.0007	0.015083	0.64152	0.91776	0.16359	0.57582	0.83653	0.15593	0.68237	1.1864	0.49023	0.55874	1.2093	0.46511	0.66611	0.996	0.053622	0.59482	1.0337	0.05027	0.62582	1.3484	0.85371	0.60238	0.94016	0.16487	0.62007	1.2023	0.48038	85.287	2.5723	-19.374	-93.505	6.3912	3.686	-17.928	-2.3527	-3.195	37.439	16.069	0.6271	66.721	-5.8208	4.4225
-24.596	191.21	607.93	0.64701	1.0022	0.015093	0.6416	0.92433	0.1679	0.5751	0.8438	0.16395	0.68387	1.1992	0.48873	0.56081	1.2235	0.46214	0.66633	0.9972	0.054345	0.59505	1.0347	0.050282	0.62511	1.3592	0.85338	0.60262	0.94715	0.16846	0.62178	1.216	0.47813	84.212	3.1103	-19.23	-82.501	4.9681	3.536	-19.69	-2.3408	-3.3886	37.916	15.459	0.097813	59.626	-2.8868	4.0931
-20.047	173.92	534.03	0.64688	1.004	0.015104	0.64163	0.93163	0.17249	0.57426	0.85202	0.17247	0.68553	1.2127	0.48711	0.56308	1.2384	0.45905	0.66655	0.99869	0.05536	0.59533	1.0361	0.050377	0.6244	1.3699	0.85315	0.60277	0.95484	0.17225	0.62368	1.2304	0.47573	82.911	3.5752	-19.011	-71.315	3.8651	3.3355	-21.602	-2.3285	-3.6122	37.689	14.612	-0.40941	52.565	-0.51427	3.7005
-16.044	154.92	460.81	0.6468	1.006	0.015117	0.64161	0.93972	0.17734	0.5733	0.86128	0.18148	0.68734	1.2268	0.48539	0.56554	1.2539	0.45588	0.66676	1.0005	0.056725	0.5957	1.0379	0.050585	0.62368	1.3806	0.85305	0.60281	0.96326	0.17625	0.62575	1.2454	0.4732	81.373	3.9419	-18.722	-60.246	3.0635	3.0865	-23.659	-2.3178	-3.8624	36.672	13.526	-0.85618	45.623	1.2389	3.2683
-12.639	134.94	389.85	0.64678	1.0084	0.015133	0.64155	0.94864	0.18247	0.57224	0.87164	0.19093	0.68928	1.2417	0.48358	0.56814	1.2701	0.4527	0.66696	1.0028	0.058494	0.59615	1.0403	0.050939	0.62298	1.3912	0.85305	0.60275	0.97247	0.18047	0.62796	1.2611	0.47059	79.599	4.1853	-18.372	-49.606	2.5214	2.7943	-25.851	-2.3097	-4.1338	34.824	12.22	-1.2077	38.883	2.3703	2.8173
-9.8366	114.72	322.63	0.64684	1.0112	0.015151	0.64144	0.95843	0.18787	0.57108	0.88317	0.20075	0.69132	1.2572	0.48172	0.57084	1.287	0.44956	0.66716	1.0056	0.060714	0.59669	1.0433	0.051472	0.62228	1.4018	0.85316	0.60255	0.98248	0.18492	0.6303	1.2775	0.46794	77.608	4.283	-17.975	-39.695	2.1766	2.4669	-28.162	-2.3035	-4.4207	32.167	10.735	-1.4386	32.429	2.9317	2.3641
-7.5981	94.975	260.43	0.64698	1.0144	0.015173	0.6413	0.96911	0.19352	0.56983	0.89589	0.21085	0.69342	1.2733	0.47986	0.57359	1.3045	0.44655	0.66736	1.0091	0.063417	0.59734	1.0471	0.052217	0.62159	1.4123	0.85337	0.60223	0.99334	0.18959	0.6327	1.2944	0.46531	75.434	4.2184	-17.552	-30.774	1.9555	2.1139	-30.571	-2.297	-4.7159	28.788	9.1265	-1.5366	26.344	3.0165	1.9214
-5.8487	76.32	204.25	0.64723	1.0181	0.015198	0.64112	0.9807	0.19939	0.56852	0.90982	0.2211	0.69556	1.2901	0.47804	0.57635	1.3225	0.44372	0.66757	1.0133	0.066617	0.5981	1.0517	0.053204	0.62092	1.4227	0.85369	0.60177	1.0051	0.19446	0.63515	1.312	0.46278	73.135	3.9829	-17.129	-23.029	1.7855	1.7477	-33.055	-2.2869	-5.0118	24.833	7.4667	-1.5044	20.714	2.748	1.5006
-4.4949	59.25	154.78	0.64763	1.0226	0.015228	0.6409	0.99318	0.20543	0.56715	0.92492	0.23136	0.69768	1.3074	0.47634	0.57907	1.341	0.44116	0.6678	1.0185	0.070304	0.59897	1.0573	0.054463	0.62025	1.433	0.8541	0.60118	1.0176	0.19949	0.63759	1.33	0.46039	70.787	3.5781	-16.735	-16.585	1.6066	1.3793	-35.584	-2.2693	-5.2993	20.502	5.8289	-1.3597	15.607	2.2538	1.1081
-3.4426	44.122	112.36	0.64822	1.0282	0.015266	0.64064	1.0065	0.21159	0.56573	0.94112	0.24147	0.69977	1.3251	0.47479	0.5817	1.36	0.43892	0.66808	1.0248	0.074445	0.59997	1.0641	0.056017	0.6196	1.4433	0.8546	0.60046	1.0311	0.20466	0.63999	1.3484	0.45823	68.478	3.0168	-16.402	-11.446	1.3781	1.0201	-38.129	-2.2412	-5.5681	16.003	4.2816	-1.1305	11.081	1.6566	0.75161
-2.6093	31.158	76.991	0.64911	1.0357	0.015318	0.64033	1.0207	0.21779	0.56428	0.9583	0.25124	0.70179	1.3433	0.47347	0.58421	1.3792	0.43705	0.66841	1.0322	0.078977	0.60109	1.0721	0.057889	0.61896	1.4534	0.8552	0.59963	1.0453	0.2099	0.6423	1.3671	0.45635	66.305	2.3222	-16.159	-7.4882	1.0832	0.68175	-40.661	-2.2025	-5.8075	11.519	2.8807	-0.8497	7.1823	1.0626	0.44093
-1.9341	20.439	48.446	0.65055	1.0474	0.015399	0.63996	1.0357	0.22396	0.5628	0.9763	0.2605	0.70371	1.3618	0.47243	0.58658	1.3987	0.43559	0.66881	1.0411	0.08382	0.60233	1.0815	0.060091	0.61834	1.4635	0.85589	0.59871	1.0604	0.21516	0.6445	1.3862	0.45481	64.363	1.5264	-16.026	-4.9619	0.74654	0.34995	-43.151	-2.1567	-6.0079	7.4819	1.6682	-0.56487	3.811	0.48835	0.13281
-1.3589	11.755	25.914	0.65344	1.0699	0.015554	0.63953	1.0514	0.23002	0.56129	0.99492	0.26908	0.70552	1.3806	0.47171	0.58879	1.4184	0.43458	0.66929	1.0514	0.088878	0.60367	1.0924	0.062628	0.61775	1.4735	0.85668	0.59773	1.0761	0.22039	0.64656	1.4054	0.45364	62.734	0.66707	-16.012	-2.5367	0.34803	0.10009	-45.574	-2.1109	-6.1627	3.4149	0.66638	-0.26954	1.337	0.13134	-0.027007
0	0	0	NaN	NaN	NaN	0.63904	1.0677	0.23589	0.55977	1.0139	0.27682	0.70719	1.3995	0.47135	0.59082	1.4383	0.43404	0.66985	1.0633	0.094044	0.6051	1.1049	0.065485	0.61719	1.4834	0.85757	0.59672	1.0926	0.22551	0.64846	1.4248	0.4529	61.486	-0.21691	-16.109	0.035684	0.0034	0.006032	-47.907	-2.0751	-6.269	0.016729	0.039189	-0.030946	0.20946	0.09213	0.026027
