-1.2325	0.681	60.032	0.54939	0.84278	0.014371	0.57618	0.8454	0.078496	0.51067	0.8053	0.029126	0.59507	0.72385	0.48345	0.46783	0.73774	0.48066	0.60059	0.94457	0.06103	0.53654	0.98653	0.097493	0.53903	0.57492	0.84577	0.53268	0.8498	0.089807	0.51203	0.72657	0.4766	74.483	-9.9595	-19.702	0.13589	1.0288	-0.34223	-4.8906	-11.88	-4.7425	-6.8175	-0.28991	-1.7227	-17.058	-0.73394	-0.58914
-2.3768	-3.1251	93.093	0.55235	0.85746	0.014425	0.57675	0.85348	0.077844	0.51177	0.81248	0.028901	0.59524	0.73296	0.48263	0.4679	0.74572	0.47945	0.60051	0.95249	0.059796	0.53598	0.99431	0.095573	0.5397	0.58514	0.84531	0.53302	0.85774	0.088696	0.51211	0.73482	0.47564	73.968	-10.286	-19.626	-0.16347	1.7569	-0.47801	-4.7805	-11.913	-4.4827	-9.1168	-0.13388	-2.3555	-23.287	-1.6288	-1.2768
-3.8325	-8.4816	133.25	0.55428	0.86717	0.014461	0.57727	0.86078	0.077209	0.51283	0.81879	0.028795	0.59546	0.74209	0.48191	0.46801	0.75372	0.47838	0.60041	0.95955	0.05842	0.53538	1.0013	0.093413	0.54043	0.59537	0.84496	0.53326	0.86494	0.087545	0.51223	0.74311	0.47481	73.448	-10.648	-19.517	-0.26442	2.7077	-0.62234	-4.7793	-11.935	-4.2318	-11.371	0.1387	-2.9986	-30.077	-2.8749	-2.14
-5.6135	-15.63	180.14	0.55573	0.87454	0.014488	0.57772	0.86733	0.076589	0.51381	0.82427	0.028794	0.59572	0.75121	0.48132	0.46818	0.76171	0.47744	0.60027	0.96579	0.056916	0.53474	1.0076	0.091037	0.54121	0.60561	0.8447	0.53339	0.87145	0.086364	0.51239	0.75142	0.47411	72.93	-11.04	-19.378	-0.2537	3.8828	-0.75885	-4.8803	-11.948	-3.9899	-13.233	0.5529	-3.5666	-36.691	-4.5634	-3.2261
-7.723	-24.763	232.66	0.55695	0.88074	0.01451	0.57812	0.87317	0.075982	0.51474	0.82898	0.028885	0.59601	0.76031	0.48084	0.4684	0.76971	0.47664	0.6001	0.97127	0.055301	0.53409	1.0132	0.088473	0.54205	0.61585	0.84455	0.53344	0.87728	0.085165	0.51259	0.75975	0.47355	72.419	-11.458	-19.21	-0.10772	5.27	-0.87377	-5.076	-11.949	-3.7576	-14.483	1.0842	-3.9986	-42.753	-6.7449	-4.5383
-10.199	-35.95	289.19	0.55807	0.88637	0.014531	0.57845	0.87833	0.075388	0.51559	0.83298	0.029056	0.59634	0.76937	0.48046	0.46866	0.77769	0.47597	0.59992	0.97602	0.053596	0.53343	1.0182	0.085753	0.54293	0.62607	0.84449	0.5334	0.88248	0.083965	0.51282	0.76807	0.47313	71.922	-11.895	-19.016	0.090974	6.8436	-0.94836	-5.3579	-11.941	-3.5357	-14.858	1.6832	-4.2176	-47.673	-9.4911	-6.1138
-13.125	-49.028	348.62	0.55916	0.89165	0.01455	0.57872	0.88286	0.074806	0.51637	0.83631	0.029294	0.59669	0.77836	0.4802	0.46896	0.78565	0.47545	0.59972	0.98009	0.05182	0.53276	1.0225	0.082908	0.54385	0.63625	0.84454	0.5333	0.88706	0.082778	0.51308	0.77637	0.47283	71.446	-12.347	-18.799	0.25783	8.5867	-0.96894	-5.7167	-11.922	-3.3252	-14.27	2.2726	-4.1854	-51.236	-12.871	-7.9891
-16.53	-63.595	410.08	0.56023	0.89665	0.014569	0.57894	0.8868	0.07424	0.51708	0.83903	0.029587	0.59707	0.78727	0.48003	0.4693	0.79356	0.47505	0.59952	0.98354	0.049995	0.5321	1.0263	0.079974	0.54482	0.6464	0.8447	0.53314	0.89108	0.08162	0.51338	0.78463	0.47265	70.998	-12.807	-18.563	0.31971	10.484	-0.92709	-6.1426	-11.894	-3.1275	-12.762	2.7846	-3.8959	-53.481	-16.9	-10.163
-20.34	-79.063	472.54	0.56126	0.90135	0.014587	0.5791	0.89021	0.07369	0.51772	0.84121	0.029925	0.59746	0.79607	0.47995	0.46966	0.80142	0.47479	0.59932	0.98642	0.048145	0.53146	1.0296	0.076985	0.54581	0.65649	0.84495	0.53293	0.89457	0.080507	0.5137	0.79283	0.47259	70.583	-13.268	-18.311	0.21565	12.513	-0.81885	-6.6249	-11.858	-2.9438	-10.443	3.1887	-3.3637	-54.547	-21.503	-12.575
-24.387	-94.735	534.84	0.56223	0.90573	0.014604	0.57922	0.89311	0.073159	0.51828	0.8429	0.030298	0.59788	0.80473	0.47995	0.47004	0.8092	0.47465	0.59913	0.98878	0.046292	0.53083	1.0324	0.073976	0.54683	0.66652	0.8453	0.5327	0.89757	0.079454	0.51404	0.80094	0.47263	70.21	-13.726	-18.047	-0.088938	14.636	-0.64482	-7.1529	-11.817	-2.7755	-7.4599	3.4853	-2.619	-54.633	-26.531	-15.121
-28.454	-109.95	595.62	0.56308	0.90976	0.014619	0.57928	0.89556	0.072651	0.51878	0.84416	0.030697	0.5983	0.81324	0.48003	0.47044	0.81688	0.47463	0.59894	0.99066	0.044457	0.53024	1.0348	0.070981	0.54786	0.67648	0.84575	0.53244	0.90012	0.078472	0.51441	0.80894	0.47276	69.883	-14.172	-17.772	-0.60044	16.8	-0.40655	-7.7155	-11.77	-2.6239	-3.9345	3.6909	-1.6892	-53.853	-31.802	-17.681
-32.309	-124.15	653.26	0.56381	0.91341	0.014632	0.5793	0.8976	0.072168	0.51921	0.84504	0.031113	0.59872	0.82156	0.48017	0.47085	0.82445	0.47472	0.59877	0.99213	0.042661	0.52968	1.0367	0.068033	0.54891	0.68636	0.8463	0.53217	0.90227	0.077574	0.51479	0.81681	0.47298	69.607	-14.603	-17.491	-1.304	18.935	-0.10682	-8.3018	-11.722	-2.4902	0.041802	3.8267	-0.5978	-52.242	-37.123	-20.143
-35.786	-136.9	706.34	0.56441	0.91669	0.014644	0.57929	0.89927	0.071714	0.51956	0.84559	0.031538	0.59916	0.82968	0.48037	0.47127	0.83189	0.4749	0.59861	0.99322	0.040924	0.52916	1.0384	0.065161	0.54996	0.69614	0.84693	0.53189	0.90406	0.076766	0.51518	0.82453	0.47328	69.386	-15.012	-17.206	-2.1768	20.978	0.24661	-8.9007	-11.674	-2.3753	4.363	3.9048	0.62497	-49.847	-42.328	-22.426
-38.847	-147.8	754.04	0.56489	0.91962	0.014654	0.57924	0.90062	0.071291	0.51986	0.84587	0.031966	0.59959	0.83757	0.48062	0.47169	0.83918	0.47517	0.59847	0.99399	0.039264	0.52868	1.0397	0.062394	0.551	0.70583	0.84765	0.53162	0.90552	0.076054	0.51557	0.83208	0.47363	69.223	-15.396	-16.918	-3.1924	22.887	0.63572	-9.5018	-11.627	-2.2799	8.8744	3.9205	1.9313	-46.849	-47.318	-24.495
-41.515	-156.62	796.08	0.56529	0.9222	0.014663	0.57916	0.90167	0.070901	0.5201	0.84592	0.03239	0.60001	0.84523	0.48091	0.47211	0.84629	0.47552	0.59836	0.99448	0.037694	0.52824	1.0408	0.059757	0.55204	0.71541	0.84845	0.53135	0.9067	0.075443	0.51597	0.83944	0.47404	69.119	-15.75	-16.631	-4.318	24.641	1.037	-10.095	-11.585	-2.2044	13.411	3.8649	3.2669	-43.478	-52.035	-26.342
-43.826	-163.2	832.33	0.56563	0.92445	0.01467	0.57906	0.90247	0.070547	0.52028	0.84579	0.032805	0.60043	0.85262	0.48123	0.47252	0.85322	0.47593	0.59827	0.99473	0.036229	0.52786	1.0416	0.057271	0.55306	0.72488	0.84933	0.53109	0.90764	0.074931	0.51637	0.84659	0.4745	69.075	-16.072	-16.345	-5.5142	26.227	1.427	-10.671	-11.548	-2.1488	17.831	3.7378	4.582	-39.932	-56.439	-27.965
-45.809	-167.48	862.73	0.56593	0.92637	0.014677	0.57893	0.90305	0.07023	0.52041	0.84551	0.033206	0.60085	0.85973	0.48157	0.47293	0.85995	0.47639	0.5982	0.99479	0.034879	0.52752	1.0422	0.054953	0.55405	0.73424	0.85028	0.53085	0.90836	0.074516	0.51677	0.8535	0.47498	69.091	-16.358	-16.062	-6.7402	27.633	1.7859	-11.221	-11.518	-2.1128	22.008	3.5465	5.8318	-36.379	-60.483	-29.355
-47.479	-169.43	887.22	0.5662	0.92799	0.014682	0.57879	0.90345	0.069951	0.52049	0.84512	0.03359	0.60125	0.86656	0.48192	0.47332	0.86646	0.47689	0.59815	0.99467	0.033651	0.52723	1.0427	0.052818	0.55502	0.74348	0.85129	0.53062	0.90891	0.074196	0.51715	0.86018	0.47549	69.165	-16.608	-15.784	-7.9579	28.853	2.0989	-11.738	-11.496	-2.0958	25.825	3.3073	6.9772	-32.958	-64.117	-30.497
-48.834	-169.09	905.8	0.56645	0.92932	0.014687	0.57864	0.90369	0.069711	0.52054	0.84466	0.033953	0.60163	0.87309	0.48228	0.4737	0.87274	0.47741	0.59813	0.99444	0.03255	0.52698	1.043	0.050876	0.55595	0.75261	0.85236	0.53041	0.90931	0.073964	0.51753	0.86661	0.47602	69.294	-16.819	-15.512	-9.1347	29.88	2.3563	-12.213	-11.482	-2.0966	29.188	3.0427	7.9856	-29.774	-67.286	-31.37
-49.876	-166.61	918.51	0.5667	0.93039	0.014691	0.57849	0.90379	0.069509	0.52054	0.84414	0.034292	0.60201	0.87931	0.48263	0.47407	0.87878	0.47795	0.59813	0.9941	0.031579	0.52678	1.0431	0.049132	0.55685	0.76161	0.85348	0.53021	0.90959	0.073812	0.51788	0.87277	0.47654	69.475	-16.993	-15.246	-10.248	30.713	2.5514	-12.643	-11.478	-2.1139	32.029	2.7726	8.833	-26.88	-69.95	-31.964
-50.62	-162.2	925.44	0.56696	0.93125	0.014695	0.57833	0.90379	0.069345	0.52051	0.84359	0.034606	0.60236	0.88523	0.48298	0.47442	0.88458	0.47849	0.59815	0.99369	0.030738	0.52663	1.0432	0.04759	0.5577	0.7705	0.85464	0.53003	0.90978	0.073733	0.51821	0.87867	0.47707	69.703	-17.129	-14.988	-11.286	31.351	2.6803	-13.021	-11.482	-2.146	34.306	2.5092	9.5037	-24.293	-72.086	-32.284
-51.095	-156.11	926.72	0.56724	0.93194	0.014698	0.57816	0.9037	0.069216	0.52046	0.84304	0.034894	0.6027	0.89084	0.48332	0.47475	0.89012	0.47902	0.59819	0.99323	0.030024	0.52652	1.0432	0.046248	0.5585	0.77928	0.85584	0.52985	0.90988	0.073717	0.51853	0.88428	0.47759	69.975	-17.228	-14.739	-12.25	31.799	2.7423	-13.344	-11.495	-2.1909	35.996	2.2584	9.9899	-22.003	-73.687	-32.343
-51.34	-148.66	922.57	0.56754	0.93252	0.014702	0.578	0.90355	0.069122	0.52038	0.8425	0.035155	0.60302	0.89613	0.48363	0.47507	0.89541	0.47954	0.59825	0.99274	0.029432	0.52645	1.0431	0.045102	0.55925	0.78795	0.85707	0.5297	0.90992	0.073756	0.51881	0.88963	0.47809	70.286	-17.292	-14.5	-13.146	32.066	2.7403	-13.609	-11.516	-2.2466	37.095	2.0225	10.292	-19.983	-74.764	-32.164
-51.398	-140.17	913.33	0.5679	0.93304	0.014705	0.57785	0.90335	0.06906	0.52028	0.84198	0.03539	0.60332	0.90112	0.48393	0.47536	0.90044	0.48003	0.59832	0.99224	0.028958	0.52641	1.043	0.044145	0.55995	0.7965	0.85833	0.52955	0.90992	0.07384	0.51907	0.8947	0.47858	70.63	-17.322	-14.272	-13.99	32.167	2.6795	-13.814	-11.544	-2.3107	37.618	1.7998	10.415	-18.198	-75.345	-31.774
-51.326	-130.96	899.42	0.56832	0.93356	0.014709	0.5777	0.90311	0.069027	0.52017	0.84149	0.035598	0.6036	0.90582	0.4842	0.47563	0.90522	0.48049	0.59841	0.99174	0.028592	0.5264	1.0428	0.043366	0.56059	0.80496	0.85959	0.52941	0.90988	0.073961	0.5193	0.89951	0.47904	71.002	-17.321	-14.055	-14.803	32.119	2.5668	-13.958	-11.579	-2.3809	37.591	1.5862	10.373	-16.613	-75.47	-31.209
-51.177	-121.34	881.38	0.56881	0.93414	0.014713	0.57756	0.90285	0.069022	0.52004	0.84104	0.035781	0.60386	0.91022	0.48444	0.47589	0.90976	0.48091	0.59851	0.99125	0.028325	0.52642	1.0427	0.042755	0.56118	0.81331	0.86087	0.52928	0.90982	0.07411	0.51949	0.90405	0.47947	71.397	-17.291	-13.851	-15.606	31.947	2.4106	-14.042	-11.619	-2.4546	37.054	1.3768	10.179	-15.195	-75.192	-30.503
-50.994	-111.61	859.83	0.56939	0.93484	0.014718	0.57743	0.90258	0.06904	0.5199	0.84064	0.035941	0.6041	0.91435	0.48466	0.47612	0.91406	0.48128	0.59861	0.99079	0.028149	0.52647	1.0425	0.042297	0.56171	0.82158	0.86214	0.52916	0.90975	0.07428	0.51965	0.90834	0.47988	71.81	-17.236	-13.659	-16.422	31.671	2.2208	-14.066	-11.662	-2.5295	36.058	1.1691	9.8538	-13.914	-74.566	-29.689
-50.799	-102	835.44	0.57007	0.93569	0.014725	0.57731	0.90231	0.069079	0.51975	0.84028	0.036079	0.60432	0.91822	0.48484	0.47634	0.91813	0.48161	0.59872	0.99036	0.028053	0.52653	1.0423	0.041978	0.56219	0.82976	0.8634	0.52905	0.90967	0.074464	0.51978	0.91239	0.48026	72.236	-17.158	-13.481	-17.272	31.316	2.0077	-14.032	-11.709	-2.6033	34.661	0.96648	9.4167	-12.745	-73.642	-28.793
-50.592	-92.734	808.95	0.57085	0.93676	0.014732	0.5772	0.90204	0.069135	0.5196	0.83998	0.036197	0.60452	0.92184	0.48499	0.47653	0.92198	0.48188	0.59883	0.98997	0.028025	0.52662	1.0421	0.041782	0.56261	0.83786	0.86465	0.52895	0.90959	0.074656	0.51987	0.91621	0.48061	72.671	-17.06	-13.316	-18.172	30.901	1.7808	-13.942	-11.757	-2.6739	32.926	0.77849	8.8867	-11.667	-72.462	-27.837
-50.356	-83.958	781.08	0.57174	0.93809	0.01474	0.57709	0.90178	0.069207	0.51944	0.83973	0.036299	0.60469	0.92524	0.48511	0.4767	0.92563	0.4821	0.59894	0.98961	0.028055	0.52672	1.0419	0.041693	0.56297	0.84589	0.86588	0.52885	0.90952	0.074851	0.51993	0.91982	0.48093	73.109	-16.946	-13.165	-19.136	30.447	1.5488	-13.8	-11.807	-2.7394	30.919	0.61961	8.2814	-10.67	-71.058	-26.836
-50.058	-75.785	752.55	0.57272	0.9397	0.01475	0.57699	0.90154	0.069291	0.51927	0.83953	0.036385	0.60485	0.92842	0.4852	0.47686	0.92909	0.48226	0.59906	0.98929	0.028134	0.52682	1.0417	0.041694	0.56328	0.85385	0.86708	0.52875	0.90946	0.075045	0.51996	0.92324	0.48122	73.548	-16.819	-13.028	-20.174	29.972	1.3192	-13.609	-11.855	-2.7981	28.704	0.50873	7.6167	-9.7421	-69.454	-25.801
-49.659	-68.284	723.99	0.57379	0.94163	0.014761	0.5769	0.90131	0.069384	0.51909	0.83937	0.03646	0.60498	0.93141	0.48527	0.47699	0.93238	0.48237	0.59916	0.98901	0.02825	0.52694	1.0415	0.041771	0.56354	0.86175	0.86824	0.52867	0.9094	0.075234	0.51995	0.92648	0.48148	73.984	-16.682	-12.903	-21.29	29.493	1.0982	-13.374	-11.903	-2.8486	26.339	0.46627	6.9068	-8.8779	-67.668	-24.741
-49.121	-61.486	695.99	0.57494	0.94388	0.014774	0.57681	0.90111	0.069484	0.51891	0.83927	0.036526	0.6051	0.93424	0.4853	0.47711	0.93551	0.48243	0.59927	0.98878	0.028394	0.52706	1.0414	0.041907	0.56376	0.8696	0.86936	0.52858	0.90936	0.075416	0.51991	0.92957	0.48172	74.414	-16.538	-12.792	-22.487	29.023	0.8901	-13.099	-11.949	-2.89	23.882	0.51155	6.164	-8.0722	-65.713	-23.663
-48.415	-55.39	669.04	0.57615	0.94648	0.014788	0.57672	0.90094	0.06959	0.51873	0.8392	0.036586	0.60519	0.93691	0.4853	0.47721	0.93851	0.48244	0.59936	0.98858	0.028558	0.52717	1.0413	0.042089	0.56393	0.87741	0.87043	0.5285	0.90934	0.075589	0.51983	0.93252	0.48192	74.836	-16.39	-12.693	-23.765	28.576	0.69731	-12.788	-11.993	-2.9215	21.376	0.6598	5.3991	-7.3245	-63.605	-22.576
-47.529	-49.967	643.57	0.57741	0.94942	0.014802	0.57663	0.90079	0.069699	0.51853	0.83917	0.036642	0.60526	0.93946	0.48529	0.47729	0.94138	0.48239	0.59945	0.98842	0.028735	0.52729	1.0412	0.042303	0.56406	0.88517	0.87144	0.52842	0.90934	0.075753	0.51973	0.93536	0.48211	75.247	-16.241	-12.605	-25.125	28.163	0.52076	-12.448	-12.035	-2.9429	18.861	0.9182	4.6216	-6.6384	-61.37	-21.491
-46.47	-45.168	619.91	0.5787	0.95269	0.014818	0.57653	0.90066	0.06981	0.51832	0.83918	0.036698	0.60532	0.94191	0.48524	0.47735	0.94416	0.4823	0.59952	0.98829	0.028918	0.52741	1.0411	0.042537	0.56415	0.8929	0.87239	0.52834	0.90935	0.075906	0.51959	0.9381	0.48227	75.647	-16.093	-12.527	-26.564	27.794	0.36013	-12.083	-12.073	-2.9539	16.364	1.2866	3.8405	-6.0205	-59.039	-20.419
-45.257	-40.934	598.34	0.58	0.95626	0.014835	0.57643	0.90057	0.069922	0.5181	0.83922	0.036756	0.60535	0.94427	0.48518	0.47739	0.94686	0.48216	0.59958	0.98819	0.029101	0.52752	1.041	0.042782	0.5642	0.90059	0.87327	0.52827	0.90938	0.076049	0.51943	0.94077	0.48241	76.034	-15.949	-12.458	-28.083	27.477	0.21434	-11.699	-12.109	-2.9549	13.909	1.7593	3.0634	-5.4773	-56.651	-19.374
-43.929	-37.197	579.05	0.5813	0.9601	0.014852	0.57632	0.9005	0.070034	0.51787	0.8393	0.036818	0.60537	0.94656	0.48509	0.47742	0.94949	0.48198	0.59964	0.98812	0.02928	0.52763	1.041	0.043027	0.56423	0.90826	0.87408	0.52818	0.90944	0.076183	0.51923	0.94339	0.48254	76.408	-15.809	-12.398	-29.679	27.221	0.082077	-11.302	-12.141	-2.9465	11.51	2.3255	2.2978	-5.0118	-54.25	-18.369
-42.534	-33.888	562.16	0.58258	0.96417	0.01487	0.5762	0.90045	0.070147	0.51762	0.83939	0.036889	0.60537	0.94881	0.48499	0.47743	0.95208	0.48176	0.59967	0.98808	0.029451	0.52772	1.041	0.043265	0.56424	0.91591	0.87481	0.5281	0.90951	0.076308	0.51901	0.94598	0.48264	76.769	-15.676	-12.345	-31.349	27.033	-0.038191	-10.896	-12.172	-2.9295	9.18	2.9684	1.5508	-4.6234	-51.885	-17.42
-41.132	-30.942	547.73	0.58384	0.96841	0.014888	0.57606	0.90043	0.070259	0.51736	0.83951	0.036969	0.60535	0.95104	0.48487	0.47742	0.95465	0.48152	0.5997	0.98805	0.029612	0.52782	1.041	0.04349	0.56422	0.92354	0.87546	0.52801	0.9096	0.076427	0.51877	0.94855	0.48273	77.117	-15.551	-12.298	-33.092	26.918	-0.14795	-10.486	-12.199	-2.9047	6.9287	3.6659	0.82908	-4.306	-49.611	-16.538
-39.789	-28.3	535.77	0.58506	0.97275	0.014906	0.57591	0.90044	0.070372	0.51707	0.83965	0.037061	0.60532	0.95326	0.48473	0.4774	0.95721	0.48124	0.59971	0.98805	0.029761	0.5279	1.041	0.043697	0.56418	0.93116	0.87602	0.52791	0.90971	0.076541	0.5185	0.95113	0.48281	77.454	-15.434	-12.257	-34.905	26.877	-0.24764	-10.079	-12.225	-2.8732	4.7639	4.3926	0.13986	-4.0472	-47.482	-15.735
-38.573	-25.913	526.23	0.58624	0.97714	0.014924	0.57574	0.90047	0.070486	0.51677	0.83981	0.037167	0.60527	0.95549	0.48458	0.47736	0.95978	0.48093	0.59971	0.98806	0.029897	0.52797	1.041	0.043883	0.56413	0.93876	0.8765	0.52781	0.90985	0.076651	0.51821	0.95372	0.48287	77.779	-15.326	-12.22	-36.785	26.915	-0.33709	-9.6767	-12.25	-2.8363	2.6928	5.1242	-0.5104	-3.8288	-45.552	-15.021
-37.546	-23.737	519.06	0.58737	0.98152	0.014941	0.57555	0.90052	0.070602	0.51645	0.83998	0.03729	0.6052	0.95773	0.48442	0.47731	0.96237	0.4806	0.59969	0.98808	0.030019	0.52804	1.0411	0.044046	0.56407	0.94635	0.87688	0.5277	0.90999	0.07676	0.5179	0.95636	0.48293	78.095	-15.227	-12.188	-38.731	27.033	-0.41606	-9.2849	-12.274	-2.795	0.72219	5.8383	-1.1166	-3.6281	-43.867	-14.4
-36.765	-21.735	514.14	0.58847	0.98583	0.014958	0.57534	0.90059	0.070721	0.5161	0.84016	0.037431	0.60512	0.96002	0.48425	0.47725	0.965	0.48025	0.59966	0.98812	0.030128	0.5281	1.0412	0.044184	0.564	0.95394	0.87718	0.52757	0.91016	0.076871	0.51756	0.95904	0.48297	78.402	-15.137	-12.158	-40.739	27.233	-0.48496	-8.907	-12.297	-2.7507	-1.1405	6.5144	-1.6754	-3.4196	-42.464	-13.876
-36.27	-19.874	511.35	0.58952	0.99001	0.014975	0.5751	0.90068	0.070845	0.51573	0.84035	0.037593	0.60502	0.96235	0.48407	0.47718	0.96768	0.47988	0.59962	0.98817	0.030225	0.52815	1.0413	0.044298	0.56394	0.96152	0.87738	0.52744	0.91035	0.076985	0.51721	0.96178	0.483	78.702	-15.056	-12.132	-42.806	27.512	-0.54475	-8.5463	-12.322	-2.7043	-2.8893	7.1358	-2.1857	-3.178	-41.37	-13.449
-36.08	-18.123	510.54	0.59053	0.99403	0.014991	0.57485	0.90079	0.070975	0.51534	0.84055	0.037778	0.60491	0.96475	0.48389	0.47709	0.97042	0.4795	0.59956	0.98822	0.030309	0.52819	1.0414	0.044388	0.56386	0.96909	0.87748	0.52729	0.91055	0.077105	0.51684	0.9646	0.48302	78.996	-14.982	-12.109	-44.928	27.865	-0.5967	-8.2058	-12.347	-2.6568	-4.5196	7.6908	-2.6482	-2.88	-40.598	-13.115
-36.192	-16.452	511.58	0.59148	0.99786	0.015006	0.57457	0.90092	0.071113	0.51493	0.84076	0.037988	0.60479	0.96721	0.4837	0.47699	0.97324	0.47911	0.59949	0.98828	0.030382	0.52823	1.0416	0.044454	0.5638	0.97667	0.8775	0.52713	0.91077	0.077234	0.51646	0.9675	0.48303	79.286	-14.916	-12.09	-47.103	28.283	-0.64205	-7.8878	-12.374	-2.6091	-6.0276	8.1742	-3.0651	-2.5044	-40.143	-12.866
-36.579	-14.838	514.31	0.59234	1.0015	0.01502	0.57427	0.90106	0.07126	0.5145	0.84096	0.038225	0.60466	0.96976	0.4835	0.47689	0.97614	0.4787	0.59941	0.98835	0.030445	0.52826	1.0417	0.0445	0.56373	0.98424	0.87742	0.52696	0.911	0.077374	0.51606	0.9705	0.48303	79.573	-14.855	-12.073	-49.326	28.755	-0.68144	-7.5944	-12.403	-2.5618	-7.4099	8.5897	-3.4391	-2.0314	-39.984	-12.692
-37.2	-13.258	518.61	0.59312	1.0048	0.015033	0.57395	0.90121	0.07142	0.51405	0.84117	0.038491	0.60452	0.97238	0.4833	0.47677	0.97913	0.47829	0.59932	0.98842	0.030499	0.52828	1.0419	0.044527	0.56367	0.99182	0.87725	0.52678	0.91124	0.077527	0.51565	0.97359	0.48303	79.858	-14.798	-12.061	-51.597	29.27	-0.71498	-7.3271	-12.436	-2.5155	-8.6636	8.9463	-3.7731	-1.4421	-40.088	-12.581
-38.002	-11.695	524.37	0.59378	1.008	0.015045	0.57362	0.90137	0.071594	0.51358	0.84137	0.03879	0.60437	0.9751	0.48309	0.47664	0.98221	0.47787	0.59923	0.98849	0.030544	0.5283	1.0421	0.044536	0.56362	0.99941	0.87698	0.52659	0.9115	0.077696	0.51523	0.97679	0.48302	80.143	-14.744	-12.054	-53.912	29.816	-0.74258	-7.0871	-12.472	-2.4704	-9.7855	9.2566	-4.0697	-0.72007	-40.415	-12.52
-38.933	-10.128	531.49	0.59431	1.0109	0.015055	0.57327	0.90155	0.071784	0.51311	0.84157	0.039123	0.6042	0.97791	0.48289	0.47651	0.9854	0.47745	0.59912	0.98857	0.030581	0.52831	1.0422	0.044531	0.56357	1.007	0.87664	0.52639	0.91178	0.077885	0.51479	0.9801	0.48299	80.427	-14.691	-12.052	-56.274	30.383	-0.76452	-6.8752	-12.512	-2.4267	-10.774	9.5352	-4.3321	0.14827	-40.926	-12.498
-39.941	-8.5374	539.9	0.59471	1.0135	0.015064	0.5729	0.90172	0.071994	0.51262	0.84176	0.039493	0.60403	0.98083	0.48268	0.47638	0.9887	0.47702	0.59901	0.98865	0.030609	0.52832	1.0424	0.044514	0.56353	1.0146	0.8762	0.52619	0.91206	0.078094	0.51435	0.98352	0.48297	80.712	-14.638	-12.057	-58.682	30.96	-0.78153	-6.6919	-12.557	-2.3843	-11.628	9.7965	-4.5637	1.1716	-41.581	-12.508
-40.98	-6.8963	549.55	0.59495	1.0159	0.015072	0.57253	0.90191	0.072226	0.51213	0.84195	0.039905	0.60386	0.98384	0.48247	0.47623	0.99211	0.47658	0.5989	0.98873	0.030629	0.52833	1.0426	0.044485	0.56349	1.0222	0.87569	0.52598	0.91235	0.078328	0.5139	0.98705	0.48293	80.998	-14.583	-12.07	-61.138	31.538	-0.79461	-6.5373	-12.607	-2.343	-12.35	10.054	-4.768	2.3534	-42.343	-12.543
-42.011	-5.172	560.36	0.59505	1.0181	0.015078	0.57216	0.9021	0.072483	0.51164	0.84211	0.040361	0.60367	0.98696	0.48227	0.47609	0.99565	0.47615	0.59878	0.98881	0.03064	0.52833	1.0429	0.044448	0.56347	1.0299	0.8751	0.52578	0.91265	0.078588	0.51344	0.99071	0.48289	81.285	-14.525	-12.092	-63.643	32.111	-0.80491	-6.4113	-12.663	-2.3024	-12.941	10.323	-4.9489	3.6918	-43.179	-12.596
-43.002	-3.3272	572.28	0.59502	1.0201	0.015082	0.57178	0.9023	0.072768	0.51116	0.84227	0.040867	0.60349	0.99019	0.48206	0.47595	0.9993	0.4757	0.59867	0.98889	0.030641	0.52833	1.0431	0.044403	0.56344	1.0375	0.87444	0.52557	0.91296	0.078878	0.51298	0.99448	0.48284	81.572	-14.461	-12.125	-66.195	32.676	-0.81419	-6.3136	-12.724	-2.2621	-13.407	10.614	-5.1104	5.1795	-44.058	-12.663
-43.932	-1.3189	585.22	0.59486	1.0218	0.015086	0.57141	0.9025	0.073085	0.51068	0.84241	0.041426	0.6033	0.99352	0.48185	0.4758	1.0031	0.47525	0.59855	0.98897	0.030631	0.52833	1.0433	0.044351	0.56342	1.0452	0.87371	0.52537	0.91328	0.079199	0.51252	0.99838	0.48278	81.859	-14.389	-12.169	-68.792	33.228	-0.82477	-6.2439	-12.791	-2.2216	-13.751	10.937	-5.257	6.8047	-44.955	-12.742
-44.795	0.89902	599.09	0.59458	1.0234	0.015088	0.57104	0.9027	0.073436	0.51022	0.84254	0.042043	0.60311	0.99697	0.48165	0.47566	1.007	0.4748	0.59844	0.98905	0.030608	0.52833	1.0435	0.044293	0.5634	1.0529	0.87292	0.52519	0.91361	0.079555	0.51206	1.0024	0.48271	82.145	-14.309	-12.227	-71.429	33.764	-0.83951	-6.2017	-12.864	-2.1803	-13.979	11.295	-5.3928	8.5514	-45.859	-12.833
-45.601	3.3739	613.78	0.59422	1.0247	0.015089	0.57069	0.9029	0.073826	0.50978	0.84264	0.042725	0.60292	1.0005	0.48145	0.47553	1.011	0.47434	0.59832	0.98913	0.030573	0.52833	1.0437	0.044229	0.56339	1.0607	0.87207	0.52501	0.91395	0.079949	0.5116	1.0066	0.48263	82.429	-14.219	-12.299	-74.097	34.278	-0.86165	-6.1864	-12.943	-2.1378	-14.098	11.683	-5.5217	10.399	-46.77	-12.935
-46.38	6.148	629.15	0.59378	1.0259	0.015089	0.57036	0.9031	0.074258	0.50937	0.84273	0.043477	0.60274	1.0042	0.48124	0.4754	1.0152	0.47386	0.59822	0.9892	0.030522	0.52832	1.0439	0.044159	0.56336	1.0685	0.87117	0.52486	0.91429	0.080384	0.51115	1.0108	0.48255	82.709	-14.116	-12.386	-76.791	34.768	-0.89377	-6.1975	-13.027	-2.0937	-14.111	12.088	-5.646	12.329	-47.699	-13.049
-47.171	9.2513	645.07	0.5933	1.0269	0.015089	0.57005	0.9033	0.074738	0.50898	0.8428	0.044307	0.60257	1.008	0.48104	0.47529	1.0195	0.47338	0.59812	0.98925	0.030454	0.52832	1.0441	0.044082	0.56333	1.0764	0.87021	0.52473	0.91464	0.080862	0.5107	1.0152	0.48244	82.983	-14	-12.49	-79.501	35.226	-0.9375	-6.2347	-13.117	-2.0475	-14.022	12.497	-5.7654	14.328	-48.666	-13.174
-48.017	12.703	661.37	0.59278	1.0278	0.015088	0.56977	0.90351	0.075269	0.50863	0.84285	0.045221	0.6024	1.0119	0.48084	0.47519	1.0239	0.47288	0.59803	0.9893	0.03037	0.52832	1.0443	0.043996	0.56329	1.0843	0.86922	0.52463	0.915	0.081386	0.51028	1.0198	0.48233	83.251	-13.87	-12.612	-82.217	35.648	-0.99333	-6.2978	-13.213	-1.9993	-13.827	12.887	-5.8775	16.388	-49.697	-13.309
-48.96	16.513	677.89	0.59225	1.0285	0.015087	0.56952	0.90372	0.075857	0.50832	0.8429	0.046229	0.60225	1.016	0.48063	0.4751	1.0285	0.47236	0.59795	0.98934	0.030267	0.52831	1.0444	0.043902	0.56324	1.0923	0.86819	0.52456	0.91538	0.081961	0.50986	1.0245	0.48219	83.509	-13.724	-12.752	-84.927	36.023	-1.061	-6.3868	-13.312	-1.9489	-13.523	13.24	-5.9781	18.502	-50.814	-13.449
-50.037	20.691	694.45	0.59172	1.0292	0.015085	0.56931	0.90394	0.076507	0.50804	0.84293	0.047338	0.60211	1.0201	0.48043	0.47505	1.0332	0.47182	0.59788	0.98935	0.030147	0.52831	1.0445	0.043797	0.56317	1.1003	0.86713	0.52453	0.91577	0.082589	0.50947	1.0293	0.48204	83.755	-13.561	-12.911	-87.617	36.343	-1.1403	-6.5018	-13.416	-1.8966	-13.103	13.536	-6.0627	20.664	-52.037	-13.588
-51.277	25.24	710.87	0.5912	1.0298	0.015084	0.56914	0.90417	0.077226	0.50781	0.84296	0.048558	0.602	1.0244	0.48022	0.47502	1.0381	0.47125	0.59782	0.98935	0.03001	0.5283	1.0446	0.04368	0.56307	1.1084	0.86603	0.52454	0.91617	0.083273	0.50911	1.0342	0.48185	83.988	-13.381	-13.089	-90.268	36.597	-1.2306	-6.6434	-13.523	-1.8429	-12.563	13.757	-6.1266	22.866	-53.378	-13.719
-52.697	30.167	726.95	0.5907	1.0303	0.015082	0.56901	0.90441	0.078018	0.50763	0.843	0.049899	0.60191	1.0289	0.48	0.47502	1.0431	0.47065	0.59777	0.98932	0.029856	0.5283	1.0447	0.04355	0.56295	1.1166	0.86491	0.52459	0.9166	0.084019	0.50877	1.0394	0.48164	84.204	-13.183	-13.285	-92.862	36.777	-1.3311	-6.8125	-13.632	-1.7884	-11.896	13.889	-6.1648	25.092	-54.843	-13.833
-54.303	35.473	742.49	0.59022	1.0307	0.01508	0.56893	0.90468	0.078892	0.50749	0.84305	0.051371	0.60184	1.0334	0.47977	0.47506	1.0483	0.47002	0.59774	0.98926	0.02969	0.52829	1.0448	0.043406	0.5628	1.1249	0.86377	0.52468	0.91706	0.08483	0.50848	1.0446	0.48139	84.4	-12.967	-13.499	-95.377	36.869	-1.4405	-7.0102	-13.743	-1.7342	-11.099	13.921	-6.1725	27.326	-56.428	-13.916
-56.089	41.16	757.31	0.58976	1.0311	0.015078	0.56889	0.90497	0.079853	0.5074	0.84313	0.052986	0.60181	1.0382	0.47953	0.47514	1.0537	0.46934	0.59771	0.98917	0.029515	0.52828	1.0448	0.043245	0.56262	1.1332	0.86261	0.52483	0.91755	0.08571	0.50823	1.0501	0.48109	84.575	-12.732	-13.731	-97.791	36.862	-1.5574	-7.2381	-13.853	-1.6814	-10.169	13.844	-6.1449	29.544	-58.123	-13.959
-58.036	47.224	771.22	0.58933	1.0314	0.015076	0.56889	0.90529	0.080911	0.50735	0.84325	0.054754	0.60182	1.0431	0.47927	0.47527	1.0592	0.46862	0.59769	0.98904	0.029336	0.52828	1.0447	0.043069	0.56239	1.1417	0.86143	0.52503	0.91809	0.086664	0.50804	1.0557	0.48075	84.725	-12.479	-13.978	-100.08	36.747	-1.6794	-7.4981	-13.961	-1.6315	-9.1035	13.656	-6.0771	31.722	-59.905	-13.945
-60.111	53.658	784.02	0.58893	1.0317	0.015075	0.56894	0.90565	0.082072	0.50733	0.84342	0.056688	0.60187	1.0481	0.479	0.47545	1.065	0.46784	0.59768	0.98888	0.02916	0.52827	1.0446	0.042877	0.56212	1.1502	0.86024	0.52527	0.91867	0.087698	0.5079	1.0615	0.48035	84.847	-12.208	-14.239	-102.22	36.515	-1.8027	-7.7925	-14.066	-1.586	-7.9015	13.359	-5.9634	33.83	-61.742	-13.863
-62.269	60.45	795.54	0.58854	1.032	0.015073	0.56903	0.90607	0.083345	0.50736	0.84366	0.058799	0.60197	1.0534	0.4787	0.47569	1.0709	0.46701	0.59768	0.98868	0.028995	0.52827	1.0445	0.042669	0.56181	1.1589	0.85904	0.52557	0.91932	0.088815	0.50783	1.0676	0.47989	84.939	-11.919	-14.513	-104.18	36.155	-1.9226	-8.1239	-14.167	-1.5469	-6.5622	12.959	-5.798	35.837	-63.594	-13.697
-64.452	67.582	805.6	0.58817	1.0322	0.015072	0.56917	0.90656	0.084739	0.50741	0.84399	0.061098	0.60212	1.0589	0.47837	0.476	1.0771	0.46611	0.59768	0.98844	0.028851	0.52827	1.0443	0.042448	0.56143	1.1676	0.85784	0.52591	0.92004	0.090023	0.50783	1.0738	0.47935	84.997	-11.614	-14.797	-105.93	35.659	-2.0339	-8.4953	-14.261	-1.5159	-5.0853	12.466	-5.5749	37.71	-65.412	-13.435
-66.587	75.03	814.03	0.5878	1.0325	0.01507	0.56934	0.90712	0.086263	0.50749	0.84443	0.063597	0.60233	1.0645	0.47801	0.47638	1.0835	0.46514	0.59768	0.98817	0.028738	0.52827	1.0441	0.042215	0.561	1.1764	0.85662	0.52629	0.92084	0.091327	0.50791	1.0803	0.47873	85.018	-11.292	-15.087	-107.45	35.018	-2.1312	-8.91	-14.348	-1.495	-3.4696	11.894	-5.2891	39.414	-67.137	-13.066
-68.596	82.756	820.66	0.58744	1.0327	0.015068	0.56954	0.90778	0.087926	0.50758	0.84501	0.066308	0.6026	1.0704	0.47762	0.47683	1.0902	0.46409	0.59769	0.98785	0.028671	0.52828	1.0439	0.041973	0.56051	1.1853	0.85541	0.52672	0.92174	0.092734	0.50808	1.087	0.47802	84.999	-10.957	-15.383	-108.69	34.226	-2.2094	-9.3716	-14.424	-1.4862	-1.7138	11.262	-4.936	40.919	-68.706	-12.584
-70.395	90.712	825.28	0.58706	1.0328	0.015066	0.56977	0.90855	0.089736	0.50768	0.84574	0.069241	0.60293	1.0765	0.47719	0.47737	1.0971	0.46296	0.59769	0.98751	0.028663	0.52829	1.0436	0.041728	0.55996	1.1944	0.85419	0.52718	0.92276	0.09425	0.50834	1.0939	0.47722	84.938	-10.608	-15.679	-109.61	33.279	-2.2638	-9.8836	-14.489	-1.4915	0.1826	10.591	-4.5129	42.193	-70.051	-11.985
-71.901	98.833	827.71	0.58667	1.033	0.015064	0.57001	0.90945	0.091704	0.50778	0.84667	0.072405	0.60333	1.0829	0.47671	0.47799	1.1043	0.46175	0.59769	0.98715	0.028729	0.52831	1.0432	0.041484	0.55934	1.2035	0.85296	0.52767	0.92391	0.095882	0.50871	1.1012	0.47631	84.83	-10.248	-15.974	-110.18	32.174	-2.2904	-10.45	-14.542	-1.5126	2.2188	9.9019	-4.0185	43.204	-71.103	-11.271
-73.036	107.04	827.71	0.58625	1.0331	0.015062	0.57027	0.9105	0.093838	0.50786	0.84781	0.07581	0.6038	1.0895	0.47619	0.47871	1.1118	0.46044	0.59768	0.98677	0.028887	0.52834	1.0429	0.041248	0.55864	1.2127	0.85174	0.52818	0.92521	0.097639	0.50919	1.1087	0.47529	84.672	-9.8784	-16.263	-110.35	30.914	-2.2867	-11.074	-14.579	-1.551	4.3934	9.2167	-3.4541	43.927	-71.798	-10.448
-73.728	115.22	825.08	0.5858	1.0332	0.01506	0.57053	0.91173	0.096146	0.50792	0.84919	0.079463	0.60435	1.0964	0.47562	0.47952	1.1196	0.45904	0.59766	0.98638	0.029153	0.52838	1.0425	0.041028	0.55788	1.2219	0.85052	0.5287	0.92668	0.099526	0.50977	1.1165	0.47416	84.461	-9.5024	-16.543	-110.07	29.504	-2.2517	-11.76	-14.602	-1.6082	6.704	8.5555	-2.8231	44.341	-72.077	-9.5269
-73.917	123.26	819.58	0.58531	1.0333	0.015057	0.57079	0.91314	0.098637	0.50794	0.85084	0.083369	0.60497	1.1037	0.475	0.48044	1.1277	0.45754	0.59762	0.98601	0.029547	0.52844	1.0422	0.040832	0.55704	1.2313	0.84931	0.52922	0.92835	0.10155	0.51048	1.1246	0.4729	84.195	-9.1223	-16.811	-109.28	27.953	-2.1864	-12.512	-14.607	-1.685	9.145	7.9378	-2.1322	44.431	-71.888	-8.5245
-73.551	131.01	810.96	0.58478	1.0333	0.015054	0.57104	0.91478	0.10132	0.50792	0.8528	0.087533	0.60566	1.1112	0.47432	0.48145	1.1361	0.45593	0.59757	0.98567	0.030087	0.52851	1.0418	0.04067	0.55612	1.2407	0.8481	0.52973	0.93023	0.10372	0.51131	1.133	0.47152	83.869	-8.741	-17.063	-107.95	26.277	-2.0918	-13.333	-14.596	-1.7822	11.704	7.3833	-1.3909	44.187	-71.187	-7.4609
-72.593	138.29	798.96	0.58421	1.0333	0.01505	0.57126	0.91666	0.10419	0.50785	0.85509	0.091957	0.60643	1.119	0.47359	0.48257	1.145	0.45424	0.5975	0.98538	0.030791	0.5286	1.0416	0.040553	0.55514	1.2502	0.8469	0.53021	0.93235	0.10605	0.51226	1.1418	0.47002	83.48	-8.3618	-17.297	-106.03	24.498	-1.9694	-14.225	-14.567	-1.8999	14.358	6.9101	-0.61215	43.605	-69.935	-6.3593
-71.017	144.92	783.3	0.5836	1.0332	0.015047	0.57145	0.91881	0.10727	0.5077	0.85774	0.096639	0.60728	1.1272	0.47281	0.48379	1.1542	0.45244	0.59741	0.98517	0.031678	0.52871	1.0413	0.040492	0.55408	1.2598	0.84571	0.53067	0.93474	0.10853	0.51334	1.151	0.46839	83.027	-7.9882	-17.511	-103.46	22.64	-1.8215	-15.192	-14.52	-2.038	17.077	6.5339	0.18768	42.685	-68.106	-5.2454
-68.813	150.65	763.72	0.58295	1.0332	0.015043	0.5716	0.92125	0.11054	0.50748	0.86079	0.10158	0.60819	1.1358	0.47198	0.48511	1.1638	0.45055	0.59729	0.98507	0.032764	0.52885	1.0412	0.040499	0.55295	1.2694	0.84454	0.53107	0.93742	0.11119	0.51454	1.1605	0.46664	82.508	-7.6242	-17.7	-100.23	20.732	-1.651	-16.234	-14.455	-2.1957	19.817	6.2662	0.98832	41.436	-65.689	-4.1474
-65.993	155.25	739.98	0.58226	1.0331	0.015038	0.5717	0.92402	0.11403	0.50718	0.86425	0.10677	0.60917	1.1447	0.4711	0.48653	1.1737	0.44858	0.59714	0.98509	0.034065	0.529	1.0413	0.040585	0.55175	1.279	0.84339	0.53141	0.94042	0.11401	0.51586	1.1703	0.46478	81.92	-7.2736	-17.865	-96.292	18.806	-1.4624	-17.354	-14.375	-2.3718	22.522	6.1115	1.7667	39.881	-62.688	-3.094
-62.59	158.44	711.84	0.58154	1.033	0.015034	0.57175	0.92713	0.11772	0.50678	0.86816	0.1122	0.61021	1.154	0.47017	0.48806	1.1841	0.44652	0.59696	0.98529	0.035596	0.52919	1.0414	0.040765	0.55048	1.2887	0.84227	0.53168	0.94377	0.117	0.5173	1.1806	0.46281	81.265	-6.9406	-18.004	-91.655	16.894	-1.2607	-18.552	-14.279	-2.565	25.125	6.0668	2.4978	38.05	-59.132	-2.113
-58.661	159.93	679.19	0.5808	1.0329	0.015029	0.57173	0.93063	0.12161	0.50628	0.87254	0.11786	0.61131	1.1637	0.46921	0.48967	1.1949	0.4444	0.59676	0.98569	0.037368	0.52941	1.0418	0.041048	0.54915	1.2983	0.84117	0.53187	0.94749	0.12018	0.51886	1.1912	0.46074	80.544	-6.6295	-18.117	-86.326	15.027	-1.0515	-19.827	-14.17	-2.773	27.546	6.1208	3.1561	35.991	-55.071	-1.2295
-54.291	159.46	642	0.58004	1.0329	0.015025	0.57164	0.93452	0.12569	0.50567	0.87741	0.12374	0.61246	1.1737	0.46821	0.49137	1.2062	0.44221	0.59652	0.98634	0.03939	0.52966	1.0425	0.041448	0.54777	1.308	0.84011	0.53196	0.95162	0.12353	0.52052	1.2022	0.45859	79.759	-6.3444	-18.205	-80.348	13.238	-0.83981	-21.178	-14.051	-2.9938	29.693	6.2537	3.7179	33.762	-50.579	-0.46232
-49.588	156.79	600.4	0.57926	1.0329	0.01502	0.57148	0.93885	0.12997	0.50496	0.88279	0.12982	0.61365	1.1842	0.46718	0.49315	1.2179	0.43998	0.59625	0.98728	0.041669	0.52994	1.0434	0.041974	0.54634	1.3177	0.83909	0.53194	0.95618	0.12706	0.52227	1.2136	0.45637	78.915	-6.0892	-18.268	-73.791	11.552	-0.63081	-22.602	-13.924	-3.2248	31.473	6.4371	4.1639	31.437	-45.759	0.17697
-44.682	151.73	554.72	0.57848	1.033	0.015016	0.57124	0.94362	0.13442	0.50413	0.8887	0.13607	0.61487	1.1951	0.46614	0.495	1.23	0.43772	0.59594	0.98855	0.044206	0.53024	1.0446	0.042637	0.54486	1.3274	0.83812	0.53181	0.9612	0.13076	0.52412	1.2254	0.45409	78.019	-5.8675	-18.31	-66.756	9.991	-0.42981	-24.096	-13.792	-3.4635	32.793	6.6345	4.4802	29.092	-40.737	0.68556
-39.717	144.23	505.54	0.57771	1.0332	0.015011	0.5709	0.94887	0.13905	0.50319	0.89516	0.14247	0.61611	1.2064	0.46509	0.49691	1.2425	0.43545	0.5956	0.99019	0.047002	0.53058	1.0462	0.043444	0.54335	1.3371	0.8372	0.53156	0.9667	0.13463	0.52603	1.2376	0.45178	77.081	-5.6824	-18.332	-59.382	8.5683	-0.24178	-25.655	-13.658	-3.7073	33.564	6.8037	4.6604	26.801	-35.656	1.0706
-34.838	134.37	453.67	0.57696	1.0336	0.015008	0.57049	0.95461	0.14382	0.50214	0.90216	0.14901	0.61735	1.2181	0.46404	0.49886	1.2554	0.43319	0.59522	0.99226	0.05005	0.53094	1.0483	0.044403	0.54181	1.3467	0.83634	0.53119	0.97272	0.13866	0.52801	1.2501	0.44947	76.112	-5.536	-18.339	-51.836	7.2908	-0.0712	-27.274	-13.528	-3.9536	33.714	6.902	4.7055	24.613	-30.666	1.3472
-30.175	122.42	400.17	0.57624	1.0343	0.015005	0.56999	0.96087	0.14873	0.50098	0.90973	0.15563	0.6186	1.2301	0.46301	0.50084	1.2688	0.43097	0.59481	0.9948	0.053342	0.53133	1.0508	0.045518	0.54026	1.3563	0.83556	0.53069	0.97927	0.14283	0.53003	1.263	0.44716	75.124	-5.4299	-18.334	-44.307	6.1587	0.077523	-28.945	-13.403	-4.2002	33.186	6.8906	4.6227	22.547	-25.912	1.5341
-25.832	108.84	346.3	0.57557	1.0352	0.015004	0.5694	0.96766	0.15375	0.49972	0.91785	0.16232	0.61983	1.2426	0.46202	0.50284	1.2826	0.4288	0.59437	0.99786	0.056864	0.53174	1.0538	0.046791	0.53869	1.3659	0.83484	0.53006	0.98637	0.14712	0.53208	1.2763	0.44489	74.133	-5.3646	-18.322	-36.997	5.1667	0.19935	-30.662	-13.289	-4.4453	31.95	6.7374	4.4236	20.572	-21.519	1.6486
-21.869	94.309	293.39	0.57496	1.0364	0.015003	0.56872	0.97499	0.15886	0.49837	0.92654	0.16903	0.62103	1.2555	0.46106	0.50483	1.2968	0.42671	0.5939	1.0015	0.060597	0.53216	1.0574	0.048221	0.53712	1.3754	0.83422	0.52931	0.99404	0.15153	0.53414	1.2899	0.44268	73.155	-5.3395	-18.307	-30.106	4.3043	0.28774	-32.416	-13.189	-4.6873	30.003	6.4173	4.1224	18.591	-17.581	1.7012
-18.306	79.577	242.73	0.57443	1.0379	0.015004	0.56797	0.98289	0.16403	0.49693	0.93578	0.17573	0.62219	1.2687	0.46016	0.50681	1.3114	0.42472	0.5934	1.0057	0.064519	0.5326	1.0617	0.049807	0.53556	1.3848	0.83368	0.52845	1.0023	0.15602	0.53619	1.3039	0.44055	72.205	-5.3534	-18.293	-23.804	3.5554	0.33628	-34.197	-13.104	-4.9251	27.363	5.9136	3.7346	16.473	-14.146	1.6924
-15.136	65.348	195.44	0.57398	1.0396	0.015005	0.56713	0.99134	0.16922	0.49541	0.94557	0.18238	0.6233	1.2823	0.45933	0.50874	1.3263	0.42287	0.59287	1.0106	0.068605	0.53304	1.0665	0.051542	0.53402	1.3942	0.83324	0.52748	1.0112	0.16057	0.53821	1.3181	0.43854	71.301	-5.4039	-18.283	-18.231	2.9002	0.33999	-35.997	-13.039	-5.1581	24.106	5.2241	3.2822	14.122	-11.231	1.618
-12.341	52.123	152.47	0.5736	1.0415	0.015007	0.56622	1.0004	0.17442	0.49383	0.95591	0.18894	0.62434	1.2962	0.45858	0.51062	1.3416	0.42117	0.59232	1.0161	0.072823	0.53348	1.0721	0.053417	0.53251	1.4035	0.8329	0.52641	1.0206	0.16516	0.54018	1.3327	0.43666	70.455	-5.4883	-18.278	-13.491	2.3193	0.29743	-37.804	-12.995	-5.3863	20.438	4.376	2.8074	11.581	-8.8458	1.4852
-9.8996	40.215	114.52	0.57329	1.0437	0.015011	0.56524	1.01	0.17959	0.49219	0.96677	0.19536	0.62531	1.3105	0.45793	0.51241	1.3571	0.41966	0.59173	1.0224	0.07714	0.53392	1.0784	0.055421	0.53103	1.4128	0.83267	0.52525	1.0307	0.16975	0.54209	1.3475	0.43493	69.682	-5.603	-18.28	-9.559	1.7887	0.22333	-39.608	-12.971	-5.6101	16.462	3.4248	2.3112	8.9585	-6.8495	1.2914
-7.7773	29.803	82.008	0.57303	1.0465	0.015016	0.56421	1.0201	0.18469	0.4905	0.97815	0.2016	0.62619	1.325	0.4574	0.5141	1.373	0.41836	0.59113	1.0294	0.081518	0.53433	1.0854	0.057539	0.52961	1.422	0.83256	0.52402	1.0413	0.17431	0.54391	1.3626	0.43338	68.992	-5.7444	-18.29	-6.4665	1.3004	0.12056	-41.4	-12.968	-5.8301	12.505	2.4306	1.8464	6.4104	-5.2589	1.0636
-5.9419	20.967	55.007	0.57273	1.0503	0.015024	0.56312	1.0309	0.18968	0.48879	0.99002	0.20763	0.62697	1.3399	0.45699	0.51567	1.3891	0.41728	0.59051	1.0372	0.085918	0.53472	1.0933	0.059755	0.52824	1.4311	0.83256	0.52272	1.0526	0.17881	0.54563	1.3779	0.43203	68.393	-5.9087	-18.305	-4.3563	0.86908	-0.029353	-43.168	-12.985	-6.0474	9.1718	1.4418	1.5398	4.1053	-4.3357	0.86509
-4.3677	13.702	33.328	0.57226	1.0565	0.015037	0.56198	1.0422	0.19453	0.48706	1.0024	0.21339	0.62764	1.355	0.45671	0.5171	1.4055	0.41646	0.58986	1.0458	0.090298	0.53508	1.1019	0.062048	0.52693	1.4402	0.83268	0.52137	1.0644	0.18321	0.54723	1.3935	0.4309	67.892	-6.0924	-18.325	-2.1067	0.39746	-0.072861	-44.902	-13.02	-6.2632	4.6301	0.57868	0.85327	1.9121	-2.383	0.48146
0	0	0	NaN	NaN	NaN	0.56081	1.0541	0.1992	0.48533	1.0152	0.21885	0.62819	1.3703	0.45658	0.51837	1.422	0.41591	0.5892	1.0552	0.094614	0.5354	1.1114	0.064396	0.5257	1.4491	0.83292	0.51999	1.0768	0.18747	0.54869	1.4091	0.43	67.491	-6.2922	-18.346	0.01861	0.000133	0.005644	-46.593	-13.067	-6.4787	0.031063	0.054902	-0.03693	0.31206	0.17428	0.031006
