0.60422	0.77568	0.073862	0.51874	0.80727	0.08659	0.53856	0.72604	0.037597	0.60947	0.86471	0.48564	0.48438	0.88525	0.46687	0.64957	0.85668	0.032375	0.58914	0.92165	0.044729	0.53494	0.93085	0.87091	0.56071	0.79329	0.076929	0.54612	0.87545	0.47724	80.248	-15.257	-14.702	-3.5836	-0.65371	-3.1919
0.60415	0.77568	0.073845	0.51873	0.80726	0.086584	0.53856	0.72603	0.037606	0.60953	0.86467	0.48565	0.48437	0.88523	0.46688	0.64956	0.85667	0.032388	0.58914	0.92165	0.044749	0.53493	0.93085	0.8709	0.56067	0.79331	0.076942	0.54614	0.87543	0.47724	80.248	-15.269	-14.688	-3.5764	-0.63172	-3.1818
0.60406	0.77566	0.073834	0.51872	0.80726	0.086594	0.53856	0.72602	0.037614	0.6096	0.86465	0.48566	0.48437	0.88522	0.46689	0.64955	0.85667	0.032397	0.58914	0.92165	0.044762	0.53492	0.93084	0.87091	0.56064	0.79333	0.076948	0.54617	0.87542	0.47725	80.248	-15.276	-14.677	-3.5749	-0.61441	-3.1768
0.60399	0.77564	0.07383	0.51872	0.80727	0.086605	0.53857	0.72601	0.03762	0.60964	0.86465	0.48566	0.48439	0.88523	0.46689	0.64955	0.85667	0.032401	0.58914	0.92166	0.044763	0.53494	0.93083	0.87091	0.56061	0.79334	0.07695	0.54619	0.87543	0.47725	80.25	-15.278	-14.667	-3.5773	-0.60249	-3.1778
0.60399	0.77565	0.073834	0.51873	0.80727	0.086607	0.53857	0.72601	0.037622	0.60965	0.86466	0.48566	0.4844	0.88523	0.4669	0.64955	0.85667	0.032399	0.58915	0.92165	0.044759	0.53497	0.93083	0.87092	0.56059	0.79334	0.07695	0.54619	0.87544	0.47725	80.254	-15.281	-14.658	-3.578	-0.59582	-3.1831
0.60401	0.77566	0.073839	0.51873	0.80726	0.086604	0.53857	0.72601	0.03762	0.60964	0.86467	0.48565	0.48441	0.88522	0.4669	0.64955	0.85667	0.032395	0.58915	0.92165	0.044764	0.53501	0.93085	0.87091	0.56058	0.79334	0.076952	0.54619	0.87545	0.47725	80.257	-15.289	-14.65	-3.5749	-0.59328	-3.1893
0.60401	0.77566	0.073836	0.51873	0.80726	0.086607	0.53857	0.72601	0.037621	0.60964	0.86469	0.48565	0.48441	0.88521	0.46691	0.64955	0.85667	0.032392	0.58915	0.92165	0.044773	0.53503	0.93089	0.87091	0.56057	0.79333	0.076958	0.5462	0.87545	0.47725	80.261	-15.299	-14.646	-3.5708	-0.59091	-3.1929
0.60398	0.77565	0.07383	0.51873	0.80726	0.086614	0.53857	0.72601	0.037624	0.60965	0.86469	0.48565	0.48441	0.88521	0.4669	0.64955	0.85668	0.032391	0.58915	0.92165	0.044775	0.53505	0.93093	0.87091	0.56057	0.79333	0.076964	0.54621	0.87545	0.47725	80.263	-15.307	-14.648	-3.5671	-0.59086	-3.1938
0.60396	0.77564	0.073829	0.51873	0.80726	0.086618	0.53856	0.72601	0.037628	0.60966	0.86469	0.48565	0.48442	0.88521	0.4669	0.64955	0.85668	0.032391	0.58915	0.92165	0.044772	0.53506	0.93096	0.87092	0.5606	0.79333	0.076966	0.54622	0.87546	0.47725	80.261	-15.307	-14.656	-3.563	-0.59574	-3.1942
0.60398	0.77564	0.07383	0.51873	0.80727	0.086612	0.53857	0.72601	0.037629	0.60969	0.86469	0.48564	0.48442	0.88522	0.4669	0.64955	0.85668	0.032388	0.58916	0.92165	0.044768	0.53508	0.93099	0.87091	0.56062	0.79332	0.076964	0.54623	0.87546	0.47724	80.258	-15.304	-14.666	-3.5597	-0.60088	-3.1956
0.60403	0.77565	0.073833	0.51873	0.80728	0.086599	0.53857	0.72601	0.037628	0.60972	0.86469	0.48563	0.48443	0.88523	0.4669	0.64955	0.85668	0.032384	0.58917	0.92165	0.044771	0.53509	0.93103	0.8709	0.56065	0.79332	0.076961	0.54624	0.87547	0.47724	80.258	-15.3	-14.672	-3.5571	-0.60491	-3.1984
0.60408	0.77567	0.073837	0.51873	0.80728	0.086591	0.53857	0.72601	0.037628	0.60974	0.8647	0.48561	0.48443	0.88524	0.46689	0.64955	0.85668	0.032385	0.58918	0.92165	0.044779	0.5351	0.93107	0.87089	0.56066	0.79331	0.076958	0.54625	0.87548	0.47723	80.259	-15.299	-14.674	-3.5564	-0.60779	-3.2014
0.60409	0.77567	0.073839	0.51873	0.80728	0.086598	0.53857	0.72601	0.037629	0.60975	0.86474	0.48561	0.48444	0.88526	0.46689	0.64955	0.85668	0.032391	0.58918	0.92165	0.044785	0.53511	0.93111	0.87088	0.56067	0.79332	0.076958	0.54626	0.87551	0.47723	80.261	-15.302	-14.673	-3.5562	-0.60645	-3.2036
0.60407	0.77566	0.07384	0.51872	0.80727	0.086611	0.53856	0.72601	0.037633	0.60976	0.86477	0.48561	0.48445	0.88528	0.46688	0.64954	0.85668	0.032397	0.58918	0.92165	0.044784	0.53512	0.93115	0.87087	0.56066	0.79334	0.076959	0.54627	0.87555	0.47723	80.26	-15.307	-14.672	-3.5527	-0.60398	-3.2088
0.60408	0.77567	0.073845	0.51872	0.80727	0.086613	0.53856	0.72602	0.037638	0.60975	0.86481	0.4856	0.48445	0.88529	0.46687	0.64954	0.85669	0.032397	0.58916	0.92165	0.044777	0.53513	0.9312	0.87087	0.56066	0.79335	0.076961	0.54626	0.87557	0.47722	80.259	-15.31	-14.673	-3.5462	-0.60309	-3.2188
0.60411	0.77568	0.073846	0.51872	0.80726	0.086604	0.53856	0.72602	0.037641	0.60973	0.86484	0.4856	0.48444	0.8853	0.46686	0.64954	0.85669	0.032392	0.58916	0.92166	0.044772	0.53514	0.93127	0.87087	0.56065	0.79336	0.076963	0.54625	0.8756	0.47722	80.26	-15.314	-14.674	-3.5406	-0.60162	-3.2294
0.60411	0.77569	0.07384	0.51872	0.80726	0.086595	0.53856	0.72602	0.037641	0.60972	0.86488	0.4856	0.48444	0.88532	0.46686	0.64954	0.85669	0.032388	0.58917	0.92166	0.044773	0.53514	0.93134	0.87086	0.56065	0.79336	0.076964	0.54624	0.87564	0.47722	80.262	-15.316	-14.676	-3.5369	-0.5993	-3.2356
0.60407	0.77567	0.073835	0.51872	0.80727	0.086597	0.53855	0.72602	0.037644	0.60973	0.86492	0.4856	0.48442	0.88536	0.46685	0.64954	0.85669	0.032391	0.58916	0.92166	0.044771	0.53513	0.93143	0.87085	0.56065	0.79336	0.076966	0.54624	0.87568	0.47721	80.263	-15.319	-14.68	-3.5339	-0.59836	-3.2371
0.60404	0.77566	0.073835	0.51871	0.80727	0.086607	0.53855	0.72602	0.037648	0.60974	0.86497	0.48561	0.48441	0.88541	0.46684	0.64954	0.85669	0.032397	0.58914	0.92166	0.044762	0.53511	0.93154	0.87084	0.56065	0.79336	0.076968	0.54624	0.87574	0.47721	80.267	-15.326	-14.679	-3.5324	-0.59561	-3.2369
0.60403	0.77565	0.073841	0.5187	0.80728	0.086612	0.53855	0.72601	0.037651	0.60972	0.86504	0.48561	0.48439	0.88546	0.46683	0.64953	0.85669	0.032399	0.58913	0.92167	0.044752	0.5351	0.93166	0.87081	0.56063	0.79336	0.076971	0.54622	0.8758	0.4772	80.277	-15.334	-14.673	-3.5327	-0.59186	-3.2393
0.60403	0.77566	0.073849	0.51871	0.80727	0.0866	0.53855	0.72601	0.037654	0.60969	0.86512	0.48561	0.48438	0.88551	0.46682	0.64953	0.85669	0.032395	0.58913	0.92167	0.04475	0.53511	0.93179	0.87078	0.56061	0.79335	0.076975	0.5462	0.87587	0.47719	80.289	-15.337	-14.664	-3.5338	-0.59037	-3.2462
0.60401	0.77567	0.073851	0.51872	0.80726	0.08658	0.53855	0.72602	0.037655	0.60966	0.86519	0.48559	0.48438	0.88556	0.46681	0.64954	0.85669	0.032391	0.58914	0.92166	0.044758	0.53511	0.93193	0.87076	0.56061	0.79334	0.076977	0.54619	0.87594	0.47718	80.3	-15.338	-14.66	-3.533	-0.59344	-3.2546
0.60398	0.77568	0.07385	0.51872	0.80727	0.086569	0.53855	0.72602	0.03766	0.60964	0.86527	0.48556	0.48437	0.88562	0.4668	0.64954	0.85669	0.032391	0.58915	0.92167	0.044765	0.53512	0.93208	0.87074	0.56061	0.79335	0.07698	0.54617	0.87601	0.47716	80.304	-15.343	-14.66	-3.5287	-0.59766	-3.2591
0.60396	0.7757	0.073852	0.5187	0.80728	0.086567	0.53855	0.72603	0.037666	0.60962	0.86535	0.48554	0.48436	0.88569	0.46679	0.64953	0.85669	0.032397	0.58914	0.92167	0.044766	0.53511	0.93223	0.87072	0.56061	0.79338	0.076984	0.54616	0.87609	0.47715	80.305	-15.351	-14.661	-3.5216	-0.60024	-3.2609
0.60397	0.77571	0.073859	0.51868	0.8073	0.086567	0.53855	0.72604	0.037675	0.60961	0.86542	0.48553	0.48435	0.88576	0.46678	0.64953	0.85669	0.032404	0.58913	0.92168	0.044761	0.5351	0.93238	0.8707	0.56063	0.7934	0.076983	0.54615	0.87617	0.47714	80.304	-15.355	-14.662	-3.5144	-0.60496	-3.267
0.60398	0.77571	0.073868	0.51868	0.80731	0.086566	0.53855	0.72604	0.037687	0.6096	0.8655	0.48552	0.48435	0.88583	0.46677	0.64953	0.85669	0.032407	0.58913	0.92168	0.044756	0.5351	0.93251	0.87069	0.56064	0.79343	0.076978	0.54615	0.87625	0.47714	80.304	-15.354	-14.662	-3.5092	-0.60937	-3.2774
0.60397	0.77572	0.073878	0.51869	0.80733	0.086568	0.53854	0.72605	0.037697	0.60959	0.86556	0.4855	0.48435	0.8859	0.46676	0.64954	0.85669	0.032403	0.58914	0.92168	0.044756	0.5351	0.93264	0.87068	0.56066	0.79344	0.076973	0.54614	0.87633	0.47713	80.303	-15.35	-14.662	-3.5036	-0.61492	-3.2877
0.60396	0.77572	0.073883	0.5187	0.80736	0.086577	0.53854	0.72605	0.037701	0.60956	0.86562	0.48549	0.48435	0.88595	0.46675	0.64954	0.85669	0.032396	0.58914	0.92168	0.044759	0.53511	0.93276	0.87067	0.56067	0.79345	0.076973	0.54613	0.87638	0.47713	80.302	-15.345	-14.665	-3.4946	-0.62272	-3.2966
0.60396	0.77572	0.073883	0.51869	0.80737	0.086584	0.53853	0.72605	0.037701	0.60953	0.86566	0.48548	0.48434	0.88599	0.46675	0.64953	0.85669	0.032396	0.58913	0.92168	0.04476	0.53511	0.93289	0.87065	0.56067	0.79346	0.076977	0.54612	0.87643	0.47712	80.303	-15.343	-14.666	-3.4829	-0.62743	-3.3056
0.60398	0.77572	0.073881	0.51868	0.80736	0.086581	0.53853	0.72605	0.037702	0.60952	0.86571	0.48548	0.48432	0.88601	0.46675	0.64952	0.85669	0.032399	0.58912	0.92169	0.044759	0.53512	0.93303	0.87062	0.56067	0.79347	0.076983	0.5461	0.87647	0.47712	80.307	-15.341	-14.665	-3.4732	-0.6285	-3.3184
0.604	0.77574	0.073883	0.51868	0.80736	0.086573	0.53852	0.72604	0.037707	0.60952	0.86576	0.48547	0.48432	0.88604	0.46674	0.64952	0.85669	0.032398	0.58913	0.92169	0.044758	0.53513	0.93317	0.87059	0.56067	0.79347	0.076988	0.5461	0.87651	0.47712	80.312	-15.339	-14.663	-3.4657	-0.62778	-3.3349
0.60401	0.77575	0.073893	0.51868	0.80736	0.08657	0.53851	0.72604	0.037713	0.60952	0.86581	0.48546	0.48432	0.88608	0.46673	0.64952	0.85669	0.032392	0.58913	0.92168	0.044756	0.53514	0.93332	0.87056	0.56066	0.79348	0.076988	0.54609	0.87657	0.47711	80.316	-15.337	-14.658	-3.4583	-0.62415	-3.3513
0.604	0.77577	0.073905	0.51867	0.80739	0.086574	0.5385	0.72605	0.037718	0.60952	0.86586	0.48544	0.48432	0.88612	0.46672	0.64952	0.85669	0.032389	0.58914	0.92169	0.04475	0.53516	0.93346	0.87053	0.56066	0.7935	0.076985	0.54609	0.87663	0.47709	80.318	-15.336	-14.655	-3.4487	-0.62204	-3.3662
0.60397	0.77577	0.073911	0.51866	0.80741	0.086586	0.5385	0.72605	0.037724	0.60953	0.86591	0.48543	0.48432	0.88618	0.46671	0.64952	0.8567	0.032391	0.58913	0.92169	0.044743	0.53518	0.9336	0.87051	0.56068	0.79353	0.076982	0.54609	0.87669	0.47709	80.315	-15.332	-14.659	-3.4358	-0.62423	-3.3788
0.60396	0.77577	0.073914	0.51866	0.80742	0.086597	0.5385	0.72605	0.037733	0.60954	0.86595	0.48542	0.48433	0.88623	0.4667	0.64952	0.8567	0.032398	0.58912	0.9217	0.044737	0.53519	0.93373	0.8705	0.56069	0.79356	0.076984	0.54608	0.87675	0.47709	80.311	-15.325	-14.666	-3.4207	-0.62742	-3.3891
0.60396	0.77577	0.073923	0.51865	0.80743	0.086603	0.53849	0.72605	0.037742	0.60954	0.86599	0.48541	0.48433	0.88628	0.4667	0.64952	0.85669	0.032402	0.58912	0.9217	0.044738	0.53521	0.93387	0.87048	0.5607	0.7936	0.076987	0.54608	0.87681	0.47708	80.308	-15.317	-14.67	-3.4051	-0.62971	-3.3981
0.60396	0.77577	0.073935	0.51865	0.80743	0.086597	0.53849	0.72606	0.03775	0.60954	0.86603	0.48541	0.48433	0.88633	0.46669	0.64952	0.85669	0.0324	0.58913	0.9217	0.044744	0.53522	0.93403	0.87045	0.5607	0.79362	0.07699	0.54608	0.87687	0.47708	80.309	-15.309	-14.668	-3.39	-0.6278	-3.4068
0.60395	0.77577	0.073946	0.51865	0.80744	0.086586	0.53848	0.72606	0.037756	0.60954	0.86608	0.48541	0.48434	0.88639	0.46668	0.64952	0.8567	0.032395	0.58914	0.9217	0.044745	0.53524	0.93421	0.87041	0.56068	0.79364	0.076992	0.54607	0.87692	0.47707	80.313	-15.303	-14.661	-3.3755	-0.6234	-3.4149
0.60392	0.77576	0.073957	0.51864	0.80745	0.086584	0.53847	0.72606	0.037763	0.60952	0.86613	0.48541	0.48434	0.88645	0.46668	0.64952	0.8567	0.032393	0.58913	0.9217	0.044742	0.53526	0.9344	0.87037	0.56066	0.79367	0.076995	0.54607	0.87698	0.47707	80.32	-15.298	-14.652	-3.3619	-0.61888	-3.4201
0.60387	0.77574	0.073964	0.51863	0.80747	0.086592	0.53847	0.72607	0.03777	0.60951	0.86618	0.4854	0.48434	0.88653	0.46668	0.64951	0.8567	0.032394	0.58913	0.9217	0.04474	0.53527	0.9346	0.87033	0.56064	0.79369	0.076999	0.54606	0.87705	0.47706	80.325	-15.295	-14.646	-3.3497	-0.6161	-3.4211
0.60383	0.77574	0.073973	0.51862	0.80748	0.086598	0.53846	0.72607	0.037778	0.6095	0.86625	0.48538	0.48434	0.8866	0.46667	0.64951	0.8567	0.032397	0.58912	0.92171	0.044745	0.53528	0.93479	0.87029	0.56064	0.7937	0.077002	0.54605	0.87712	0.47705	80.33	-15.294	-14.645	-3.3396	-0.61744	-3.4223
0.60383	0.77576	0.073988	0.51861	0.80749	0.086599	0.53845	0.72607	0.037785	0.60951	0.86631	0.48536	0.48434	0.88666	0.46667	0.64951	0.85671	0.032396	0.58913	0.92171	0.04475	0.5353	0.93498	0.87025	0.56064	0.7937	0.077004	0.54605	0.87719	0.47704	80.336	-15.293	-14.643	-3.3319	-0.61721	-3.4273
0.60385	0.77578	0.073998	0.51861	0.8075	0.086597	0.53844	0.72608	0.037794	0.60952	0.86637	0.48535	0.48434	0.8867	0.46667	0.64951	0.85671	0.032391	0.58914	0.92171	0.044752	0.53532	0.93515	0.87022	0.56064	0.7937	0.077005	0.54605	0.87724	0.47703	80.34	-15.29	-14.642	-3.3222	-0.61735	-3.4363
0.60385	0.77578	0.073997	0.51861	0.8075	0.086599	0.53844	0.72608	0.037802	0.60952	0.86641	0.48535	0.48434	0.88674	0.46667	0.64952	0.8567	0.032385	0.58915	0.92171	0.044749	0.53535	0.9353	0.87021	0.56067	0.79371	0.077007	0.54605	0.87728	0.47703	80.334	-15.286	-14.647	-3.306	-0.62436	-3.4449
0.60382	0.77577	0.073991	0.51862	0.80751	0.086608	0.53843	0.72608	0.037807	0.60951	0.86643	0.48537	0.48434	0.88675	0.46667	0.64952	0.8567	0.032382	0.58914	0.92172	0.044742	0.53537	0.93544	0.8702	0.5607	0.79372	0.077014	0.54605	0.8773	0.47704	80.324	-15.282	-14.655	-3.2833	-0.63308	-3.4507
0.60381	0.77576	0.073994	0.51862	0.80751	0.086622	0.53844	0.72609	0.03781	0.6095	0.86642	0.48538	0.48434	0.88675	0.46668	0.64952	0.8567	0.032382	0.58913	0.92172	0.044732	0.53539	0.93558	0.87018	0.56072	0.79373	0.077026	0.54604	0.87729	0.47705	80.316	-15.277	-14.66	-3.2572	-0.63835	-3.4556
0.60383	0.77577	0.074006	0.51863	0.80752	0.086629	0.53844	0.72609	0.037813	0.6095	0.8664	0.48539	0.48434	0.88673	0.46669	0.64952	0.8567	0.032381	0.58913	0.92172	0.044723	0.53542	0.93571	0.87016	0.56072	0.79373	0.077039	0.54603	0.87728	0.47707	80.31	-15.269	-14.661	-3.2327	-0.6384	-3.4629
0.60386	0.77579	0.074018	0.51864	0.80753	0.086626	0.53844	0.72609	0.037816	0.6095	0.86638	0.4854	0.48434	0.88672	0.4667	0.64952	0.85671	0.032377	0.58914	0.92172	0.044718	0.53545	0.93582	0.87014	0.56072	0.79373	0.077047	0.54603	0.87726	0.47707	80.308	-15.263	-14.659	-3.2121	-0.6339	-3.4699
0.60388	0.7758	0.074025	0.51864	0.80754	0.086623	0.53843	0.7261	0.037818	0.6095	0.86637	0.4854	0.48434	0.88671	0.4667	0.64953	0.85671	0.032373	0.58915	0.92172	0.044714	0.53548	0.93592	0.87013	0.56071	0.79375	0.077048	0.54602	0.87726	0.47708	80.306	-15.262	-14.654	-3.1937	-0.62803	-3.4707
0.60387	0.7758	0.074025	0.51863	0.80755	0.086626	0.53843	0.7261	0.037821	0.6095	0.86636	0.4854	0.48434	0.88672	0.46671	0.64953	0.85671	0.032375	0.58915	0.92173	0.044712	0.5355	0.93601	0.87011	0.56069	0.79378	0.077049	0.54602	0.87726	0.47708	80.304	-15.265	-14.648	-3.1769	-0.62325	-3.4672
0.60382	0.77577	0.074015	0.51863	0.80755	0.086631	0.53843	0.72611	0.037825	0.6095	0.86635	0.48541	0.48435	0.88672	0.46671	0.64952	0.85671	0.032381	0.58915	0.92173	0.04471	0.53553	0.93607	0.8701	0.56069	0.7938	0.077052	0.54603	0.87726	0.47709	80.303	-15.264	-14.641	-3.1627	-0.62172	-3.4679
0.60379	0.77574	0.074007	0.51863	0.80754	0.086638	0.53843	0.72611	0.037829	0.60951	0.86633	0.48542	0.48436	0.88672	0.46671	0.64952	0.85671	0.032385	0.58914	0.92174	0.044709	0.53557	0.93612	0.8701	0.56069	0.79381	0.077058	0.54605	0.87725	0.47709	80.304	-15.256	-14.634	-3.1509	-0.62138	-3.476
0.60378	0.77573	0.074002	0.51864	0.80754	0.08665	0.53842	0.72611	0.037834	0.60953	0.8663	0.48543	0.48439	0.88669	0.46672	0.64953	0.8567	0.032384	0.58915	0.92173	0.044717	0.53562	0.93617	0.87008	0.5607	0.7938	0.077065	0.54607	0.87723	0.4771	80.304	-15.246	-14.628	-3.1381	-0.61959	-3.4871
0.60378	0.77573	0.073994	0.51865	0.80754	0.086663	0.53842	0.72611	0.037838	0.60955	0.86626	0.48544	0.4844	0.88664	0.46672	0.64953	0.8567	0.032383	0.58916	0.92173	0.044732	0.53567	0.93626	0.87006	0.5607	0.79379	0.077073	0.54608	0.87718	0.47711	80.301	-15.239	-14.626	-3.1178	-0.61781	-3.4927
0.60379	0.77573	0.073987	0.51865	0.80755	0.086673	0.53841	0.72611	0.037843	0.60957	0.86621	0.48545	0.48441	0.8866	0.46674	0.64953	0.8567	0.032384	0.58916	0.92173	0.044743	0.53572	0.93642	0.87001	0.56071	0.79378	0.077082	0.54609	0.87712	0.47713	80.294	-15.235	-14.628	-3.0859	-0.61565	-3.4876
0.60382	0.77574	0.073992	0.51865	0.80755	0.086681	0.53841	0.7261	0.037851	0.60959	0.86617	0.48547	0.4844	0.88657	0.46675	0.64953	0.85669	0.032388	0.58916	0.92173	0.044745	0.53578	0.93661	0.86996	0.5607	0.79378	0.077093	0.54609	0.87706	0.47715	80.286	-15.232	-14.63	-3.0513	-0.61252	-3.4769
0.60384	0.77574	0.074006	0.51867	0.80754	0.086683	0.53841	0.7261	0.037858	0.6096	0.86612	0.48549	0.4844	0.88654	0.46677	0.64953	0.85669	0.03239	0.58916	0.92173	0.04474	0.53581	0.93672	0.86993	0.5607	0.79377	0.077102	0.54608	0.87701	0.47717	80.281	-15.228	-14.631	-3.0279	-0.60994	-3.4693
0.60385	0.77572	0.074014	0.51868	0.80752	0.086677	0.53841	0.7261	0.037862	0.6096	0.86606	0.48551	0.48439	0.8865	0.46678	0.64954	0.85669	0.032389	0.58916	0.92174	0.044737	0.53582	0.93671	0.86994	0.5607	0.79376	0.077108	0.54608	0.87697	0.47718	80.278	-15.225	-14.631	-3.0195	-0.60859	-3.4685
0.60384	0.77571	0.074008	0.51868	0.80752	0.086668	0.53841	0.7261	0.037862	0.60958	0.86601	0.48552	0.48438	0.88646	0.46678	0.64954	0.85669	0.032383	0.58917	0.92173	0.04474	0.53578	0.93657	0.86998	0.5607	0.79375	0.077111	0.54607	0.87694	0.47719	80.273	-15.222	-14.632	-3.025	-0.60752	-3.4767
0.60382	0.7757	0.073997	0.51867	0.80751	0.086664	0.53841	0.72611	0.03786	0.60956	0.86597	0.48553	0.48435	0.88641	0.46678	0.64954	0.8567	0.032378	0.58917	0.92173	0.044742	0.53571	0.93634	0.87005	0.56068	0.79374	0.077112	0.54605	0.87691	0.47719	80.266	-15.221	-14.631	-3.038	-0.6047	-3.493
0.6038	0.7757	0.073999	0.51866	0.80752	0.08667	0.5384	0.72611	0.03786	0.60954	0.86593	0.48554	0.48433	0.88637	0.46678	0.64955	0.85669	0.032379	0.58917	0.92173	0.044743	0.53564	0.93615	0.8701	0.56066	0.79375	0.077112	0.54603	0.87689	0.4772	80.26	-15.221	-14.628	-3.0484	-0.59999	-3.5094
0.60377	0.77571	0.074013	0.51865	0.80752	0.086675	0.5384	0.72611	0.037858	0.60951	0.86592	0.48554	0.48431	0.88636	0.46678	0.64955	0.85669	0.032384	0.58917	0.92173	0.04474	0.53559	0.93605	0.87012	0.56065	0.79375	0.077112	0.54601	0.87689	0.4772	80.258	-15.221	-14.627	-3.0548	-0.59689	-3.5211
0.60376	0.77572	0.074025	0.51865	0.80752	0.086671	0.53839	0.72611	0.037852	0.60949	0.86593	0.48553	0.48429	0.88635	0.46677	0.64954	0.85669	0.032387	0.58917	0.92173	0.044738	0.53554	0.93601	0.87013	0.56066	0.79374	0.077111	0.54599	0.87689	0.4772	80.259	-15.219	-14.632	-3.0624	-0.60009	-3.5297
0.60378	0.77573	0.074032	0.51865	0.80752	0.086663	0.5384	0.72611	0.037845	0.60945	0.86596	0.48552	0.48428	0.88636	0.46676	0.64954	0.85669	0.03239	0.58917	0.92173	0.044735	0.5355	0.936	0.87014	0.56067	0.79372	0.07711	0.54596	0.87691	0.47719	80.262	-15.218	-14.639	-3.0735	-0.60769	-3.5347
0.60381	0.77575	0.074041	0.51864	0.80753	0.08666	0.5384	0.72611	0.037843	0.60942	0.86599	0.48551	0.48426	0.88638	0.46675	0.64953	0.85669	0.032393	0.58916	0.92173	0.044729	0.53546	0.93599	0.87014	0.56068	0.79371	0.077109	0.54593	0.87693	0.47718	80.266	-15.218	-14.643	-3.0864	-0.61344	-3.5317
0.60384	0.77577	0.074051	0.51863	0.80754	0.086661	0.53841	0.72612	0.037845	0.60939	0.86601	0.48551	0.48423	0.8864	0.46674	0.64952	0.85669	0.032394	0.58915	0.92174	0.044725	0.53541	0.93597	0.87013	0.56067	0.7937	0.077108	0.54591	0.87695	0.47718	80.27	-15.22	-14.646	-3.098	-0.61514	-3.5222
0.60384	0.77577	0.074051	0.51862	0.80755	0.086657	0.53841	0.72612	0.037849	0.60936	0.86601	0.48551	0.4842	0.88641	0.46674	0.64952	0.8567	0.032392	0.58914	0.92174	0.044728	0.53535	0.93594	0.87013	0.56065	0.79369	0.077106	0.54588	0.87696	0.47717	80.271	-15.22	-14.648	-3.1067	-0.61451	-3.512
0.60381	0.77575	0.074038	0.51862	0.80754	0.086645	0.5384	0.72611	0.037851	0.60934	0.86601	0.48552	0.48418	0.88641	0.46673	0.64952	0.8567	0.032389	0.58914	0.92174	0.044731	0.5353	0.9359	0.87013	0.56065	0.79369	0.077103	0.54587	0.87695	0.47717	80.271	-15.222	-14.65	-3.1127	-0.61381	-3.505
0.60377	0.77573	0.074022	0.51863	0.80754	0.086633	0.5384	0.72611	0.037846	0.60932	0.86601	0.48552	0.48416	0.8864	0.46672	0.64952	0.8567	0.032386	0.58914	0.92174	0.04473	0.53526	0.93585	0.87012	0.56065	0.79368	0.077096	0.54585	0.87694	0.47716	80.271	-15.226	-14.655	-3.1191	-0.61512	-3.5001
0.60375	0.77572	0.074013	0.51863	0.80754	0.086623	0.5384	0.72611	0.037839	0.60931	0.86602	0.48551	0.48416	0.88641	0.46672	0.64952	0.85669	0.032385	0.58915	0.92173	0.044728	0.53523	0.93579	0.87013	0.56066	0.79368	0.077085	0.54585	0.87694	0.47715	80.271	-15.232	-14.66	-3.1297	-0.61877	-3.4938
0.60374	0.77572	0.074008	0.51863	0.80753	0.086616	0.5384	0.72611	0.037833	0.6093	0.86604	0.48549	0.48415	0.88644	0.46671	0.64952	0.85669	0.032388	0.58915	0.92173	0.044726	0.5352	0.93573	0.87013	0.56066	0.79368	0.077075	0.54584	0.87697	0.47714	80.273	-15.241	-14.664	-3.1452	-0.62361	-3.4827
0.60375	0.77572	0.074003	0.51863	0.80752	0.086608	0.5384	0.72611	0.037827	0.60928	0.86608	0.48547	0.48414	0.88648	0.4667	0.64952	0.8567	0.032392	0.58915	0.92173	0.044727	0.53518	0.93565	0.87014	0.56066	0.79367	0.07707	0.54583	0.877	0.47713	80.277	-15.249	-14.665	-3.1655	-0.62833	-3.4678
0.60378	0.77572	0.073996	0.51862	0.80751	0.0866	0.53841	0.7261	0.037819	0.60928	0.86611	0.48546	0.48414	0.88653	0.46669	0.64952	0.8567	0.032397	0.58915	0.92173	0.044734	0.53517	0.93556	0.87015	0.56065	0.79366	0.077067	0.54583	0.87704	0.47711	80.284	-15.254	-14.664	-3.1887	-0.63182	-3.4547
0.60381	0.77572	0.073995	0.51863	0.8075	0.086595	0.53841	0.7261	0.037811	0.60928	0.86614	0.48545	0.48415	0.88656	0.46668	0.64953	0.85669	0.032401	0.58915	0.92172	0.044739	0.53517	0.93548	0.87017	0.56065	0.79365	0.077062	0.54584	0.87707	0.4771	80.29	-15.256	-14.662	-3.2106	-0.63446	-3.4453
0.60384	0.77573	0.073994	0.51863	0.8075	0.086592	0.53841	0.7261	0.037802	0.60929	0.86617	0.48544	0.48417	0.88659	0.46667	0.64953	0.85669	0.032399	0.58916	0.92172	0.044739	0.53518	0.9354	0.87018	0.56066	0.79365	0.077056	0.54585	0.8771	0.47709	80.297	-15.259	-14.662	-3.2305	-0.63845	-3.4382
0.60386	0.77574	0.073991	0.51862	0.8075	0.086583	0.53841	0.7261	0.037796	0.60931	0.8662	0.48543	0.48418	0.88662	0.46667	0.64952	0.85669	0.032395	0.58915	0.92172	0.044737	0.53519	0.93534	0.87018	0.56067	0.79364	0.077049	0.54586	0.87713	0.47708	80.302	-15.263	-14.666	-3.249	-0.64413	-3.4298
0.60387	0.77575	0.073988	0.51862	0.80751	0.086572	0.53841	0.7261	0.037792	0.60933	0.86623	0.48542	0.48418	0.88666	0.46667	0.64951	0.85669	0.032392	0.58915	0.92172	0.044738	0.53521	0.93528	0.87018	0.56068	0.79363	0.077044	0.54588	0.87716	0.47707	80.309	-15.267	-14.671	-3.268	-0.64899	-3.4174
0.60388	0.77576	0.073992	0.51862	0.80751	0.086574	0.53841	0.72611	0.037788	0.60935	0.86625	0.48542	0.4842	0.88669	0.46667	0.64951	0.85669	0.032393	0.58915	0.92172	0.044743	0.53522	0.93522	0.87018	0.56068	0.79361	0.077043	0.5459	0.87718	0.47707	80.316	-15.271	-14.674	-3.2873	-0.6517	-3.4034
0.60386	0.77576	0.073999	0.51862	0.80752	0.086586	0.53841	0.72611	0.037783	0.60937	0.86626	0.48542	0.48422	0.88671	0.46666	0.64951	0.85669	0.032396	0.58916	0.92171	0.044749	0.53524	0.93515	0.87019	0.56069	0.79361	0.077043	0.54592	0.87719	0.47706	80.322	-15.274	-14.674	-3.3034	-0.65261	-3.3932
0.60385	0.77577	0.073998	0.51862	0.80752	0.086595	0.53841	0.7261	0.03778	0.60938	0.86625	0.48541	0.48424	0.88671	0.46666	0.64952	0.85669	0.032396	0.58917	0.92171	0.044755	0.53526	0.93509	0.87019	0.56068	0.79361	0.07704	0.54593	0.87719	0.47706	80.324	-15.275	-14.673	-3.3142	-0.65364	-3.39
0.60386	0.77578	0.073991	0.51862	0.80752	0.086591	0.53841	0.72611	0.037777	0.60938	0.86624	0.4854	0.48426	0.8867	0.46666	0.64952	0.85669	0.03239	0.58917	0.92171	0.044752	0.53528	0.935	0.87021	0.56068	0.79361	0.077032	0.54595	0.87718	0.47706	80.323	-15.275	-14.672	-3.3213	-0.65613	-3.3922
0.60387	0.77578	0.073988	0.51862	0.80752	0.086581	0.53841	0.72611	0.037773	0.60939	0.86622	0.48539	0.48427	0.88668	0.46667	0.64952	0.85669	0.032386	0.58916	0.92171	0.04474	0.53531	0.93491	0.87023	0.56068	0.79361	0.077021	0.54596	0.87716	0.47706	80.32	-15.276	-14.672	-3.3272	-0.65907	-3.3931
0.60386	0.77577	0.073988	0.51861	0.80752	0.08658	0.53841	0.72611	0.037769	0.60941	0.8662	0.4854	0.48429	0.88667	0.46668	0.64953	0.8567	0.032386	0.58916	0.92172	0.044726	0.53535	0.93481	0.87026	0.56068	0.79362	0.077015	0.54597	0.87715	0.47707	80.316	-15.278	-14.671	-3.3324	-0.66033	-3.3887
0.60382	0.77574	0.073984	0.51861	0.80753	0.086589	0.53841	0.72611	0.037768	0.60943	0.86617	0.4854	0.48431	0.88667	0.46669	0.64953	0.85669	0.032391	0.58915	0.92171	0.044721	0.53539	0.93473	0.87028	0.56068	0.79364	0.077013	0.54599	0.87714	0.47708	80.314	-15.281	-14.668	-3.3371	-0.65901	-3.3789
0.6038	0.77572	0.073973	0.51861	0.80754	0.086599	0.53841	0.72611	0.037767	0.60946	0.86615	0.48541	0.48433	0.88666	0.4667	0.64953	0.85669	0.032393	0.58915	0.92171	0.044727	0.53542	0.93465	0.8703	0.56067	0.79364	0.077012	0.54602	0.87712	0.47708	80.313	-15.283	-14.664	-3.3421	-0.65657	-3.3694
0.60382	0.77572	0.073961	0.51862	0.80753	0.086603	0.53841	0.7261	0.037765	0.60948	0.86612	0.48541	0.48435	0.88664	0.46671	0.64953	0.85669	0.03239	0.58915	0.92171	0.04473	0.53546	0.93457	0.87032	0.56067	0.79364	0.077009	0.54604	0.8771	0.47709	80.315	-15.283	-14.662	-3.3478	-0.65695	-3.3682
0.60387	0.77573	0.073958	0.51862	0.80752	0.086598	0.53842	0.7261	0.037764	0.6095	0.8661	0.4854	0.48436	0.8866	0.46672	0.64953	0.85669	0.032387	0.58914	0.92171	0.04472	0.53549	0.9345	0.87033	0.56068	0.79363	0.077007	0.54606	0.87707	0.47709	80.314	-15.282	-14.663	-3.3521	-0.65983	-3.3746
0.6039	0.77574	0.073961	0.51862	0.80751	0.086591	0.53842	0.72609	0.037765	0.60953	0.86608	0.4854	0.48438	0.88656	0.46672	0.64953	0.85669	0.032386	0.58913	0.92172	0.044705	0.53553	0.93443	0.87035	0.56069	0.79362	0.077006	0.54608	0.87703	0.4771	80.312	-15.282	-14.664	-3.3544	-0.66112	-3.3806
0.60389	0.77574	0.073962	0.51862	0.80751	0.086587	0.53842	0.72609	0.037766	0.60955	0.86604	0.4854	0.48439	0.88652	0.46673	0.64953	0.85669	0.03239	0.58912	0.92171	0.044704	0.53555	0.93435	0.87037	0.56068	0.79363	0.077008	0.54609	0.877	0.47711	80.311	-15.284	-14.661	-3.3576	-0.65872	-3.3801
0.60389	0.77574	0.073959	0.51863	0.8075	0.086584	0.53842	0.72609	0.037765	0.60956	0.86601	0.48541	0.48439	0.8865	0.46673	0.64952	0.85669	0.032395	0.58913	0.92171	0.044719	0.53557	0.93427	0.87038	0.56068	0.79362	0.077011	0.54611	0.87697	0.47711	80.312	-15.287	-14.657	-3.3638	-0.65685	-3.3762
0.60389	0.77573	0.073954	0.51864	0.80749	0.086574	0.53842	0.72609	0.037762	0.60956	0.86599	0.48542	0.4844	0.88649	0.46673	0.64952	0.85669	0.032394	0.58914	0.92171	0.044735	0.53558	0.9342	0.8704	0.56068	0.79361	0.077011	0.54612	0.87695	0.47712	80.314	-15.289	-14.656	-3.373	-0.65926	-3.374
0.60388	0.77574	0.073951	0.51865	0.80747	0.08656	0.53842	0.72609	0.03776	0.60957	0.86598	0.48543	0.4844	0.88647	0.46673	0.64952	0.85669	0.032387	0.58915	0.92171	0.044739	0.5356	0.93412	0.87042	0.56069	0.7936	0.077007	0.54612	0.87694	0.47712	80.313	-15.292	-14.656	-3.3811	-0.6624	-3.3735
0.6039	0.77575	0.07395	0.51865	0.80746	0.086556	0.53843	0.72609	0.03776	0.60957	0.86597	0.48543	0.48439	0.88644	0.46673	0.64951	0.85669	0.03238	0.58915	0.92171	0.044737	0.5356	0.93405	0.87044	0.56069	0.7936	0.077003	0.54612	0.87692	0.47712	80.309	-15.299	-14.654	-3.3854	-0.66354	-3.3738
0.60394	0.77576	0.073949	0.51865	0.80745	0.086567	0.53843	0.72608	0.037756	0.60958	0.86596	0.48542	0.48439	0.88641	0.46673	0.64951	0.85669	0.032383	0.58914	0.92171	0.044743	0.5356	0.93397	0.87047	0.56069	0.79361	0.076998	0.54612	0.8769	0.47713	80.304	-15.307	-14.654	-3.3884	-0.66323	-3.3766
0.60395	0.77576	0.073944	0.51865	0.80745	0.086583	0.53843	0.72608	0.037751	0.6096	0.86594	0.48543	0.48439	0.8864	0.46674	0.64952	0.85669	0.032392	0.58915	0.92171	0.044753	0.53559	0.93388	0.8705	0.56068	0.79362	0.076994	0.54612	0.87689	0.47713	80.303	-15.314	-14.651	-3.3963	-0.65857	-3.3801
0.60394	0.77574	0.073937	0.51864	0.80745	0.086595	0.53843	0.72608	0.037748	0.60961	0.86595	0.48543	0.48439	0.8864	0.46674	0.64952	0.85669	0.032397	0.58915	0.92171	0.044753	0.53558	0.93378	0.87053	0.56066	0.79363	0.07699	0.54613	0.8769	0.47713	80.307	-15.319	-14.643	-3.4113	-0.65097	-3.3806
0.60393	0.77574	0.073936	0.51863	0.80747	0.086599	0.53843	0.72608	0.037749	0.60961	0.86596	0.48542	0.48441	0.8864	0.46674	0.64952	0.85669	0.032394	0.58914	0.92171	0.044736	0.53558	0.93368	0.87057	0.56064	0.79362	0.076986	0.54614	0.87691	0.47713	80.311	-15.323	-14.638	-3.4293	-0.64706	-3.3784
0.60394	0.77576	0.073944	0.51862	0.80747	0.086594	0.53843	0.72608	0.037749	0.60961	0.86598	0.48541	0.48441	0.8864	0.46674	0.64951	0.8567	0.032385	0.58912	0.92172	0.044712	0.53558	0.93358	0.87059	0.56064	0.79361	0.076981	0.54614	0.87691	0.47713	80.313	-15.327	-14.637	-3.447	-0.6491	-3.3776
0.60393	0.77577	0.073948	0.51862	0.80747	0.086587	0.53844	0.72608	0.037746	0.60962	0.86598	0.4854	0.48442	0.88638	0.46674	0.64951	0.8567	0.03238	0.58911	0.92172	0.044701	0.53558	0.93348	0.87062	0.56063	0.7936	0.076979	0.54615	0.8769	0.47713	80.317	-15.332	-14.636	-3.4623	-0.64812	-3.3782
0.60389	0.77576	0.073942	0.51864	0.80746	0.086582	0.53844	0.72608	0.037742	0.60963	0.86597	0.48542	0.48442	0.88635	0.46674	0.64952	0.8567	0.032383	0.58913	0.92171	0.044712	0.53558	0.93339	0.87064	0.56061	0.79358	0.076982	0.54616	0.87686	0.47713	80.322	-15.339	-14.629	-3.4726	-0.63858	-3.3777
0.60384	0.77573	0.073931	0.51868	0.80743	0.086582	0.53844	0.72609	0.037739	0.60965	0.86595	0.48544	0.48441	0.88631	0.46675	0.64953	0.85669	0.032392	0.58916	0.92171	0.044742	0.53559	0.93333	0.87065	0.56057	0.79357	0.076986	0.54617	0.87683	0.47714	80.328	-15.348	-14.619	-3.4782	-0.62448	-3.3751
