1.0666	-4.2156	53.375	0.49647	0.73882	0.012939	0.53311	0.73007	0.082099	0.46545	0.69635	0.028993	0.56004	0.58755	0.47643	0.43378	0.6082	0.48103	0.56042	0.82886	0.074548	0.49908	0.86852	0.1165	0.50973	0.42698	0.82699	0.48786	0.73475	0.093563	0.49867	0.59845	0.47325	78.663	-9.0225	-18.174	-0.099722	0.46028	-0.40121	-6.3208	-2.2633	-3.8075	-5.6389	-0.64112	-0.54575	-13.667	-0.061571	-0.093217
1.1321	-10.676	89.651	0.4993	0.75464	0.013051	0.53358	0.73931	0.080973	0.46673	0.70415	0.0284	0.55978	0.59789	0.47551	0.4333	0.61728	0.4795	0.55954	0.83833	0.072454	0.4976	0.87765	0.11379	0.50955	0.43839	0.82606	0.48828	0.74358	0.091894	0.49831	0.60811	0.47204	77.983	-9.4222	-18.231	-0.53547	0.93945	-0.52294	-6.1959	-2.3228	-3.2082	-8.3414	-0.75013	-0.76736	-20.496	-0.28238	-0.26987
1.0603	-19.329	135.11	0.50104	0.76402	0.013117	0.53397	0.7475	0.079691	0.46794	0.71063	0.027972	0.55958	0.60839	0.47474	0.43287	0.62638	0.47801	0.55859	0.84663	0.069688	0.49606	0.88582	0.11023	0.50946	0.44996	0.82528	0.48862	0.75145	0.089996	0.49799	0.61787	0.47096	77.136	-9.9245	-18.26	-0.87456	1.6237	-0.61294	-6.2129	-2.3669	-2.63	-10.633	-0.65061	-0.96347	-26.943	-0.59496	-0.51324
0.78641	-30.392	189.72	0.50232	0.77066	0.013164	0.53428	0.75474	0.078318	0.46906	0.71594	0.027763	0.55942	0.61902	0.47414	0.43249	0.6355	0.47658	0.55762	0.85381	0.066341	0.49456	0.89315	0.10589	0.50946	0.46166	0.82466	0.48886	0.75848	0.087949	0.49769	0.62773	0.47001	76.116	-10.529	-18.256	-0.94737	2.569	-0.73853	-6.359	-2.3944	-2.0919	-12.93	-0.4082	-1.2065	-34.412	-1.0008	-0.83562
0.23344	-43.955	252.5	0.50335	0.776	0.013202	0.53451	0.76113	0.076921	0.47005	0.72024	0.027807	0.5593	0.62979	0.4737	0.43215	0.64467	0.47526	0.55669	0.85997	0.062539	0.49313	0.89972	0.10089	0.50955	0.47345	0.82423	0.489	0.76478	0.085843	0.4974	0.63768	0.46923	74.931	-11.233	-18.216	-0.82723	3.7514	-0.84013	-6.6217	-2.4044	-1.6049	-14.434	0.057911	-1.4157	-41.162	-1.5617	-1.2511
-0.71225	-59.939	321.38	0.50429	0.78073	0.013236	0.53465	0.76677	0.075564	0.47091	0.72369	0.028111	0.55919	0.64067	0.47346	0.43185	0.65387	0.47409	0.55585	0.86518	0.058444	0.49184	0.90562	0.0954	0.50973	0.48532	0.82399	0.48904	0.77047	0.083768	0.49713	0.64773	0.46863	73.613	-12.029	-18.143	-0.52101	5.1646	-0.91259	-6.9904	-2.3954	-1.1697	-14.869	0.70018	-1.5734	-46.768	-2.3468	-1.7926
-2.2321	-78.114	394.3	0.50522	0.78518	0.013268	0.53471	0.77175	0.074299	0.47164	0.72646	0.028653	0.55908	0.65165	0.47343	0.43157	0.66315	0.47315	0.55512	0.86955	0.054237	0.49068	0.9109	0.089601	0.51003	0.49722	0.82396	0.48895	0.77561	0.081805	0.49686	0.65787	0.46825	72.217	-12.907	-18.036	-0.096449	6.7955	-0.93489	-7.4587	-2.3661	-0.7771	-13.96	1.4117	-1.6421	-50.709	-3.4959	-2.5324
-4.4671	-98.103	469.76	0.50616	0.7895	0.013299	0.5347	0.77613	0.073162	0.47224	0.72866	0.029387	0.55896	0.66272	0.47363	0.43132	0.67253	0.47247	0.55451	0.87316	0.0501	0.48966	0.91559	0.083698	0.51043	0.50913	0.82414	0.48873	0.78028	0.080018	0.49659	0.6681	0.46811	70.814	-13.85	-17.898	0.36071	8.6362	-0.88248	-8.0245	-2.3172	-0.41183	-11.564	2.0742	-1.5849	-52.713	-5.1357	-3.5246
-7.4244	-119.38	546.31	0.50713	0.79374	0.013329	0.5346	0.77999	0.072179	0.47272	0.73041	0.030258	0.55883	0.67386	0.47405	0.43108	0.68202	0.4721	0.55402	0.87611	0.046195	0.48875	0.91971	0.077885	0.51095	0.52103	0.82454	0.48836	0.78448	0.078449	0.49631	0.67844	0.46823	69.482	-14.837	-17.728	0.76319	10.682	-0.73299	-8.6885	-2.2519	-0.056698	-7.6807	2.5976	-1.3739	-52.799	-7.3245	-4.7725
-10.966	-141.29	622.61	0.5081	0.79789	0.013359	0.53443	0.78336	0.07136	0.47311	0.7318	0.031204	0.55866	0.68505	0.47469	0.43083	0.69164	0.47209	0.55363	0.87848	0.042654	0.48792	0.92329	0.072333	0.51157	0.53289	0.82514	0.48785	0.78823	0.077117	0.49603	0.68887	0.46862	68.297	-15.845	-17.523	1.0195	12.921	-0.46444	-9.4514	-2.177	0.30256	-2.3889	2.9529	-0.98899	-51.092	-10.029	-6.2227
-14.85	-163.24	697.58	0.50902	0.80195	0.013388	0.53419	0.7863	0.070709	0.4734	0.7329	0.03217	0.55846	0.69626	0.47551	0.43058	0.70138	0.47243	0.55331	0.88037	0.039565	0.48713	0.92636	0.067181	0.51231	0.54469	0.82593	0.48721	0.79151	0.076026	0.49574	0.69937	0.46926	67.319	-16.851	-17.278	1.0532	15.338	-0.059201	-10.309	-2.1014	0.67379	4.1841	3.1651	-0.41929	-47.795	-13.154	-7.7944
-18.781	-184.69	770.3	0.50986	0.80589	0.013417	0.53388	0.78883	0.070218	0.47361	0.73377	0.033108	0.55822	0.70743	0.47648	0.4303	0.7112	0.47309	0.55304	0.88184	0.036978	0.48636	0.92895	0.062527	0.51314	0.55643	0.82689	0.48646	0.79433	0.075164	0.49545	0.70989	0.47012	66.589	-17.831	-16.984	0.81229	17.901	0.49293	-11.249	-2.0342	1.0569	11.886	3.2979	0.33574	-43.112	-16.564	-9.4001
-22.467	-205.11	839.98	0.51059	0.80966	0.013443	0.5335	0.79101	0.069873	0.47375	0.73446	0.033984	0.55795	0.71848	0.47752	0.43	0.72106	0.47402	0.5528	0.88298	0.034905	0.48557	0.9311	0.058433	0.51407	0.56809	0.82801	0.48563	0.79672	0.074516	0.49514	0.72038	0.47114	66.126	-18.764	-16.632	0.27293	20.57	1.1908	-12.249	-1.9829	1.4437	20.516	3.431	1.2638	-37.285	-20.108	-10.963
-25.705	-223.88	906.13	0.51119	0.81318	0.013468	0.53308	0.79287	0.069654	0.47382	0.735	0.034772	0.55765	0.72933	0.47859	0.42968	0.73087	0.47515	0.55258	0.88384	0.03332	0.48479	0.93286	0.05492	0.51509	0.57966	0.82925	0.48474	0.7987	0.074059	0.49483	0.73074	0.47225	65.93	-19.63	-16.218	-0.56012	23.294	2.0174	-13.283	-1.952	1.8186	29.784	3.6283	2.338	-30.68	-23.659	-12.435
-28.408	-240.45	968.4	0.51167	0.81641	0.013491	0.53263	0.79444	0.069535	0.47384	0.73543	0.03546	0.55735	0.73989	0.47963	0.42937	0.74055	0.47639	0.55237	0.88449	0.032174	0.48402	0.93429	0.051982	0.51617	0.59113	0.83059	0.4838	0.80033	0.073767	0.49453	0.74089	0.4734	65.982	-20.411	-15.745	-1.6588	26.012	2.9426	-14.316	-1.9425	2.1609	39.372	3.9225	3.5227	-23.679	-27.134	-13.798
-30.568	-254.31	1026.2	0.51203	0.81929	0.013511	0.53216	0.79575	0.069492	0.47382	0.73576	0.036041	0.55705	0.75006	0.48059	0.42906	0.75002	0.47765	0.55218	0.88496	0.031402	0.48329	0.93543	0.049585	0.51731	0.60248	0.83201	0.48285	0.80167	0.073609	0.49424	0.75074	0.47452	66.254	-21.089	-15.22	-2.9783	28.654	3.9299	-15.315	-1.9524	2.4474	48.965	4.3161	4.7795	-16.581	-30.471	-15.044
-32.225	-265.03	1078.5	0.51229	0.8218	0.013528	0.5317	0.79683	0.069502	0.47377	0.73601	0.036517	0.55678	0.75979	0.48142	0.42879	0.75919	0.47884	0.552	0.88529	0.030932	0.48261	0.93632	0.047684	0.51848	0.61371	0.83349	0.48193	0.80276	0.073552	0.49397	0.76021	0.47553	66.714	-21.647	-14.659	-4.4637	31.135	4.9403	-16.251	-1.9772	2.6545	58.269	4.784	6.0695	-9.5876	-33.614	-16.169
-33.462	-272.31	1124.4	0.51247	0.82392	0.013542	0.53127	0.79771	0.069545	0.4737	0.73619	0.036894	0.55657	0.769	0.48211	0.42857	0.76798	0.47988	0.55184	0.88552	0.030695	0.48199	0.93701	0.046221	0.51967	0.62479	0.835	0.48107	0.80366	0.073566	0.49373	0.76923	0.47641	67.323	-22.073	-14.077	-6.0581	33.375	5.9332	-17.099	-2.0105	2.7618	67.001	5.272	7.3523	-2.8507	-36.523	-17.17
-34.399	-276.01	1162.9	0.51261	0.82567	0.013554	0.53088	0.79841	0.069605	0.47362	0.73632	0.037181	0.55641	0.77767	0.48264	0.42841	0.77632	0.48074	0.55171	0.88567	0.03063	0.48145	0.93753	0.045135	0.52084	0.6357	0.83655	0.4803	0.8044	0.073621	0.49355	0.77775	0.47713	68.045	-22.36	-13.496	-7.7067	35.307	6.8672	-17.839	-2.045	2.7543	74.912	5.7019	8.5888	3.5104	-39.18	-18.054
-35.167	-276.19	1193.6	0.51272	0.82707	0.013563	0.53055	0.79894	0.06967	0.47354	0.7364	0.03739	0.55633	0.78578	0.48303	0.42833	0.78416	0.48139	0.55162	0.88574	0.03068	0.481	0.9379	0.044365	0.52197	0.64645	0.83812	0.47965	0.80502	0.073695	0.49341	0.78573	0.47767	68.846	-22.512	-12.933	-9.359	36.886	7.7045	-18.46	-2.0738	2.6248	81.801	5.9892	9.743	9.4033	-41.59	-18.838
-35.865	-273.03	1216	0.51284	0.82815	0.013571	0.53027	0.79934	0.069732	0.47347	0.73643	0.037531	0.55632	0.79333	0.48328	0.42832	0.79146	0.48184	0.55155	0.88577	0.030803	0.48064	0.93815	0.043849	0.52304	0.65701	0.83971	0.47913	0.80553	0.07377	0.49335	0.79316	0.47804	69.692	-22.536	-12.404	-10.971	38.092	8.4153	-18.957	-2.0907	2.3753	87.524	6.0643	10.784	14.761	-43.758	-19.53
-36.538	-266.87	1230.3	0.51296	0.82897	0.013577	0.53005	0.79962	0.069787	0.4734	0.73643	0.037618	0.55638	0.80033	0.48341	0.42838	0.79821	0.48209	0.55152	0.88575	0.030961	0.48037	0.93831	0.043535	0.52404	0.66739	0.84132	0.47874	0.80596	0.073837	0.49335	0.80003	0.47826	70.557	-22.451	-11.923	-12.506	38.926	8.9825	-19.33	-2.0921	2.0188	91.996	5.8963	11.685	19.543	-45.672	-20.123
-37.2	-258.12	1236.7	0.51311	0.82957	0.013581	0.52989	0.7998	0.069832	0.47335	0.73641	0.037661	0.5565	0.80681	0.48344	0.42851	0.8044	0.4822	0.55153	0.88571	0.03113	0.48017	0.93839	0.043373	0.52495	0.67759	0.84293	0.47847	0.80631	0.073889	0.49343	0.80637	0.47835	71.417	-22.277	-11.498	-13.938	39.412	9.3993	-19.583	-2.0768	1.5785	95.187	5.4866	12.428	23.733	-47.318	-20.606
-37.867	-247.24	1235.6	0.5133	0.83	0.013584	0.52977	0.7999	0.069867	0.47331	0.73636	0.037672	0.55668	0.81279	0.48339	0.42869	0.81006	0.48219	0.55156	0.88565	0.031291	0.48005	0.93842	0.043322	0.52575	0.68764	0.84455	0.47831	0.8066	0.073927	0.49357	0.8122	0.47834	72.254	-22.042	-11.135	-15.25	39.591	9.6678	-19.722	-2.046	1.0849	97.111	4.8621	13.001	27.338	-48.693	-20.968
-38.556	-234.72	1227.6	0.51355	0.83031	0.013587	0.52971	0.79994	0.069893	0.47328	0.73629	0.03766	0.55692	0.81831	0.48328	0.42893	0.81523	0.48209	0.55162	0.88557	0.031434	0.48	0.93839	0.043348	0.52644	0.69753	0.84617	0.47826	0.80683	0.073951	0.49378	0.81755	0.47826	73.053	-21.774	-10.835	-16.44	39.515	9.7977	-19.754	-2.0029	0.57376	97.827	4.0694	13.404	30.389	-49.803	-21.201
-39.277	-221.03	1213.5	0.51385	0.83057	0.01359	0.52969	0.79993	0.06991	0.47326	0.73621	0.037633	0.55718	0.8234	0.48312	0.42921	0.81997	0.48196	0.55171	0.88547	0.031551	0.47999	0.93834	0.043424	0.52701	0.7073	0.84779	0.47828	0.80701	0.073967	0.49404	0.82246	0.47813	73.805	-21.498	-10.596	-17.515	39.241	9.8039	-19.686	-1.9515	0.080497	97.421	3.1705	13.639	32.933	-50.655	-21.3
-40.029	-206.63	1194	0.51424	0.83083	0.013592	0.5297	0.79988	0.069922	0.47325	0.73612	0.037598	0.55748	0.8281	0.48292	0.42952	0.82432	0.48179	0.55181	0.88538	0.031639	0.48002	0.93826	0.043527	0.52748	0.71696	0.8494	0.47835	0.80714	0.073978	0.49435	0.82697	0.47797	74.503	-21.237	-10.415	-18.496	38.823	9.7044	-19.525	-1.8962	-0.36328	96.003	2.2324	13.717	35.025	-51.256	-21.261
-40.798	-191.93	1169.8	0.51471	0.83114	0.013596	0.52975	0.7998	0.069929	0.47325	0.73602	0.03756	0.5578	0.83243	0.48271	0.42984	0.82834	0.48162	0.55192	0.88528	0.0317	0.48009	0.93817	0.043642	0.52784	0.72651	0.851	0.47847	0.80724	0.073987	0.49469	0.83112	0.47781	75.144	-21.008	-10.285	-19.411	38.313	9.5184	-19.281	-1.8412	-0.73291	93.696	1.3205	13.649	36.725	-51.607	-21.079
-41.552	-177.26	1141.8	0.51527	0.83156	0.0136	0.52981	0.7997	0.069932	0.47325	0.73592	0.037525	0.55813	0.83642	0.48248	0.43018	0.83207	0.48146	0.55205	0.88518	0.031734	0.48018	0.93806	0.043758	0.5281	0.73598	0.85258	0.4786	0.80731	0.073997	0.49505	0.83495	0.47765	75.729	-20.821	-10.197	-20.289	37.753	9.264	-18.959	-1.7895	-1.0128	90.628	0.49428	13.447	38.085	-51.702	-20.755
-42.25	-162.9	1110.6	0.51593	0.83213	0.013606	0.52988	0.79959	0.069934	0.47326	0.73583	0.037495	0.55846	0.84012	0.48224	0.43052	0.83557	0.4813	0.55219	0.88508	0.031746	0.4803	0.93796	0.043866	0.52828	0.74538	0.85414	0.47874	0.80735	0.074011	0.49543	0.83849	0.4775	76.259	-20.679	-10.143	-21.166	37.174	8.9571	-18.567	-1.7432	-1.1976	86.927	-0.19833	13.124	39.149	-51.527	-20.288
-42.851	-149.05	1077	0.51668	0.8329	0.013613	0.52997	0.79947	0.069936	0.47328	0.73574	0.037473	0.55879	0.84354	0.48201	0.43085	0.83888	0.48115	0.55233	0.88498	0.031738	0.48042	0.93785	0.043963	0.52837	0.75471	0.85568	0.47888	0.80738	0.074029	0.49579	0.84179	0.47737	76.74	-20.576	-10.114	-22.071	36.601	8.6118	-18.113	-1.7033	-1.291	82.716	-0.72311	12.693	39.951	-51.07	-19.684
-43.324	-135.87	1041.6	0.51754	0.8339	0.013622	0.53005	0.79936	0.069937	0.47329	0.73565	0.037461	0.55911	0.84671	0.48178	0.43118	0.84203	0.48101	0.55247	0.88489	0.031715	0.48055	0.93775	0.044045	0.5284	0.76398	0.85718	0.47901	0.80739	0.074055	0.49615	0.84487	0.47726	77.175	-20.501	-10.101	-23.035	36.052	8.2397	-17.603	-1.6704	-1.3041	78.113	-1.0603	12.167	40.516	-50.327	-18.954
-43.653	-123.48	1005.1	0.5185	0.83518	0.013633	0.53014	0.79925	0.06994	0.47329	0.73558	0.03746	0.55943	0.84965	0.48156	0.43149	0.84506	0.48086	0.55262	0.8848	0.031681	0.48069	0.93766	0.044112	0.52838	0.7732	0.85865	0.47913	0.80739	0.074088	0.49649	0.84776	0.47717	77.571	-20.439	-10.098	-24.088	35.536	7.8517	-17.046	-1.6448	-1.253	73.223	-1.2037	11.563	40.867	-49.303	-18.113
-43.833	-111.95	967.81	0.51957	0.83678	0.013647	0.53022	0.79914	0.069945	0.47329	0.73552	0.037472	0.55973	0.85239	0.48135	0.43178	0.84799	0.4807	0.55276	0.88471	0.031639	0.48083	0.93758	0.044164	0.52831	0.78238	0.86007	0.47924	0.8074	0.074131	0.49679	0.85049	0.4771	77.931	-20.373	-10.099	-25.256	35.059	7.4567	-16.447	-1.6265	-1.1554	68.141	-1.1576	10.899	41.023	-48.015	-17.18
-43.872	-101.36	930.45	0.52075	0.83874	0.013663	0.5303	0.79905	0.069954	0.47328	0.73547	0.037499	0.56001	0.85495	0.48116	0.43205	0.85086	0.48051	0.55291	0.88463	0.031592	0.48098	0.93751	0.044202	0.5282	0.79153	0.86143	0.47937	0.8074	0.074184	0.49706	0.85309	0.47705	78.262	-20.289	-10.101	-26.567	34.625	7.0621	-15.815	-1.6156	-1.029	62.95	-0.93491	10.191	41.009	-46.492	-16.179
-43.79	-91.755	893.46	0.52205	0.84112	0.013682	0.53036	0.79896	0.069967	0.47325	0.73544	0.037542	0.56028	0.85736	0.48098	0.43231	0.85368	0.48028	0.55305	0.88456	0.031542	0.48112	0.93745	0.044228	0.52807	0.80065	0.86274	0.4795	0.80741	0.074248	0.49728	0.85558	0.47703	78.566	-20.174	-10.101	-28.045	34.237	6.6739	-15.155	-1.6117	-0.88869	57.723	-0.55505	9.4587	40.849	-44.772	-15.135
-43.612	-83.159	857.35	0.52348	0.84395	0.013705	0.53042	0.79889	0.069987	0.47321	0.73543	0.037603	0.56053	0.85963	0.48081	0.43254	0.85648	0.48002	0.55319	0.8845	0.031492	0.48127	0.93741	0.044242	0.5279	0.80975	0.86397	0.47966	0.80744	0.074323	0.49747	0.858	0.47701	78.848	-20.021	-10.098	-29.712	33.899	6.2975	-14.474	-1.6135	-0.74575	52.521	-0.041711	8.7171	40.573	-42.898	-14.074
-43.365	-75.582	822.62	0.52503	0.84728	0.013731	0.53045	0.79883	0.070015	0.47315	0.73543	0.037685	0.56076	0.86179	0.48067	0.43277	0.85925	0.47973	0.55333	0.88444	0.031443	0.48142	0.93739	0.044247	0.52772	0.81882	0.86512	0.47984	0.80748	0.07441	0.49762	0.86035	0.47702	79.11	-19.829	-10.091	-31.583	33.616	5.9373	-13.777	-1.6194	-0.60729	47.392	0.5785	7.9822	40.209	-40.921	-13.018
-43.074	-69.007	789.78	0.52669	0.85114	0.013761	0.53047	0.79879	0.070054	0.47308	0.73546	0.037788	0.56098	0.86385	0.48053	0.43297	0.86202	0.47939	0.55346	0.8844	0.031397	0.48156	0.93739	0.044244	0.52751	0.82786	0.86618	0.48003	0.80754	0.074508	0.49774	0.86267	0.47703	79.354	-19.603	-10.08	-33.67	33.392	5.5969	-13.069	-1.6265	-0.47637	42.381	1.2764	7.2683	39.792	-38.89	-11.987
-42.768	-63.395	759.29	0.52846	0.85554	0.013795	0.53048	0.79877	0.070107	0.47298	0.73552	0.037915	0.56119	0.86585	0.48041	0.43317	0.86478	0.47902	0.55357	0.88437	0.031354	0.4817	0.93742	0.044233	0.52728	0.83689	0.86714	0.48023	0.80763	0.07462	0.49784	0.86497	0.47706	79.582	-19.351	-10.065	-35.975	33.233	5.2788	-12.355	-1.6312	-0.35275	37.522	2.0216	6.5876	39.354	-36.857	-10.997
-42.472	-58.685	731.61	0.53031	0.86047	0.013832	0.53046	0.79878	0.070175	0.47286	0.73559	0.038067	0.56137	0.86781	0.4803	0.43336	0.86753	0.47862	0.55368	0.88435	0.031316	0.48184	0.93747	0.044217	0.52704	0.84588	0.868	0.48044	0.80773	0.074747	0.4979	0.86725	0.47709	79.796	-19.087	-10.045	-38.494	33.144	4.9835	-11.639	-1.6301	-0.23423	32.844	2.7857	5.9491	38.935	-34.868	-10.063
-42.216	-54.796	707.09	0.5322	0.86588	0.013873	0.53043	0.79881	0.070261	0.47272	0.73569	0.038245	0.56155	0.86974	0.48021	0.43355	0.87026	0.4782	0.55377	0.88435	0.031283	0.48197	0.93755	0.044195	0.52677	0.85485	0.86874	0.48063	0.80785	0.074891	0.49796	0.86954	0.47713	79.999	-18.825	-10.023	-41.218	33.13	4.7098	-10.925	-1.6199	-0.11828	28.373	3.5428	5.3584	38.576	-32.967	-9.1963
-42.027	-51.634	686.02	0.53411	0.8717	0.013917	0.53038	0.79887	0.070368	0.47256	0.73582	0.038451	0.56172	0.87167	0.48012	0.43372	0.87299	0.47775	0.55386	0.88436	0.031255	0.48211	0.93766	0.04417	0.52649	0.86379	0.86937	0.48082	0.808	0.075054	0.498	0.87184	0.47717	80.192	-18.577	-10	-44.13	33.198	4.4548	-10.218	-1.5983	-0.003291	24.128	4.2716	4.818	38.315	-31.194	-8.4069
-41.928	-49.088	668.59	0.53598	0.87782	0.013962	0.53031	0.79895	0.070497	0.47238	0.73597	0.038685	0.56188	0.87363	0.48004	0.4339	0.87569	0.47729	0.55393	0.88439	0.031233	0.48223	0.93779	0.044142	0.52619	0.8727	0.86987	0.48098	0.80815	0.07524	0.49804	0.87416	0.47721	80.377	-18.354	-9.9776	-47.209	33.353	4.2151	-9.5202	-1.5644	0.1105	20.126	4.9567	4.3276	38.194	-29.58	-7.701
-41.935	-47.033	654.9	0.53778	0.8841	0.014008	0.53023	0.79906	0.07065	0.47217	0.73614	0.03895	0.56203	0.87562	0.47997	0.43407	0.87836	0.47683	0.55399	0.88443	0.031218	0.48236	0.93795	0.044111	0.52588	0.88158	0.87025	0.48112	0.80832	0.07545	0.49809	0.8765	0.47725	80.555	-18.162	-9.9575	-50.429	33.597	3.9873	-8.8349	-1.5182	0.22035	16.375	5.5892	3.8847	38.242	-28.148	-7.0806
-42.063	-45.331	644.99	0.53945	0.89039	0.014054	0.53013	0.7992	0.07083	0.47195	0.73634	0.039247	0.56218	0.87768	0.4799	0.43424	0.881	0.47638	0.55403	0.88449	0.031209	0.48248	0.93813	0.044078	0.52556	0.89043	0.8705	0.48124	0.80851	0.075687	0.49814	0.87887	0.47728	80.73	-18.002	-9.942	-53.766	33.928	3.7683	-8.1646	-1.4615	0.32125	12.879	6.1629	3.4858	38.48	-26.914	-6.545
-42.321	-43.841	638.84	0.54095	0.89654	0.014099	0.53002	0.79936	0.071038	0.4717	0.73655	0.039579	0.56232	0.8798	0.47984	0.43441	0.88362	0.47594	0.55407	0.88457	0.031206	0.48259	0.93834	0.044043	0.52524	0.89926	0.87062	0.48135	0.80871	0.075952	0.4982	0.88127	0.47732	80.901	-17.872	-9.9326	-57.198	34.339	3.555	-7.5119	-1.3967	0.40678	9.636	6.6735	3.126	38.921	-25.891	-6.0927
-42.718	-42.422	636.39	0.54224	0.90238	0.014141	0.5299	0.79955	0.071276	0.47145	0.73679	0.03995	0.56247	0.88201	0.47979	0.43459	0.88623	0.47553	0.5541	0.88466	0.03121	0.48271	0.93856	0.044006	0.52493	0.90808	0.8706	0.48146	0.80892	0.076249	0.49827	0.88371	0.47735	81.07	-17.764	-9.9311	-60.706	34.822	3.3443	-6.8796	-1.3265	0.47023	6.6398	7.1189	2.7992	39.567	-25.089	-5.7214
-43.265	-40.939	637.55	0.54331	0.90779	0.014179	0.52977	0.79975	0.071544	0.47119	0.73705	0.040367	0.56263	0.88432	0.47975	0.43477	0.88883	0.47515	0.55413	0.88477	0.031221	0.48282	0.93878	0.043967	0.52463	0.91688	0.87046	0.48157	0.80915	0.076579	0.49836	0.8862	0.47739	81.239	-17.671	-9.9395	-64.273	35.368	3.1331	-6.2711	-1.254	0.50592	3.8827	7.5	2.4985	40.42	-24.512	-5.4293
-43.971	-39.271	642.21	0.54414	0.91266	0.014213	0.52963	0.79997	0.071843	0.47093	0.73732	0.040837	0.5628	0.88674	0.47972	0.43495	0.89144	0.47481	0.55416	0.88488	0.031237	0.48293	0.93902	0.043925	0.52434	0.92566	0.87018	0.48169	0.80939	0.076942	0.49847	0.88876	0.47743	81.406	-17.584	-9.9603	-67.89	35.969	2.9192	-5.6898	-1.1819	0.51034	1.3554	7.8195	2.217	41.478	-24.159	-5.2133
-44.84	-37.311	650.22	0.54473	0.91694	0.014243	0.5295	0.8002	0.072173	0.47069	0.73759	0.041369	0.56297	0.88927	0.4797	0.43514	0.89409	0.4745	0.55418	0.88501	0.031259	0.48303	0.93925	0.04388	0.52407	0.93442	0.86979	0.48182	0.80965	0.077341	0.4986	0.8914	0.47748	81.573	-17.495	-9.9963	-71.549	36.616	2.7006	-5.1395	-1.1126	0.48247	-0.95296	8.082	1.9485	42.739	-24.024	-5.0695
-45.877	-34.971	661.42	0.54512	0.92058	0.014268	0.52937	0.80044	0.072535	0.47047	0.73786	0.04197	0.56316	0.89193	0.47968	0.43535	0.89679	0.47423	0.55421	0.88515	0.031285	0.48313	0.93946	0.043831	0.52383	0.94316	0.86929	0.48199	0.80992	0.077774	0.49875	0.89413	0.47754	81.738	-17.398	-10.05	-75.249	37.305	2.4762	-4.6237	-1.048	0.42404	-3.0535	8.2938	1.6873	44.2	-24.096	-4.9932
-47.085	-32.173	675.61	0.54532	0.92361	0.014288	0.52924	0.80069	0.072929	0.47027	0.73813	0.042648	0.56337	0.89472	0.47967	0.43556	0.89958	0.47399	0.55424	0.88529	0.031316	0.48323	0.93966	0.043776	0.52362	0.95189	0.86867	0.48218	0.81022	0.078241	0.49892	0.89698	0.4776	81.901	-17.288	-10.123	-78.99	38.029	2.245	-4.1455	-0.98976	0.33951	-4.9576	8.4604	1.4288	45.86	-24.366	-4.9799
-48.473	-28.852	692.6	0.54536	0.92605	0.014305	0.52913	0.80094	0.073356	0.47011	0.73838	0.043408	0.56359	0.89767	0.47966	0.43579	0.90247	0.47378	0.55428	0.88543	0.031349	0.48331	0.93984	0.043717	0.52344	0.96059	0.86796	0.4824	0.81053	0.078743	0.49911	0.89995	0.47765	82.061	-17.165	-10.215	-82.774	38.79	2.007	-3.7081	-0.93886	0.23598	-6.6769	8.5849	1.1695	47.712	-24.826	-5.0248
-50.052	-24.946	712.17	0.54529	0.92795	0.014317	0.52902	0.80119	0.073816	0.46999	0.73862	0.044256	0.56382	0.90076	0.47964	0.43603	0.9055	0.47358	0.55433	0.88557	0.031384	0.48339	0.93999	0.043654	0.52329	0.96927	0.86716	0.48264	0.81087	0.079279	0.49932	0.90308	0.47771	82.219	-17.03	-10.323	-86.605	39.587	1.763	-3.3145	-0.89592	0.12254	-8.2234	8.6673	0.90748	49.748	-25.473	-5.1223
-51.831	-20.41	734.08	0.54512	0.92937	0.014326	0.52893	0.80145	0.074312	0.46991	0.73884	0.045194	0.56407	0.90403	0.47962	0.43628	0.9087	0.47339	0.55439	0.8857	0.03142	0.48347	0.9401	0.043589	0.52318	0.97793	0.86626	0.48292	0.81122	0.07985	0.49955	0.90637	0.47775	82.374	-16.884	-10.443	-90.486	40.421	1.5149	-2.9677	-0.86097	0.009489	-9.6071	8.7047	0.64208	51.956	-26.304	-5.2664
-53.823	-15.222	758.08	0.5449	0.93041	0.014332	0.52887	0.80171	0.074851	0.46988	0.73905	0.046222	0.56433	0.90746	0.47958	0.43655	0.91208	0.4732	0.55446	0.88583	0.031455	0.48354	0.94019	0.043525	0.52311	0.98657	0.8653	0.48322	0.81158	0.080456	0.4998	0.90984	0.47778	82.529	-16.732	-10.571	-94.424	41.294	1.2655	-2.6699	-0.83376	-0.092867	-10.828	8.6923	0.37433	54.345	-27.32	-5.4503
-56.036	-9.3944	783.92	0.54463	0.93112	0.014336	0.52883	0.80198	0.075437	0.46989	0.73924	0.047342	0.56461	0.91107	0.47952	0.43683	0.91568	0.47299	0.55454	0.88595	0.031491	0.48361	0.94025	0.043464	0.52307	0.99521	0.86425	0.48355	0.81196	0.0811	0.50006	0.91351	0.47778	82.686	-16.575	-10.702	-98.421	42.204	1.0192	-2.4229	-0.8138	-0.17555	-11.875	8.6252	0.10712	56.936	-28.522	-5.6655
-58.469	-2.9577	811.35	0.54436	0.93159	0.014338	0.52884	0.80226	0.076078	0.46995	0.73942	0.048555	0.5649	0.91487	0.47945	0.43713	0.91951	0.47277	0.55463	0.88606	0.031525	0.48367	0.94029	0.043407	0.52306	1.0038	0.86314	0.48389	0.81236	0.081782	0.50034	0.9174	0.47775	82.844	-16.414	-10.833	-102.48	43.145	0.78134	-2.2278	-0.80048	-0.23158	-12.729	8.4997	-0.15529	59.762	-29.902	-5.902
-61.107	4.0526	840.08	0.54407	0.93187	0.014339	0.52888	0.80257	0.076781	0.47005	0.7396	0.049861	0.5652	0.91885	0.47934	0.43744	0.9236	0.47251	0.55474	0.88617	0.031559	0.48374	0.94031	0.043359	0.52308	1.0125	0.86197	0.48424	0.81277	0.082506	0.50064	0.92151	0.47768	83.005	-16.25	-10.961	-106.6	44.105	0.55795	-2.0849	-0.79325	-0.25633	-13.366	8.3155	-0.40792	62.851	-31.445	-6.1483
-63.918	11.601	869.82	0.5438	0.93203	0.014339	0.52897	0.80291	0.077554	0.47019	0.73979	0.051264	0.5655	0.92302	0.47921	0.43777	0.92796	0.4722	0.55485	0.88627	0.031591	0.48381	0.94031	0.043318	0.52313	1.0211	0.86075	0.48461	0.8132	0.083274	0.50094	0.92585	0.47758	83.169	-16.08	-11.084	-110.76	45.064	0.35538	-1.9944	-0.79144	-0.2477	-13.761	8.0753	-0.64477	66.224	-33.125	-6.3912
-66.856	19.656	900.24	0.54352	0.93211	0.014339	0.5291	0.80328	0.078401	0.47035	0.73999	0.052768	0.56581	0.92739	0.47905	0.4381	0.93259	0.47185	0.55496	0.88637	0.031623	0.48389	0.94031	0.043286	0.52319	1.0298	0.85947	0.48499	0.81367	0.084092	0.50125	0.93043	0.47742	83.334	-15.904	-11.202	-114.96	46.001	0.18016	-1.9559	-0.79461	-0.20578	-13.891	7.7866	-0.85938	69.89	-34.906	-6.6167
-69.865	28.192	930.97	0.54324	0.93215	0.014338	0.52927	0.8037	0.079328	0.47055	0.74021	0.054379	0.56612	0.93194	0.47885	0.43843	0.93749	0.47143	0.55508	0.88646	0.031655	0.48396	0.94031	0.043264	0.52327	1.0386	0.85815	0.48538	0.81417	0.084964	0.50157	0.93524	0.47722	83.499	-15.718	-11.314	-119.17	46.885	0.038309	-1.9685	-0.80263	-0.13243	-13.736	7.46	-1.0455	73.839	-36.741	-6.8108
-72.877	37.2	961.64	0.54296	0.93217	0.014338	0.52948	0.80417	0.080342	0.47077	0.74046	0.056103	0.56642	0.93669	0.47864	0.43877	0.94267	0.47096	0.5552	0.88656	0.031689	0.48404	0.9403	0.043251	0.52335	1.0473	0.85679	0.48577	0.81472	0.085897	0.50188	0.94029	0.47696	83.662	-15.52	-11.421	-123.36	47.685	-0.065477	-2.0306	-0.8156	-0.030788	-13.283	7.1082	-1.1975	78.042	-38.582	-6.9608
-75.824	46.677	991.84	0.54267	0.93219	0.014337	0.52972	0.80469	0.08145	0.47102	0.74074	0.057948	0.56672	0.94163	0.47839	0.43911	0.94812	0.47042	0.55532	0.88665	0.031725	0.48412	0.94031	0.043246	0.52344	1.0561	0.85541	0.48617	0.81531	0.0869	0.50218	0.94557	0.47667	83.821	-15.309	-11.527	-127.49	48.37	-0.12783	-2.1406	-0.834	0.095591	-12.525	6.7458	-1.3113	82.45	-40.378	-7.0558
-78.642	56.633	1021.2	0.54236	0.93221	0.014336	0.53	0.80528	0.082656	0.47128	0.74107	0.059921	0.56699	0.94675	0.47813	0.43943	0.95384	0.46983	0.55544	0.88676	0.031765	0.4842	0.94032	0.043249	0.52351	1.065	0.854	0.48658	0.81597	0.087979	0.50246	0.95108	0.47633	83.972	-15.084	-11.632	-131.5	48.908	-0.14746	-2.2961	-0.85859	0.24298	-11.465	6.3876	-1.3841	86.995	-42.08	-7.0873
-81.271	67.081	1049.2	0.54204	0.93225	0.014336	0.53031	0.80593	0.083968	0.47157	0.74145	0.062031	0.56724	0.95206	0.47785	0.43975	0.9598	0.46918	0.55556	0.88688	0.03181	0.48428	0.94036	0.043258	0.52357	1.074	0.85257	0.487	0.8167	0.089143	0.50272	0.95682	0.47595	84.112	-14.843	-11.741	-135.35	49.273	-0.12558	-2.4944	-0.89036	0.40751	-10.112	6.0481	-1.4159	91.597	-43.648	-7.0486
-83.661	78.044	1075.6	0.5417	0.93229	0.014335	0.53066	0.80666	0.085391	0.47187	0.74189	0.064285	0.56747	0.95756	0.47756	0.44005	0.96599	0.46848	0.55567	0.88701	0.031862	0.48437	0.94041	0.043272	0.52361	1.083	0.85112	0.48743	0.8175	0.090399	0.50296	0.96277	0.47554	84.238	-14.588	-11.855	-138.97	49.443	-0.065904	-2.7326	-0.93002	0.58505	-8.49	5.7406	-1.4084	96.155	-45.045	-6.9347
-85.772	89.541	1099.8	0.54134	0.93234	0.014334	0.53103	0.80746	0.086933	0.4722	0.74239	0.06669	0.56767	0.96325	0.47725	0.44033	0.97242	0.46774	0.55579	0.88715	0.031919	0.48446	0.94048	0.043288	0.52362	1.0922	0.84966	0.48787	0.81838	0.091753	0.50318	0.96893	0.47511	84.345	-14.317	-11.978	-142.31	49.399	0.025362	-3.0079	-0.97772	0.77133	-6.6304	5.4749	-1.3651	100.56	-46.243	-6.7408
-87.572	101.59	1121.5	0.54097	0.93238	0.014334	0.53143	0.80834	0.088595	0.47256	0.74297	0.069253	0.56784	0.96913	0.47694	0.4406	0.97905	0.46696	0.55591	0.88732	0.031984	0.48455	0.94058	0.043304	0.52359	1.1014	0.8482	0.48833	0.81935	0.093212	0.50337	0.9753	0.47465	84.432	-14.032	-12.111	-145.32	49.128	0.1404	-3.3176	-1.0331	0.962	-4.5713	5.2565	-1.2909	104.7	-47.219	-6.4631
-89.041	114.18	1140.4	0.54059	0.93242	0.014333	0.53185	0.8093	0.090384	0.47294	0.74363	0.071978	0.56799	0.97519	0.47663	0.44084	0.98587	0.46615	0.55603	0.8875	0.032057	0.48464	0.9407	0.043317	0.52353	1.1108	0.84672	0.4888	0.82042	0.09478	0.50353	0.98186	0.47418	84.493	-13.732	-12.259	-147.92	48.619	0.27045	-3.6599	-1.0956	1.1529	-2.3536	5.0867	-1.1917	108.45	-47.957	-6.0997
-90.161	127.29	1156	0.54019	0.93243	0.014332	0.53231	0.81036	0.092298	0.47335	0.74439	0.07487	0.56812	0.98145	0.47632	0.44108	0.99289	0.46531	0.55616	0.8877	0.032139	0.48474	0.94084	0.043323	0.52341	1.1203	0.84525	0.48929	0.82158	0.096459	0.50368	0.98861	0.47369	84.525	-13.415	-12.424	-150.09	47.863	0.40628	-4.0333	-1.1645	1.3405	-0.0165	4.9626	-1.0741	111.72	-48.448	-5.6503
-90.918	140.86	1168.2	0.53978	0.93243	0.01433	0.53279	0.81151	0.094339	0.47378	0.74525	0.077933	0.56822	0.98789	0.47601	0.44131	1.0001	0.46445	0.55629	0.88792	0.032232	0.48483	0.94101	0.04332	0.52323	1.1299	0.84379	0.48979	0.82285	0.098251	0.50382	0.99556	0.47318	84.525	-13.081	-12.61	-151.75	46.854	0.53999	-4.4371	-1.2389	1.5216	2.4047	4.8805	-0.94409	114.42	-48.683	-5.1165
-91.295	154.79	1176.6	0.53937	0.93239	0.014329	0.5333	0.81277	0.096506	0.47425	0.74623	0.081172	0.56832	0.99453	0.4757	0.44153	1.0075	0.46356	0.55643	0.88816	0.032337	0.48493	0.94121	0.043304	0.52299	1.1396	0.84235	0.49032	0.82423	0.10016	0.50394	1.0027	0.47266	84.488	-12.73	-12.818	-152.88	45.593	0.66529	-4.8713	-1.318	1.6938	4.8806	4.8369	-0.80698	116.46	-48.651	-4.5011
-91.273	168.96	1180.9	0.53894	0.93233	0.014327	0.53382	0.81414	0.098798	0.47473	0.74736	0.08459	0.5684	1.0014	0.47538	0.44175	1.0151	0.46264	0.55656	0.88842	0.032459	0.48503	0.94143	0.043273	0.52269	1.1495	0.84092	0.49086	0.82575	0.10217	0.50406	1.01	0.47213	84.411	-12.359	-13.051	-153.42	44.079	0.7778	-5.3368	-1.4009	1.8552	7.3888	4.8291	-0.667	117.8	-48.343	-3.8088
-90.824	183.2	1180.9	0.5385	0.93223	0.014325	0.53437	0.81563	0.10121	0.47522	0.74864	0.088194	0.56848	1.0084	0.47505	0.44197	1.0228	0.46168	0.55669	0.8887	0.032603	0.48513	0.94168	0.043221	0.52231	1.1595	0.83952	0.49141	0.82741	0.1043	0.50418	1.0176	0.47156	84.287	-11.968	-13.311	-153.32	42.321	0.8763	-5.8356	-1.4867	2.0046	9.9155	4.8588	-0.52687	118.38	-47.739	-3.046
-89.913	197.27	1176.3	0.53805	0.9321	0.014323	0.53492	0.81725	0.10375	0.47571	0.75012	0.091988	0.56856	1.0157	0.4747	0.44221	1.0308	0.46068	0.55681	0.88899	0.032775	0.48522	0.94195	0.043145	0.52187	1.1696	0.83815	0.49198	0.82923	0.10654	0.50431	1.0254	0.47096	84.111	-11.556	-13.599	-152.53	40.328	0.96199	-6.3711	-1.5744	2.1404	12.456	4.9322	-0.38839	118.19	-46.816	-2.2227
-88.494	210.92	1166.6	0.53759	0.93194	0.014321	0.53549	0.81904	0.10642	0.47617	0.75182	0.09598	0.56865	1.0232	0.47432	0.44247	1.0391	0.45962	0.55693	0.8893	0.032985	0.48531	0.94223	0.043041	0.52135	1.1798	0.83683	0.49255	0.83123	0.10887	0.50446	1.0334	0.47031	83.877	-11.123	-13.915	-151	38.11	1.0384	-6.948	-1.6635	2.2608	15.011	5.06	-0.25291	117.2	-45.546	-1.3538
-86.515	223.8	1151.6	0.53711	0.93175	0.014318	0.53604	0.821	0.1092	0.4766	0.75379	0.10018	0.56876	1.031	0.47391	0.44275	1.0476	0.45848	0.55702	0.88963	0.033243	0.48539	0.94254	0.042905	0.52075	1.1902	0.83555	0.49312	0.83345	0.11132	0.50463	1.0417	0.46961	83.576	-10.667	-14.258	-148.65	35.684	1.1108	-7.5725	-1.753	2.3629	17.591	5.2575	-0.12179	115.41	-43.897	-0.4586
-83.919	235.54	1130.8	0.53662	0.93155	0.014316	0.53658	0.82317	0.11212	0.47697	0.75607	0.1046	0.56888	1.0391	0.47346	0.44308	1.0564	0.45725	0.55709	0.88998	0.033565	0.48545	0.94286	0.042736	0.52008	1.2006	0.83432	0.49367	0.8359	0.11387	0.50483	1.0503	0.46883	83.198	-10.186	-14.626	-145.43	33.067	1.1855	-8.2526	-1.8429	2.4427	20.206	5.5427	0.002431	112.84	-41.835	0.43761
-80.651	245.68	1103.8	0.53611	0.93133	0.014313	0.53709	0.82558	0.11517	0.47726	0.75872	0.10925	0.56904	1.0475	0.47295	0.44346	1.0656	0.45591	0.55713	0.89034	0.033969	0.48549	0.94321	0.042533	0.51933	1.2112	0.83315	0.49421	0.83862	0.11652	0.50507	1.0593	0.46797	82.735	-9.6786	-15.016	-141.26	30.284	1.2679	-8.9975	-1.9324	2.4948	22.865	5.9321	0.11541	109.51	-39.335	1.3053
-76.673	253.76	1070.2	0.53557	0.93111	0.01431	0.53755	0.82827	0.11837	0.47744	0.76179	0.11414	0.56923	1.0562	0.47237	0.44391	1.0752	0.45444	0.55714	0.89073	0.034477	0.4855	0.94357	0.042297	0.51851	1.2218	0.83206	0.49472	0.84166	0.11928	0.50537	1.0686	0.467	82.173	-9.1433	-15.426	-136.09	27.365	1.3623	-9.8178	-2.0214	2.5125	25.568	6.4386	0.21095	105.47	-36.384	2.1124
-71.972	259.25	1029.8	0.53501	0.93093	0.014307	0.53796	0.83129	0.12171	0.47749	0.76535	0.11929	0.56948	1.0653	0.47172	0.44443	1.0853	0.45283	0.55711	0.89115	0.035114	0.48549	0.94396	0.042035	0.51762	1.2325	0.83106	0.49517	0.84505	0.12215	0.50572	1.0784	0.46591	81.5	-8.5787	-15.851	-129.87	24.353	1.4716	-10.725	-2.1097	2.488	28.296	7.0668	0.2808	100.77	-32.99	2.8261
-66.575	261.66	982.16	0.53441	0.93078	0.014304	0.53829	0.83468	0.12522	0.4774	0.76947	0.12472	0.56978	1.0749	0.47099	0.44505	1.0958	0.45106	0.55702	0.89163	0.035914	0.48546	0.94439	0.041757	0.51665	1.2433	0.83015	0.49557	0.84885	0.12513	0.50614	1.0886	0.46469	80.703	-7.9849	-16.283	-122.58	21.299	1.5937	-11.733	-2.1976	2.4131	31.009	7.8039	0.31353	95.467	-29.197	3.4151
-60.56	260.52	927.42	0.53378	0.93073	0.014302	0.53853	0.83851	0.12891	0.47714	0.77422	0.13043	0.57015	1.085	0.47016	0.44578	1.1069	0.44912	0.55689	0.89219	0.036914	0.4854	0.94488	0.041481	0.51562	1.2541	0.82935	0.4959	0.8531	0.12825	0.50665	1.0994	0.46331	79.767	-7.3642	-16.715	-114.25	18.268	1.7226	-12.853	-2.2854	2.2798	33.631	8.6181	0.29691	89.648	-25.089	3.8547
-54.061	255.5	865.81	0.53312	0.93078	0.014301	0.53867	0.84284	0.13278	0.47671	0.77967	0.13644	0.5706	1.0956	0.46922	0.44662	1.1185	0.447	0.5567	0.89285	0.038157	0.48533	0.94545	0.041229	0.51451	1.2649	0.82868	0.49614	0.85785	0.1315	0.50725	1.1108	0.46178	78.681	-6.7223	-17.135	-104.95	15.336	1.8492	-14.098	-2.3735	2.0814	36.058	9.4595	0.22019	83.401	-20.787	4.1309
-47.267	246.4	797.93	0.53243	0.93098	0.0143	0.5387	0.84772	0.13686	0.47609	0.78588	0.14275	0.57114	1.1068	0.46817	0.4476	1.1309	0.4447	0.55644	0.89367	0.039696	0.48525	0.94613	0.041034	0.51335	1.2757	0.82814	0.49629	0.86315	0.13491	0.50795	1.1227	0.46007	77.433	-6.0686	-17.534	-94.819	12.586	1.9613	-15.481	-2.4623	1.8139	38.155	10.26	0.076933	76.832	-16.449	4.2421
-40.411	233.25	724.77	0.53172	0.93137	0.014301	0.5386	0.8532	0.14117	0.47529	0.79292	0.14937	0.57177	1.1186	0.46699	0.44872	1.1439	0.44223	0.55614	0.8947	0.041586	0.48518	0.94699	0.040933	0.51212	1.2865	0.82774	0.49633	0.86906	0.13848	0.50877	1.1354	0.45818	76.018	-5.4176	-17.899	-84.072	10.101	2.0462	-17.01	-2.5523	1.4764	39.762	10.941	-0.13074	70.052	-12.261	4.2015
-33.744	216.33	647.69	0.53102	0.93197	0.014302	0.53837	0.85936	0.1457	0.4743	0.80083	0.15629	0.5725	1.1312	0.46568	0.44998	1.1576	0.4396	0.55577	0.896	0.043886	0.48515	0.94807	0.040975	0.51083	1.2973	0.82748	0.49624	0.87563	0.14223	0.5097	1.1487	0.45612	74.439	-4.7882	-18.215	-72.977	7.9458	2.0922	-18.694	-2.6448	1.0725	40.711	11.417	-0.38984	63.163	-8.4149	4.0335
-27.507	196.22	568.38	0.53033	0.93283	0.014306	0.53799	0.86624	0.15047	0.47313	0.80966	0.16349	0.57333	1.1444	0.46425	0.45139	1.172	0.43682	0.55535	0.89767	0.046655	0.48516	0.94948	0.041212	0.50948	1.308	0.82736	0.49601	0.88289	0.14618	0.51076	1.1627	0.45388	72.709	-4.2041	-18.469	-61.854	6.164	2.0911	-20.534	-2.7415	0.61003	40.828	11.611	-0.67598	56.234	-5.0846	3.7687
-21.901	173.81	488.77	0.52968	0.93394	0.014312	0.53747	0.87388	0.1555	0.47178	0.81942	0.17096	0.57425	1.1583	0.46268	0.45292	1.1873	0.43392	0.55487	0.89982	0.049944	0.48524	0.95131	0.041699	0.50809	1.3186	0.82737	0.49562	0.89088	0.15034	0.51194	1.1775	0.45148	70.854	-3.6926	-18.652	-51.052	4.7651	2.0376	-22.531	-2.8452	0.10136	39.953	11.461	-0.95488	49.274	-2.4016	3.4345
-17.058	150.22	410.88	0.52909	0.93528	0.014319	0.53679	0.88233	0.16077	0.47026	0.83012	0.17864	0.57526	1.1729	0.461	0.45457	1.2032	0.43094	0.55436	0.90256	0.053789	0.48541	0.95369	0.042487	0.50666	1.3292	0.82751	0.49506	0.89964	0.15471	0.51322	1.1929	0.44895	68.917	-3.2833	-18.758	-40.916	3.723	1.929	-24.677	-2.9586	-0.43709	37.964	10.927	-1.1875	42.237	-0.43156	3.046
-13.029	126.56	336.64	0.52858	0.93681	0.014327	0.53596	0.89162	0.16627	0.46858	0.84177	0.18648	0.57632	1.1882	0.45923	0.45631	1.2199	0.42792	0.55379	0.90604	0.058204	0.48569	0.95676	0.04362	0.5052	1.3397	0.82775	0.49431	0.9092	0.15928	0.51459	1.2091	0.44632	66.953	-3.0052	-18.789	-31.748	2.9786	1.768	-26.956	-3.0841	-0.98616	34.843	10.012	-1.3356	35.127	0.83443	2.613
-9.7897	103.78	267.82	0.52816	0.93853	0.014337	0.53498	0.90179	0.17197	0.46675	0.85433	0.19438	0.57742	1.2041	0.45739	0.45811	1.2373	0.42492	0.55319	0.91041	0.063172	0.48608	0.96068	0.045125	0.50372	1.3501	0.82808	0.49336	0.91959	0.16404	0.51601	1.2259	0.44365	65.027	-2.8844	-18.758	-23.777	2.4496	1.5635	-29.349	-3.2228	-1.5251	30.717	8.7667	-1.3706	28.076	1.4776	2.1493
-7.2544	82.559	205.89	0.52787	0.94049	0.014349	0.53384	0.91285	0.17782	0.46476	0.86779	0.20225	0.57854	1.2207	0.45554	0.45994	1.2553	0.422	0.55256	0.91581	0.068644	0.48658	0.96562	0.047012	0.50224	1.3605	0.82849	0.49219	0.93085	0.16895	0.51747	1.2433	0.44097	63.212	-2.9404	-18.685	-17.129	2.0473	1.3289	-31.828	-3.3737	-2.0332	25.856	7.2932	-1.2848	21.348	1.6351	1.6779
-5.3037	63.396	151.85	0.52772	0.94284	0.014364	0.53255	0.92481	0.18377	0.46264	0.88208	0.20998	0.57964	1.2378	0.45372	0.46176	1.2739	0.41922	0.55188	0.92239	0.074538	0.48721	0.97174	0.049276	0.50077	1.3707	0.82896	0.49082	0.943	0.17395	0.51891	1.2613	0.43837	61.577	-3.1837	-18.59	-11.843	1.6918	1.0765	-34.361	-3.5336	-2.4918	20.576	5.7006	-1.0856	15.151	1.4555	1.2186
-3.8136	46.621	106.18	0.5278	0.94588	0.014384	0.53112	0.93766	0.18973	0.46037	0.89713	0.21745	0.58069	1.2554	0.45199	0.46352	1.293	0.41667	0.55119	0.9303	0.080746	0.48794	0.97919	0.051894	0.49934	1.3809	0.82948	0.48922	0.95606	0.17899	0.52032	1.2797	0.4359	60.189	-3.6145	-18.494	-7.8193	1.3339	0.81915	-36.913	-3.6974	-2.8861	15.235	4.1157	-0.81035	9.7468	1.0959	0.79867
-2.6763	32.406	68.87	0.52827	0.95031	0.014415	0.52955	0.95138	0.19563	0.45798	0.91285	0.22455	0.58169	1.2735	0.4504	0.4652	1.3125	0.41439	0.55047	0.93963	0.087142	0.48877	0.98813	0.054834	0.49796	1.391	0.83005	0.48741	0.97002	0.184	0.52164	1.2985	0.43364	59.102	-4.2228	-18.409	-4.9159	0.94672	0.56556	-39.452	-3.8593	-3.2067	10.145	2.635	-0.49671	5.2557	0.67446	0.43547
-1.8096	20.777	39.498	0.5297	0.95814	0.01447	0.52787	0.96593	0.2014	0.4555	0.92916	0.23116	0.58259	1.2919	0.44901	0.46675	1.3323	0.41246	0.54975	0.95049	0.093586	0.48964	0.99865	0.058048	0.49663	1.4011	0.83066	0.48539	0.98487	0.1889	0.52285	1.3176	0.43165	58.357	-4.9873	-18.337	-3.1784	0.48968	0.30944	-41.947	-4.0134	-3.4511	5.3908	1.2266	-0.1126	1.1718	0.18478	0.091835
0.10809	-1.1232	-1.7908	NaN	NaN	NaN	0.52609	0.98128	0.20695	0.45296	0.94594	0.23721	0.58338	1.3105	0.44787	0.46815	1.3524	0.41093	0.54901	0.9629	0.099929	0.49052	1.0108	0.06148	0.49539	1.411	0.83131	0.4832	1.0006	0.19363	0.52392	1.337	0.42999	57.975	-5.8756	-18.267	-1.5702	0.13058	0.10542	-44.37	-4.1548	-3.6244	1.7784	0.30864	0.058573	-0.54212	-0.012897	-0.047334
0	0	0	NaN	NaN	NaN	0.52424	0.99736	0.21221	0.45039	0.96311	0.24262	0.58404	1.3295	0.44701	0.46937	1.3726	0.40984	0.54827	0.97689	0.10603	0.49136	1.0247	0.065059	0.49423	1.421	0.83202	0.48086	1.017	0.19814	0.52483	1.3565	0.42869	57.96	-6.8444	-18.182	0.028942	0.001484	0.009175	-46.7	-4.281	-3.7376	0.069396	0.079939	-0.058417	0.36549	0.1529	0.043509
