0.62431	0.78554	0.098811	0.53558	0.80668	0.11544	0.55918	0.71586	0.051941	0.62155	0.86316	0.51377	0.49656	0.86595	0.49597	0.65388	0.9191	0.056184	0.58136	0.95818	0.062055	0.54309	0.9196	0.89658	0.57977	0.79536	0.10793	0.55871	0.86263	0.50352	79.567	-9.8891	-17.98	-1.6325	-0.98094	-4.0272
0.62431	0.78553	0.098806	0.53557	0.80667	0.11542	0.55919	0.71587	0.051931	0.62151	0.86309	0.51375	0.49653	0.86592	0.49596	0.65387	0.91909	0.056181	0.58135	0.95817	0.062069	0.54306	0.91943	0.89658	0.57974	0.79534	0.10792	0.55868	0.86257	0.50351	79.562	-9.8847	-17.979	-1.6397	-0.98	-4.027
0.6243	0.78552	0.098803	0.53556	0.80666	0.1154	0.5592	0.71588	0.051921	0.62147	0.86301	0.51375	0.49651	0.86589	0.49596	0.65387	0.91909	0.056176	0.58134	0.95817	0.062082	0.54302	0.91927	0.89659	0.57972	0.79531	0.10791	0.55866	0.8625	0.5035	79.558	-9.88	-17.977	-1.6477	-0.98019	-4.0255
0.62429	0.78551	0.0988	0.53555	0.80665	0.11537	0.55921	0.71588	0.051912	0.62143	0.86294	0.51374	0.49648	0.86585	0.49595	0.65387	0.91909	0.05617	0.58133	0.95817	0.062094	0.54298	0.9191	0.8966	0.5797	0.79528	0.10789	0.55863	0.86243	0.50349	79.554	-9.8753	-17.976	-1.6572	-0.98195	-4.0223
0.62428	0.7855	0.098798	0.53554	0.80664	0.11535	0.55921	0.71589	0.051903	0.62139	0.86286	0.51373	0.49645	0.86581	0.49594	0.65388	0.91909	0.056165	0.58133	0.95816	0.062105	0.54293	0.91893	0.89661	0.57969	0.79525	0.10788	0.55859	0.86237	0.50348	79.551	-9.8711	-17.975	-1.6683	-0.98532	-4.0171
0.62427	0.78548	0.098794	0.53554	0.80663	0.11532	0.55921	0.71589	0.051894	0.62135	0.86279	0.51372	0.49641	0.86578	0.49593	0.65388	0.91908	0.056161	0.58133	0.95815	0.062115	0.54289	0.91875	0.89662	0.57969	0.79521	0.10787	0.55856	0.86231	0.50347	79.548	-9.8676	-17.976	-1.6808	-0.99002	-4.01
0.62426	0.78547	0.098789	0.53553	0.80662	0.11531	0.5592	0.71588	0.051885	0.62131	0.86271	0.51372	0.49637	0.86575	0.49592	0.65389	0.91908	0.05616	0.58134	0.95815	0.062123	0.54284	0.91858	0.89663	0.57969	0.79518	0.10785	0.55852	0.86225	0.50346	79.546	-9.8654	-17.978	-1.6945	-0.99541	-4.001
0.62424	0.78546	0.098783	0.53552	0.80661	0.11529	0.5592	0.71588	0.051875	0.62126	0.86265	0.51371	0.49634	0.86572	0.49591	0.65389	0.91908	0.056163	0.58134	0.95814	0.062131	0.54279	0.91841	0.89664	0.57968	0.79516	0.10784	0.55848	0.8622	0.50345	79.544	-9.8648	-17.981	-1.709	-1.0008	-3.9903
0.62423	0.78544	0.098777	0.53549	0.80661	0.11529	0.55919	0.71587	0.051865	0.62121	0.86259	0.51371	0.4963	0.8657	0.49589	0.65389	0.91908	0.05617	0.58135	0.95813	0.062138	0.54273	0.91824	0.89665	0.57967	0.79514	0.10782	0.55843	0.86216	0.50344	79.543	-9.8664	-17.983	-1.7233	-1.0053	-3.9783
0.62421	0.78543	0.098772	0.53546	0.80662	0.1153	0.55919	0.71587	0.051855	0.62116	0.86254	0.51371	0.49626	0.86567	0.49588	0.65388	0.91907	0.05618	0.58135	0.95812	0.062145	0.54267	0.91808	0.89666	0.57966	0.79512	0.10781	0.55838	0.86211	0.50343	79.541	-9.8699	-17.986	-1.7369	-1.0086	-3.9656
0.62419	0.78543	0.098767	0.53542	0.80662	0.11531	0.55919	0.71586	0.051844	0.62111	0.86249	0.51371	0.49622	0.86564	0.49587	0.65388	0.91907	0.056192	0.58135	0.95811	0.062152	0.54261	0.91792	0.89667	0.57964	0.79511	0.1078	0.55833	0.86207	0.50342	79.539	-9.8748	-17.988	-1.7494	-1.0107	-3.9535
0.62418	0.78542	0.098764	0.53538	0.80662	0.11532	0.55919	0.71586	0.051833	0.62105	0.86245	0.51371	0.49618	0.86561	0.49585	0.65387	0.91907	0.056204	0.58135	0.95811	0.062161	0.54255	0.91777	0.89667	0.57961	0.7951	0.10779	0.55828	0.86203	0.50341	79.538	-9.8801	-17.989	-1.7615	-1.0122	-3.9431
0.62416	0.78542	0.098763	0.53536	0.80662	0.11531	0.55918	0.71585	0.051823	0.62099	0.86241	0.5137	0.49614	0.86557	0.49584	0.65387	0.91906	0.056216	0.58134	0.9581	0.062172	0.54248	0.91762	0.89668	0.57959	0.79509	0.10778	0.55823	0.86199	0.5034	79.537	-9.8851	-17.991	-1.7738	-1.0137	-3.9354
0.62414	0.78541	0.098763	0.53534	0.80661	0.1153	0.55918	0.71585	0.051813	0.62094	0.86238	0.5137	0.4961	0.86553	0.49582	0.65387	0.91905	0.056227	0.58134	0.95809	0.062188	0.54242	0.91748	0.89668	0.57957	0.79508	0.10776	0.55818	0.86196	0.50338	79.537	-9.8896	-17.993	-1.7873	-1.0157	-3.9303
0.62413	0.78541	0.098763	0.53533	0.80659	0.11527	0.55918	0.71585	0.051803	0.62088	0.86236	0.51369	0.49605	0.86549	0.4958	0.65387	0.91905	0.056235	0.58133	0.95809	0.062207	0.54236	0.91734	0.89668	0.57956	0.79506	0.10775	0.55813	0.86192	0.50337	79.539	-9.8939	-17.994	-1.8022	-1.0178	-3.9271
0.62412	0.7854	0.098762	0.53533	0.80657	0.11523	0.55918	0.71584	0.051793	0.62083	0.86234	0.51368	0.496	0.86546	0.49578	0.65387	0.91905	0.056241	0.58132	0.95808	0.062227	0.54229	0.91721	0.89668	0.57953	0.79504	0.10773	0.55808	0.86189	0.50336	79.542	-9.8987	-17.995	-1.8182	-1.0194	-3.9248
0.6241	0.78539	0.098759	0.53533	0.80655	0.11519	0.55917	0.71584	0.051783	0.62078	0.86232	0.51367	0.49594	0.86543	0.49576	0.65387	0.91904	0.056245	0.58131	0.95808	0.062248	0.54223	0.91709	0.89668	0.57951	0.79501	0.10772	0.55803	0.86186	0.50334	79.546	-9.9045	-17.995	-1.8351	-1.0203	-3.9224
0.62409	0.78538	0.098756	0.53533	0.80653	0.11515	0.55917	0.71583	0.051774	0.62073	0.86232	0.51366	0.49588	0.86541	0.49574	0.65386	0.91904	0.056248	0.5813	0.95808	0.062267	0.54217	0.91697	0.89667	0.57948	0.79499	0.1077	0.55798	0.86184	0.50333	79.552	-9.912	-17.994	-1.8526	-1.02	-3.9191
0.62407	0.78538	0.098752	0.53532	0.80651	0.11512	0.55917	0.71583	0.051765	0.62068	0.86232	0.51365	0.49581	0.8654	0.49571	0.65386	0.91903	0.056252	0.58129	0.95808	0.062284	0.5421	0.91686	0.89667	0.57944	0.79497	0.10769	0.55793	0.86184	0.50331	79.557	-9.9207	-17.99	-1.8707	-1.0188	-3.915
0.62405	0.78537	0.098748	0.5353	0.8065	0.11511	0.55916	0.71582	0.051756	0.62063	0.86233	0.51364	0.49575	0.8654	0.49569	0.65385	0.91903	0.056258	0.58128	0.95808	0.062299	0.54204	0.91675	0.89666	0.5794	0.79496	0.10768	0.55788	0.86183	0.5033	79.564	-9.9299	-17.986	-1.8898	-1.017	-3.9101
0.62404	0.78536	0.098745	0.53527	0.8065	0.1151	0.55916	0.71582	0.051746	0.62058	0.86234	0.51363	0.49569	0.86542	0.49567	0.65384	0.91903	0.056266	0.58127	0.95807	0.062313	0.54198	0.91665	0.89665	0.57936	0.79495	0.10768	0.55783	0.86184	0.50328	79.571	-9.9387	-17.981	-1.9102	-1.0156	-3.9048
0.62402	0.78536	0.098742	0.53523	0.8065	0.11511	0.55916	0.71582	0.051737	0.62053	0.86236	0.51362	0.49564	0.86544	0.49565	0.65384	0.91902	0.056277	0.58127	0.95807	0.062325	0.54192	0.91654	0.89665	0.57933	0.79495	0.10767	0.55779	0.86185	0.50327	79.578	-9.9462	-17.978	-1.932	-1.0152	-3.8995
0.62401	0.78535	0.098739	0.53519	0.80651	0.11512	0.55916	0.71581	0.051726	0.62049	0.86238	0.51361	0.49559	0.86547	0.49563	0.65383	0.91902	0.056289	0.58127	0.95806	0.062336	0.54187	0.91643	0.89666	0.5793	0.79494	0.10766	0.55775	0.86187	0.50325	79.586	-9.9518	-17.975	-1.9548	-1.0156	-3.8947
0.624	0.78534	0.098734	0.53516	0.80652	0.11513	0.55915	0.71581	0.051715	0.62045	0.8624	0.5136	0.49554	0.8655	0.49561	0.65383	0.91902	0.056299	0.58127	0.95806	0.062345	0.54182	0.91632	0.89666	0.57927	0.79494	0.10765	0.55771	0.86189	0.50324	79.594	-9.9553	-17.973	-1.9776	-1.0163	-3.8905
0.62398	0.78534	0.09873	0.53513	0.80652	0.11513	0.55915	0.71581	0.051702	0.62041	0.86242	0.51359	0.4955	0.86554	0.4956	0.65382	0.91902	0.056308	0.58127	0.95805	0.062354	0.54178	0.91622	0.89665	0.57925	0.79494	0.10764	0.55767	0.86191	0.50323	79.602	-9.9567	-17.971	-1.9995	-1.0167	-3.8871
0.62397	0.78533	0.098724	0.53512	0.80652	0.11512	0.55915	0.71581	0.051688	0.62037	0.86244	0.51358	0.49546	0.86556	0.49558	0.65382	0.91901	0.056313	0.58126	0.95805	0.062362	0.54174	0.91614	0.89663	0.57922	0.79494	0.10763	0.55764	0.86192	0.50321	79.612	-9.9558	-17.968	-2.0198	-1.0168	-3.8844
0.62396	0.78532	0.098718	0.53511	0.80651	0.1151	0.55915	0.71581	0.051673	0.62033	0.86246	0.51357	0.49543	0.86558	0.49558	0.65382	0.91901	0.056316	0.58125	0.95804	0.062369	0.54171	0.91607	0.8966	0.57919	0.79493	0.10762	0.55761	0.86193	0.5032	79.622	-9.9527	-17.964	-2.0384	-1.0172	-3.8825
0.62395	0.78531	0.09871	0.53511	0.8065	0.11507	0.55914	0.7158	0.051658	0.6203	0.86247	0.51356	0.49539	0.8656	0.49558	0.65382	0.919	0.056318	0.58125	0.95804	0.062377	0.54168	0.916	0.89656	0.57916	0.79492	0.10761	0.55758	0.86193	0.50318	79.633	-9.9478	-17.961	-2.0556	-1.0181	-3.8814
0.62394	0.7853	0.098703	0.53511	0.8065	0.11504	0.55914	0.7158	0.051643	0.62026	0.86247	0.51355	0.49536	0.86562	0.49558	0.65382	0.919	0.056321	0.58124	0.95803	0.062385	0.54165	0.91595	0.89652	0.57914	0.79491	0.10759	0.55755	0.86193	0.50316	79.644	-9.9415	-17.956	-2.072	-1.0197	-3.8812
0.62392	0.78529	0.098694	0.5351	0.80649	0.11502	0.55914	0.7158	0.05163	0.62023	0.86248	0.51354	0.49533	0.86564	0.49558	0.65382	0.919	0.056325	0.58123	0.95803	0.062395	0.54162	0.91588	0.89648	0.57912	0.7949	0.10758	0.55753	0.86193	0.50315	79.655	-9.9349	-17.952	-2.0882	-1.0216	-3.8815
0.62391	0.78527	0.098686	0.53509	0.80649	0.11501	0.55914	0.71579	0.051617	0.6202	0.86248	0.51353	0.49531	0.86565	0.49558	0.65382	0.91899	0.056332	0.58123	0.95802	0.062406	0.54159	0.91582	0.89644	0.5791	0.79488	0.10757	0.55751	0.86192	0.50314	79.665	-9.9293	-17.946	-2.1044	-1.0233	-3.8821
0.6239	0.78526	0.098677	0.53507	0.80649	0.11501	0.55914	0.71579	0.051606	0.62018	0.86248	0.51352	0.49529	0.86566	0.49559	0.65382	0.91898	0.056341	0.58122	0.95801	0.062419	0.54156	0.91574	0.89642	0.57908	0.79487	0.10756	0.55749	0.86192	0.50313	79.673	-9.9257	-17.941	-2.1204	-1.0244	-3.8823
0.62389	0.78525	0.098667	0.53506	0.80649	0.11501	0.55914	0.71579	0.051596	0.62016	0.86249	0.51351	0.49528	0.86567	0.49559	0.65382	0.91897	0.056352	0.58122	0.95801	0.062432	0.54154	0.91567	0.89641	0.57906	0.79486	0.10755	0.55747	0.86192	0.50312	79.68	-9.9247	-17.936	-2.1361	-1.025	-3.8819
0.62388	0.78524	0.098657	0.53504	0.80649	0.11501	0.55914	0.71578	0.051587	0.62014	0.86249	0.5135	0.49526	0.86567	0.49559	0.65383	0.91897	0.056363	0.58122	0.958	0.062443	0.54151	0.91559	0.8964	0.57905	0.79486	0.10754	0.55746	0.86191	0.50311	79.686	-9.9255	-17.932	-2.1518	-1.0254	-3.8816
0.62387	0.78523	0.098649	0.53503	0.80649	0.11501	0.55913	0.71578	0.051578	0.62011	0.8625	0.51349	0.49524	0.86568	0.4956	0.65383	0.91896	0.056371	0.58122	0.958	0.062453	0.54148	0.91551	0.89639	0.57903	0.79485	0.10753	0.55744	0.86191	0.5031	79.693	-9.9271	-17.929	-2.1676	-1.0263	-3.8824
0.62387	0.78523	0.098641	0.53502	0.80648	0.115	0.55913	0.71578	0.051571	0.62009	0.8625	0.51348	0.49523	0.86568	0.4956	0.65383	0.91895	0.056376	0.58122	0.95799	0.062461	0.54146	0.91544	0.89639	0.57901	0.79483	0.10752	0.55742	0.86191	0.50309	79.699	-9.9281	-17.927	-2.1836	-1.0277	-3.8847
0.62386	0.78523	0.098634	0.53501	0.80648	0.11498	0.55912	0.71577	0.051564	0.62006	0.86251	0.51346	0.49521	0.86569	0.49561	0.65383	0.91895	0.056377	0.58122	0.95798	0.062466	0.54144	0.91537	0.89639	0.57899	0.79482	0.1075	0.5574	0.86191	0.50308	79.706	-9.9278	-17.926	-2.1995	-1.0293	-3.8887
0.62386	0.78522	0.098626	0.53501	0.80648	0.11495	0.55912	0.71577	0.051557	0.62004	0.86252	0.51345	0.49519	0.86569	0.49561	0.65383	0.91895	0.056376	0.58122	0.95798	0.06247	0.54142	0.91531	0.89639	0.57897	0.79481	0.10749	0.55738	0.86191	0.50308	79.712	-9.9257	-17.926	-2.2146	-1.0307	-3.8938
0.62385	0.78522	0.098619	0.53501	0.80648	0.11493	0.55912	0.71576	0.05155	0.62002	0.86252	0.51344	0.49517	0.8657	0.49561	0.65383	0.91895	0.056374	0.58123	0.95797	0.062473	0.5414	0.91526	0.89638	0.57896	0.7948	0.10748	0.55737	0.86191	0.50307	79.718	-9.922	-17.928	-2.2283	-1.0316	-3.8993
0.62385	0.78522	0.098611	0.53501	0.80647	0.11491	0.55911	0.71576	0.051543	0.62001	0.86252	0.51343	0.49516	0.8657	0.4956	0.65383	0.91894	0.056373	0.58123	0.95797	0.062476	0.54139	0.91521	0.89638	0.57895	0.79479	0.10747	0.55736	0.8619	0.50306	79.723	-9.9174	-17.929	-2.2401	-1.0323	-3.9046
0.62384	0.78522	0.098604	0.53501	0.80647	0.1149	0.55911	0.71576	0.051535	0.62	0.86252	0.51342	0.49516	0.8657	0.4956	0.65383	0.91894	0.056374	0.58123	0.95796	0.062478	0.54138	0.91516	0.89637	0.57894	0.79478	0.10746	0.55735	0.8619	0.50305	79.727	-9.9132	-17.931	-2.2497	-1.0326	-3.909
0.62383	0.78521	0.098597	0.535	0.80646	0.1149	0.55911	0.71575	0.051529	0.61999	0.86252	0.51341	0.49515	0.86569	0.4956	0.65384	0.91894	0.056378	0.58123	0.95796	0.062481	0.54137	0.91512	0.89636	0.57893	0.79479	0.10745	0.55734	0.86191	0.50304	79.729	-9.9109	-17.931	-2.2574	-1.0327	-3.9126
0.62382	0.78521	0.09859	0.53498	0.80646	0.11491	0.55911	0.71575	0.051523	0.61998	0.86253	0.51341	0.49515	0.86569	0.49559	0.65384	0.91894	0.056384	0.58123	0.95796	0.062483	0.54137	0.91508	0.89635	0.57893	0.7948	0.10744	0.55734	0.86191	0.50304	79.73	-9.9117	-17.93	-2.2634	-1.033	-3.9154
0.6238	0.7852	0.098585	0.53496	0.80646	0.11492	0.55911	0.71575	0.051519	0.61998	0.86254	0.51341	0.49514	0.86569	0.49559	0.65383	0.91893	0.05639	0.58124	0.95795	0.062484	0.54136	0.91504	0.89635	0.57892	0.79481	0.10744	0.55734	0.86192	0.50304	79.73	-9.9151	-17.928	-2.2686	-1.0334	-3.9181
0.62379	0.78519	0.098582	0.53493	0.80646	0.11494	0.55911	0.71575	0.051517	0.61997	0.86255	0.51341	0.49514	0.86569	0.49558	0.65383	0.91893	0.056395	0.58124	0.95795	0.062484	0.54137	0.91499	0.89635	0.57891	0.79483	0.10744	0.55733	0.86193	0.50304	79.73	-9.9197	-17.925	-2.2745	-1.0344	-3.9215
0.62379	0.78519	0.098581	0.53491	0.80647	0.11495	0.55911	0.71575	0.051516	0.61996	0.86257	0.51341	0.49513	0.8657	0.49558	0.65382	0.91893	0.056399	0.58124	0.95795	0.062484	0.54137	0.91495	0.89635	0.57891	0.79484	0.10744	0.55733	0.86195	0.50303	79.73	-9.924	-17.922	-2.282	-1.0357	-3.9257
0.62378	0.78519	0.098584	0.5349	0.80647	0.11495	0.55911	0.71576	0.051516	0.61996	0.8626	0.51341	0.49513	0.86571	0.49558	0.65382	0.91894	0.056399	0.58124	0.95795	0.062485	0.54139	0.9149	0.89636	0.5789	0.79485	0.10744	0.55733	0.86197	0.50303	79.731	-9.9274	-17.92	-2.2914	-1.0371	-3.93
0.62378	0.78519	0.098588	0.53491	0.80647	0.11494	0.55911	0.71576	0.051517	0.61997	0.86262	0.5134	0.49512	0.86572	0.49558	0.65382	0.91894	0.056397	0.58124	0.95795	0.062486	0.54141	0.91484	0.89638	0.5789	0.79485	0.10744	0.55733	0.86199	0.50303	79.733	-9.9298	-17.919	-2.3023	-1.038	-3.9338
0.62378	0.78519	0.098592	0.53493	0.80647	0.11492	0.55911	0.71576	0.051518	0.61998	0.86263	0.5134	0.49512	0.86573	0.49557	0.65382	0.91894	0.056391	0.58123	0.95796	0.062487	0.54143	0.91479	0.8964	0.57889	0.79485	0.10744	0.55733	0.86201	0.50303	79.735	-9.932	-17.918	-2.3136	-1.0384	-3.9363
0.62378	0.7852	0.098595	0.53495	0.80647	0.11489	0.55911	0.71576	0.051518	0.61999	0.86264	0.51339	0.49512	0.86573	0.49557	0.65382	0.91894	0.056385	0.58123	0.95796	0.062488	0.54146	0.91474	0.89643	0.57889	0.79485	0.10744	0.55734	0.86202	0.50303	79.737	-9.9338	-17.918	-2.3241	-1.0382	-3.9382
0.62378	0.7852	0.098597	0.53497	0.80647	0.11488	0.55911	0.71576	0.051518	0.62	0.86264	0.51338	0.49513	0.86574	0.49557	0.65382	0.91895	0.056378	0.58123	0.95797	0.062489	0.5415	0.91468	0.89645	0.57889	0.79484	0.10744	0.55735	0.86203	0.50303	79.738	-9.9355	-17.917	-2.3325	-1.0378	-3.9399
0.62378	0.7852	0.098599	0.53498	0.80647	0.11487	0.55911	0.71577	0.051517	0.62002	0.86264	0.51338	0.49513	0.86573	0.49557	0.65383	0.91895	0.056374	0.58122	0.95798	0.062489	0.54153	0.91463	0.89647	0.57889	0.79485	0.10744	0.55736	0.86203	0.50304	79.737	-9.9372	-17.914	-2.338	-1.0374	-3.9419
0.62378	0.7852	0.0986	0.53499	0.80647	0.11487	0.55911	0.71577	0.051517	0.62003	0.86263	0.51338	0.49513	0.86572	0.49557	0.65383	0.91895	0.056374	0.58122	0.95798	0.062489	0.54156	0.91458	0.89649	0.57888	0.79486	0.10744	0.55737	0.86202	0.50304	79.735	-9.9392	-17.91	-2.3406	-1.0371	-3.9448
0.62377	0.7852	0.098601	0.53499	0.80648	0.11487	0.55911	0.71577	0.051519	0.62005	0.86261	0.51338	0.49514	0.8657	0.49557	0.65382	0.91895	0.056377	0.58121	0.95798	0.062487	0.54158	0.91453	0.89651	0.57888	0.79487	0.10744	0.55739	0.862	0.50305	79.731	-9.9415	-17.904	-2.3402	-1.0369	-3.9488
0.62377	0.7852	0.098601	0.53498	0.80648	0.11489	0.55911	0.71577	0.05152	0.62006	0.86259	0.51338	0.49514	0.86568	0.49558	0.65382	0.91895	0.056382	0.5812	0.95798	0.062486	0.54161	0.91448	0.89653	0.57888	0.79488	0.10744	0.5574	0.86199	0.50306	79.725	-9.9442	-17.898	-2.3377	-1.0369	-3.9532
0.62377	0.7852	0.098599	0.53497	0.80648	0.1149	0.55911	0.71577	0.051521	0.62007	0.86257	0.51338	0.49515	0.86565	0.49558	0.65382	0.91895	0.056389	0.5812	0.95798	0.062484	0.54163	0.91443	0.89653	0.57888	0.7949	0.10745	0.55741	0.86196	0.50306	79.72	-9.947	-17.894	-2.3342	-1.037	-3.9574
0.62377	0.7852	0.098595	0.53496	0.80649	0.11491	0.55911	0.71577	0.051522	0.62009	0.86254	0.51339	0.49516	0.86562	0.49559	0.65382	0.91895	0.056393	0.5812	0.95798	0.062482	0.54166	0.91439	0.89654	0.57889	0.7949	0.10745	0.55743	0.86193	0.50307	79.715	-9.9499	-17.892	-2.3308	-1.0371	-3.9606
0.62377	0.7852	0.098591	0.53496	0.80649	0.11491	0.55911	0.71577	0.051523	0.6201	0.86252	0.51339	0.49518	0.86559	0.49559	0.65382	0.91895	0.056395	0.5812	0.95798	0.062479	0.54168	0.91435	0.89654	0.57889	0.7949	0.10745	0.55744	0.8619	0.50307	79.711	-9.9528	-17.893	-2.3281	-1.0369	-3.9624
0.62377	0.7852	0.098586	0.53497	0.80649	0.1149	0.55911	0.71577	0.051523	0.62012	0.86249	0.51339	0.49519	0.86555	0.4956	0.65382	0.91895	0.056393	0.5812	0.95798	0.062478	0.54171	0.91432	0.89654	0.57889	0.79489	0.10745	0.55746	0.86187	0.50307	79.709	-9.9554	-17.895	-2.3262	-1.0363	-3.9627
0.62377	0.7852	0.098581	0.53498	0.80648	0.11489	0.55911	0.71577	0.051524	0.62014	0.86246	0.51339	0.49521	0.86552	0.49561	0.65383	0.91895	0.056388	0.5812	0.95798	0.062476	0.54175	0.91428	0.89653	0.57889	0.79488	0.10744	0.55748	0.86184	0.50307	79.706	-9.9578	-17.899	-2.3252	-1.0352	-3.9623
0.62377	0.78519	0.098576	0.53499	0.80648	0.11487	0.55911	0.71576	0.051524	0.62016	0.86243	0.51339	0.49523	0.86548	0.49561	0.65383	0.91895	0.056381	0.58121	0.95798	0.062476	0.54178	0.91424	0.89653	0.57889	0.79487	0.10744	0.5575	0.8618	0.50307	79.704	-9.9595	-17.904	-2.3249	-1.0339	-3.9619
0.62377	0.78519	0.098573	0.535	0.80648	0.11486	0.5591	0.71576	0.051523	0.62017	0.8624	0.51339	0.49525	0.86545	0.49562	0.65383	0.91895	0.056374	0.58121	0.95798	0.062475	0.54181	0.9142	0.89653	0.57889	0.79486	0.10743	0.55752	0.86177	0.50307	79.702	-9.9612	-17.908	-2.3247	-1.0329	-3.9618
0.62377	0.78519	0.098571	0.535	0.80648	0.11485	0.5591	0.71576	0.051523	0.62018	0.86237	0.51339	0.49527	0.86542	0.49563	0.65383	0.91895	0.056368	0.58122	0.95798	0.062473	0.54184	0.91415	0.89654	0.5789	0.79485	0.10742	0.55754	0.86174	0.50308	79.699	-9.9642	-17.911	-2.3239	-1.0321	-3.9618
0.62377	0.78519	0.098572	0.53499	0.80648	0.11484	0.5591	0.71576	0.051521	0.6202	0.86234	0.51338	0.4953	0.86538	0.49564	0.65383	0.91895	0.056366	0.58122	0.95798	0.062471	0.54187	0.9141	0.89655	0.5789	0.79485	0.10742	0.55756	0.86171	0.50308	79.695	-9.9696	-17.909	-2.322	-1.0313	-3.9613
0.62377	0.78519	0.098573	0.53499	0.80647	0.11485	0.5591	0.71576	0.051518	0.62021	0.86232	0.51338	0.49532	0.86535	0.49564	0.65382	0.91895	0.056367	0.58123	0.95797	0.062469	0.54189	0.91405	0.89655	0.5789	0.79486	0.10742	0.55758	0.86167	0.50308	79.69	-9.9777	-17.903	-2.3191	-1.0303	-3.9602
0.62378	0.78519	0.098575	0.53497	0.80647	0.11487	0.5591	0.71576	0.051514	0.62023	0.86229	0.51338	0.49534	0.86532	0.49564	0.65382	0.91895	0.05637	0.58124	0.95797	0.062469	0.54192	0.914	0.89655	0.5789	0.79487	0.10741	0.5576	0.86165	0.50308	79.686	-9.9874	-17.894	-2.3158	-1.029	-3.9587
0.62378	0.78518	0.098576	0.53496	0.80647	0.11489	0.5591	0.71576	0.051509	0.62025	0.86227	0.51338	0.49537	0.86529	0.49564	0.65381	0.91895	0.056373	0.58125	0.95796	0.062469	0.54194	0.91395	0.89655	0.5789	0.79488	0.10741	0.55761	0.86162	0.50308	79.683	-9.9973	-17.883	-2.3128	-1.0275	-3.9573
0.62378	0.78518	0.098575	0.53494	0.80646	0.11491	0.5591	0.71576	0.051504	0.62026	0.86225	0.51338	0.49538	0.86527	0.49565	0.65381	0.91895	0.056377	0.58125	0.95796	0.06247	0.54196	0.9139	0.89655	0.5789	0.79488	0.10741	0.55763	0.8616	0.50308	79.68	-10.006	-17.873	-2.3113	-1.0257	-3.956
0.62378	0.78519	0.09857	0.53493	0.80646	0.11492	0.5591	0.71576	0.051499	0.62028	0.86224	0.51338	0.4954	0.86525	0.49565	0.65381	0.91894	0.056379	0.58126	0.95796	0.062472	0.54198	0.91386	0.89654	0.5789	0.79488	0.10741	0.55765	0.86158	0.50308	79.68	-10.014	-17.865	-2.3118	-1.0239	-3.9554
0.62378	0.78519	0.098562	0.53492	0.80646	0.11493	0.5591	0.71576	0.051493	0.62029	0.86223	0.51338	0.49541	0.86523	0.49565	0.65381	0.91894	0.056379	0.58125	0.95796	0.062474	0.542	0.91382	0.89653	0.57889	0.79488	0.1074	0.55766	0.86157	0.50308	79.681	-10.02	-17.858	-2.3148	-1.0226	-3.9555
0.62378	0.78519	0.098552	0.53492	0.80645	0.11492	0.55909	0.71576	0.051489	0.6203	0.86222	0.51337	0.49541	0.86522	0.49565	0.65381	0.91894	0.056378	0.58125	0.95796	0.062476	0.54201	0.91377	0.89653	0.57889	0.79487	0.10739	0.55767	0.86155	0.50307	79.683	-10.023	-17.854	-2.32	-1.022	-3.9569
0.62378	0.78518	0.098541	0.53492	0.80645	0.1149	0.55909	0.71576	0.051485	0.62031	0.86221	0.51336	0.49542	0.8652	0.49565	0.65381	0.91895	0.056375	0.58125	0.95796	0.062478	0.54203	0.91373	0.89653	0.57889	0.79485	0.10738	0.55767	0.86153	0.50307	79.686	-10.026	-17.852	-2.3265	-1.022	-3.9596
0.62377	0.78518	0.098529	0.53493	0.80644	0.11489	0.55909	0.71576	0.051482	0.62031	0.8622	0.51335	0.49542	0.86518	0.49566	0.65381	0.91895	0.056372	0.58124	0.95796	0.062481	0.54204	0.91368	0.89653	0.57888	0.79483	0.10737	0.55768	0.86151	0.50307	79.69	-10.027	-17.851	-2.3333	-1.0222	-3.9633
0.62377	0.78518	0.098518	0.53494	0.80644	0.11487	0.55909	0.71575	0.051479	0.62032	0.86218	0.51334	0.49543	0.86516	0.49566	0.65381	0.91895	0.056371	0.58124	0.95796	0.062483	0.54205	0.91364	0.89653	0.57888	0.79481	0.10736	0.55768	0.8615	0.50306	79.693	-10.028	-17.851	-2.3392	-1.0223	-3.9676
0.62376	0.78517	0.098507	0.53494	0.80644	0.11485	0.55909	0.71575	0.051476	0.62032	0.86217	0.51333	0.49543	0.86514	0.49567	0.65381	0.91895	0.056373	0.58123	0.95796	0.062485	0.54206	0.9136	0.89653	0.57888	0.7948	0.10735	0.55769	0.86148	0.50306	79.694	-10.03	-17.85	-2.3436	-1.022	-3.9718
0.62375	0.78517	0.098497	0.53494	0.80643	0.11485	0.55909	0.71575	0.051472	0.62033	0.86216	0.51332	0.49544	0.86511	0.49568	0.65381	0.91894	0.056379	0.58123	0.95796	0.062487	0.54208	0.91355	0.89653	0.57887	0.7948	0.10735	0.5577	0.86146	0.50306	79.695	-10.033	-17.848	-2.3464	-1.0214	-3.9751
0.62374	0.78516	0.098489	0.53493	0.80642	0.11485	0.55909	0.71575	0.051467	0.62033	0.86215	0.51332	0.49545	0.86509	0.49568	0.65381	0.91894	0.056389	0.58122	0.95796	0.062489	0.54209	0.91351	0.89653	0.57887	0.7948	0.10734	0.55771	0.86145	0.50305	79.694	-10.037	-17.845	-2.348	-1.0203	-3.977
0.62373	0.78515	0.098485	0.53492	0.80642	0.11486	0.55909	0.71574	0.051462	0.62034	0.86215	0.51331	0.49546	0.86507	0.49568	0.65382	0.91894	0.056399	0.58122	0.95796	0.062492	0.54211	0.91346	0.89653	0.57886	0.79481	0.10734	0.55771	0.86144	0.50305	79.693	-10.042	-17.841	-2.3495	-1.019	-3.9771
0.62372	0.78514	0.098483	0.53491	0.80641	0.11486	0.55909	0.71574	0.051456	0.62035	0.86215	0.5133	0.49547	0.86506	0.49568	0.65381	0.91894	0.056408	0.58121	0.95796	0.062495	0.54213	0.91342	0.89653	0.57885	0.79482	0.10734	0.55772	0.86143	0.50304	79.692	-10.048	-17.837	-2.3523	-1.0179	-3.9761
0.62372	0.78514	0.098483	0.5349	0.80641	0.11486	0.55909	0.71574	0.051451	0.62035	0.86215	0.51329	0.49547	0.86506	0.49568	0.65381	0.91893	0.056414	0.58121	0.95796	0.062498	0.54215	0.91337	0.89654	0.57884	0.79483	0.10734	0.55773	0.86143	0.50304	79.691	-10.054	-17.834	-2.3576	-1.0172	-3.9746
0.62372	0.78513	0.098485	0.5349	0.80641	0.11485	0.55909	0.71574	0.051447	0.62035	0.86216	0.51329	0.49547	0.86506	0.49568	0.65381	0.91893	0.056415	0.5812	0.95796	0.062501	0.54217	0.91332	0.89654	0.57883	0.79482	0.10734	0.55773	0.86144	0.50303	79.693	-10.059	-17.832	-2.366	-1.0171	-3.974
0.62372	0.78513	0.098489	0.53491	0.8064	0.11484	0.55909	0.71574	0.051444	0.62035	0.86217	0.51328	0.49547	0.86506	0.49567	0.6538	0.91893	0.056413	0.5812	0.95796	0.062503	0.54219	0.91327	0.89655	0.57882	0.79481	0.10733	0.55773	0.86144	0.50302	79.697	-10.064	-17.831	-2.3768	-1.0178	-3.9746
0.62372	0.78513	0.098495	0.53492	0.8064	0.11482	0.55909	0.71574	0.051442	0.62035	0.86218	0.51327	0.49548	0.86505	0.49567	0.6538	0.91893	0.056408	0.5812	0.95795	0.062506	0.54221	0.91322	0.89655	0.57881	0.7948	0.10733	0.55773	0.86144	0.50301	79.701	-10.068	-17.833	-2.3883	-1.019	-3.976
0.62372	0.78513	0.098501	0.53493	0.80639	0.1148	0.5591	0.71574	0.05144	0.62035	0.86219	0.51326	0.49549	0.86504	0.49567	0.6538	0.91893	0.056403	0.5812	0.95795	0.062509	0.54223	0.91318	0.89655	0.57881	0.79478	0.10732	0.55774	0.86143	0.50301	79.705	-10.071	-17.837	-2.3985	-1.021	-3.9774
0.62372	0.78513	0.098507	0.53494	0.80639	0.11479	0.5591	0.71574	0.051437	0.62036	0.86219	0.51326	0.4955	0.86502	0.49567	0.65381	0.91893	0.056399	0.5812	0.95794	0.062512	0.54224	0.91314	0.89655	0.57881	0.79476	0.10731	0.55775	0.86142	0.503	79.707	-10.074	-17.842	-2.406	-1.0237	-3.9781
0.62373	0.78514	0.098513	0.53495	0.80639	0.11479	0.5591	0.71574	0.051433	0.62036	0.86218	0.51325	0.49551	0.865	0.49568	0.65381	0.91892	0.056399	0.5812	0.95794	0.062515	0.54226	0.9131	0.89654	0.57882	0.79475	0.1073	0.55776	0.8614	0.503	79.707	-10.077	-17.847	-2.4105	-1.0268	-3.978
0.62373	0.78514	0.098517	0.53494	0.80638	0.11479	0.55911	0.71574	0.051428	0.62037	0.86217	0.51325	0.49552	0.86498	0.49568	0.65381	0.91892	0.056402	0.58121	0.95794	0.062518	0.54227	0.91306	0.89655	0.57883	0.79475	0.1073	0.55777	0.86139	0.50299	79.706	-10.082	-17.85	-2.4125	-1.03	-3.9771
0.62373	0.78514	0.098521	0.53493	0.80638	0.11481	0.55911	0.71574	0.051422	0.62038	0.86216	0.51325	0.49552	0.86496	0.49568	0.65381	0.91892	0.056409	0.58122	0.95793	0.062518	0.54228	0.91302	0.89655	0.57885	0.79475	0.1073	0.55778	0.86137	0.50299	79.703	-10.088	-17.851	-2.4128	-1.033	-3.9761
0.62373	0.78514	0.098522	0.53492	0.80638	0.11482	0.55911	0.71574	0.051417	0.62039	0.86214	0.51325	0.49553	0.86494	0.49569	0.65381	0.91891	0.056418	0.58123	0.95792	0.062517	0.54229	0.91297	0.89655	0.57885	0.79476	0.1073	0.55779	0.86135	0.50299	79.7	-10.093	-17.85	-2.4125	-1.0355	-3.9753
0.62373	0.78514	0.098521	0.53491	0.80637	0.11483	0.5591	0.71574	0.051412	0.6204	0.86213	0.51325	0.49554	0.86493	0.49569	0.65381	0.91891	0.056426	0.58124	0.95792	0.062515	0.5423	0.91292	0.89656	0.57885	0.79477	0.1073	0.5578	0.86134	0.50299	79.697	-10.097	-17.847	-2.4126	-1.0375	-3.9748
0.62374	0.78513	0.098518	0.5349	0.80637	0.11484	0.5591	0.71574	0.051409	0.6204	0.86211	0.51325	0.49554	0.86493	0.49569	0.6538	0.91891	0.056431	0.58125	0.95791	0.062511	0.54232	0.91288	0.89656	0.57886	0.79477	0.10729	0.5578	0.86133	0.50299	79.695	-10.099	-17.845	-2.4143	-1.0392	-3.9747
0.62374	0.78513	0.098513	0.5349	0.80637	0.11483	0.5591	0.71573	0.051405	0.62041	0.8621	0.51324	0.49554	0.86492	0.4957	0.6538	0.9189	0.056431	0.58125	0.95791	0.062508	0.54233	0.91284	0.89656	0.57885	0.79477	0.10729	0.55781	0.86132	0.50299	79.696	-10.099	-17.842	-2.4181	-1.0403	-3.9756
0.62375	0.78512	0.098508	0.5349	0.80636	0.11481	0.5591	0.71573	0.051402	0.62041	0.8621	0.51323	0.49555	0.86492	0.4957	0.6538	0.9189	0.056428	0.58126	0.9579	0.062506	0.54235	0.9128	0.89655	0.57885	0.79476	0.10728	0.55782	0.86131	0.50298	79.698	-10.098	-17.84	-2.424	-1.0409	-3.9774
0.62375	0.78512	0.098504	0.53491	0.80635	0.11478	0.5591	0.71573	0.051398	0.62042	0.86209	0.51322	0.49556	0.86491	0.4957	0.6538	0.9189	0.056421	0.58126	0.9579	0.062504	0.54238	0.91277	0.89654	0.57885	0.79474	0.10727	0.55782	0.86131	0.50297	79.703	-10.096	-17.838	-2.4315	-1.0411	-3.9799
0.62375	0.78512	0.098501	0.53492	0.80634	0.11475	0.5591	0.71573	0.051393	0.62043	0.8621	0.51321	0.49556	0.86491	0.4957	0.6538	0.9189	0.056414	0.58126	0.9579	0.062505	0.5424	0.91275	0.89653	0.57884	0.79473	0.10726	0.55783	0.86131	0.50296	79.708	-10.095	-17.836	-2.4397	-1.0409	-3.9822
0.62375	0.78511	0.098499	0.53493	0.80634	0.11473	0.5591	0.71573	0.051388	0.62043	0.86211	0.51319	0.49557	0.86491	0.49571	0.6538	0.9189	0.056408	0.58126	0.9579	0.062508	0.54242	0.91273	0.89651	0.57883	0.79472	0.10726	0.55783	0.86131	0.50295	79.714	-10.095	-17.834	-2.4478	-1.0403	-3.9839
0.62374	0.7851	0.098496	0.53493	0.80633	0.11472	0.55909	0.71572	0.051382	0.62043	0.86212	0.51319	0.49557	0.86492	0.49571	0.65381	0.9189	0.056405	0.58126	0.9579	0.062512	0.54244	0.9127	0.8965	0.57882	0.79471	0.10725	0.55784	0.86132	0.50295	79.718	-10.097	-17.831	-2.4553	-1.0395	-3.9844
0.62373	0.78509	0.098494	0.53492	0.80633	0.11471	0.55909	0.71572	0.051376	0.62043	0.86213	0.51318	0.49558	0.86493	0.49571	0.65381	0.9189	0.056406	0.58126	0.95789	0.062518	0.54245	0.91268	0.89649	0.57881	0.79471	0.10725	0.55784	0.86132	0.50294	79.722	-10.101	-17.828	-2.4622	-1.0386	-3.9837
0.62371	0.78508	0.098491	0.53491	0.80632	0.11472	0.55909	0.71571	0.05137	0.62043	0.86214	0.51318	0.49558	0.86493	0.49571	0.6538	0.9189	0.056412	0.58127	0.95789	0.062526	0.54245	0.91265	0.89648	0.57879	0.79472	0.10725	0.55784	0.86133	0.50294	79.725	-10.107	-17.824	-2.4687	-1.0375	-3.9816
0.62368	0.78506	0.098488	0.53489	0.80632	0.11473	0.55908	0.71571	0.051363	0.62042	0.86214	0.51318	0.49559	0.86494	0.49572	0.6538	0.91891	0.056422	0.58127	0.95788	0.062533	0.54245	0.91262	0.89647	0.57877	0.79472	0.10725	0.55784	0.86134	0.50293	79.727	-10.115	-17.821	-2.4747	-1.0363	-3.9781
0.62365	0.78504	0.098485	0.53487	0.80632	0.11474	0.55907	0.7157	0.051355	0.62041	0.86214	0.51318	0.49559	0.86494	0.49573	0.6538	0.91891	0.056433	0.58129	0.95787	0.062541	0.54245	0.91258	0.89647	0.57876	0.79473	0.10725	0.55783	0.86134	0.50293	79.728	-10.123	-17.817	-2.4807	-1.035	-3.974
