1.5362	-3.4387	77.383	0.5169	0.88233	0.013937	0.55421	0.8773	0.079742	0.4877	0.83979	0.028469	0.57715	0.75326	0.48004	0.45074	0.77346	0.48201	0.58035	0.97608	0.067123	0.51797	1.0175	0.10592	0.52334	0.59858	0.83423	0.50836	0.88174	0.090192	0.5154	0.76337	0.4759	78.017	-9.3233	-18.081	-0.060353	0.71078	-0.39567	-7.9923	-2.3049	-3.1332	-7.671	-0.50052	-0.63709	-19.65	-0.1813	0.23396
0.97672	-9.0955	118.99	0.52108	0.89434	0.014028	0.55464	0.88511	0.07851	0.48861	0.8464	0.028012	0.57715	0.76232	0.47891	0.45056	0.78137	0.48033	0.57993	0.98378	0.064686	0.51723	1.0252	0.10283	0.52356	0.60925	0.83344	0.50877	0.88929	0.088431	0.51531	0.77182	0.47459	77.262	-9.7255	-18.062	-0.42874	1.4241	-0.57693	-7.8249	-2.3177	-2.8286	-10.245	-0.54172	-0.91578	-26.886	-0.67588	-0.11028
0.06833	-16.672	169.31	0.52382	0.90254	0.014089	0.55501	0.89193	0.077194	0.48943	0.85182	0.027766	0.57723	0.77143	0.47793	0.45047	0.78935	0.47874	0.57954	0.99032	0.061716	0.51656	1.0321	0.099018	0.52383	0.62003	0.83276	0.50913	0.89594	0.086524	0.51527	0.78036	0.47341	76.345	-10.238	-18.017	-0.62677	2.3885	-0.77383	-7.7846	-2.319	-2.5125	-12.734	-0.45919	-1.2183	-34.703	-1.3	-0.5507
-1.2746	-26.371	227.68	0.52588	0.90894	0.014137	0.55532	0.89785	0.075852	0.49015	0.8562	0.027757	0.57737	0.78061	0.4771	0.45045	0.79741	0.47727	0.57922	0.9958	0.058325	0.51599	1.0382	0.094577	0.52417	0.63088	0.83222	0.50943	0.90182	0.084551	0.51529	0.78898	0.47239	75.271	-10.859	-17.944	-0.74903	3.6251	-0.96848	-7.8572	-2.309	-2.1918	-14.721	-0.23345	-1.5117	-42.207	-2.1224	-1.1435
-3.1503	-38.309	292.4	0.52761	0.91448	0.014178	0.55556	0.903	0.07454	0.49078	0.85972	0.02799	0.57756	0.78985	0.47645	0.4505	0.80556	0.47597	0.57899	1.0003	0.054654	0.51555	1.0436	0.089646	0.52457	0.6418	0.83183	0.50968	0.90705	0.082593	0.51536	0.79769	0.47153	74.059	-11.581	-17.841	-0.78397	5.1239	-1.1415	-8.0291	-2.2886	-1.8691	-15.93	0.12278	-1.7663	-48.897	-3.1731	-1.8833
-5.6946	-52.505	361.42	0.52919	0.91963	0.014216	0.55575	0.90747	0.073309	0.4913	0.86252	0.028448	0.57778	0.79915	0.476	0.4506	0.8138	0.47489	0.57888	1.004	0.050867	0.51525	1.0484	0.084389	0.52505	0.65276	0.8316	0.50985	0.91176	0.080726	0.51546	0.80649	0.47086	72.751	-12.392	-17.708	-0.813	6.8743	-1.266	-8.289	-2.259	-1.5415	-16.03	0.55489	-1.9407	-54.04	-4.5514	-2.8165
-9.0136	-68.857	433.31	0.53071	0.92459	0.014253	0.55587	0.91138	0.072194	0.49173	0.86475	0.029092	0.57803	0.80852	0.47575	0.45075	0.82214	0.47405	0.57888	1.007	0.047132	0.51504	1.0526	0.078993	0.52563	0.66374	0.83155	0.50993	0.91601	0.079013	0.51559	0.81539	0.47041	71.406	-13.273	-17.544	-0.90767	8.8721	-1.3147	-8.6291	-2.2219	-1.2012	-14.851	0.99	-1.9973	-57.265	-6.3577	-3.9742
-13.071	-87.086	506.89	0.53219	0.92943	0.014289	0.55593	0.91478	0.07122	0.49207	0.86652	0.029875	0.57829	0.81795	0.47572	0.45091	0.8306	0.47351	0.57898	1.0094	0.043605	0.51491	1.0563	0.073639	0.5263	0.67473	0.83169	0.50989	0.91987	0.077498	0.51574	0.82436	0.47018	70.094	-14.202	-17.346	-1.1271	11.112	-1.2605	-9.0452	-2.1804	-0.83873	-12.34	1.3867	-1.9079	-58.452	-8.6227	-5.3364
-17.653	-106.69	581.11	0.53359	0.93412	0.014324	0.55591	0.91776	0.070399	0.49234	0.86794	0.03074	0.57854	0.82742	0.4759	0.45109	0.83918	0.47328	0.57914	1.0113	0.040407	0.51479	1.0596	0.068494	0.52708	0.68571	0.83203	0.50974	0.92335	0.076203	0.5159	0.83342	0.47018	68.884	-15.153	-17.115	-1.516	13.578	-1.0788	-9.535	-2.1392	-0.44621	-8.5333	1.7566	-1.6558	-57.659	-11.28	-6.8234
-22.4	-127	655.06	0.53486	0.93859	0.014357	0.55582	0.92035	0.069736	0.49254	0.86906	0.031634	0.57878	0.83691	0.47626	0.45126	0.84786	0.47336	0.57932	1.0128	0.037624	0.51463	1.0624	0.063699	0.52797	0.69668	0.83255	0.50945	0.92646	0.075133	0.51606	0.84253	0.47042	67.841	-16.102	-16.847	-2.0914	16.242	-0.75069	-10.095	-2.1043	-0.021182	-3.5565	2.1613	-1.2389	-55.132	-14.176	-8.31
-26.879	-147.24	727.68	0.53594	0.94275	0.014387	0.55565	0.9226	0.069225	0.49267	0.86995	0.03251	0.579	0.84638	0.47678	0.45142	0.85661	0.47374	0.57949	1.0139	0.035298	0.51441	1.0649	0.059357	0.52897	0.70762	0.83325	0.50904	0.92918	0.074278	0.51623	0.85166	0.47086	67.014	-17.024	-16.541	-2.8429	19.045	-0.26447	-10.72	-2.0807	0.43095	2.4437	2.6873	-0.66599	-51.131	-17.107	-9.6608
-30.719	-166.62	797.72	0.53681	0.94653	0.014414	0.55541	0.92453	0.068857	0.49275	0.87065	0.033331	0.57919	0.85579	0.47742	0.45157	0.8654	0.47438	0.57962	1.0148	0.033439	0.51409	1.0669	0.05554	0.53009	0.71854	0.83413	0.5085	0.93152	0.073626	0.51638	0.86077	0.47147	66.436	-17.901	-16.192	-3.7469	21.914	0.37811	-11.396	-2.0718	0.89671	9.2902	3.3952	0.045527	-45.929	-19.905	-10.786
-33.766	-184.44	864.13	0.53747	0.9499	0.014438	0.55511	0.92618	0.068615	0.49277	0.87119	0.034073	0.57937	0.86507	0.47814	0.4517	0.87415	0.47522	0.57969	1.0155	0.032022	0.51368	1.0686	0.052278	0.53131	0.72944	0.83515	0.50784	0.93348	0.073158	0.51653	0.86979	0.47222	66.118	-18.715	-15.801	-4.7793	24.769	1.1575	-12.108	-2.0779	1.3552	16.764	4.2858	0.87153	-39.829	-22.496	-11.675
-36.062	-200.09	926.22	0.53795	0.95283	0.014459	0.55477	0.92756	0.068479	0.49275	0.8716	0.03472	0.57953	0.87416	0.47889	0.45183	0.88279	0.47618	0.5797	1.016	0.031	0.51321	1.07	0.04957	0.53262	0.7403	0.83631	0.5071	0.93508	0.072857	0.51667	0.87865	0.47305	66.052	-19.451	-15.371	-5.9192	27.547	2.0373	-12.832	-2.0965	1.78	24.607	5.2999	1.7845	-33.171	-24.904	-12.389
-37.723	-213.14	983.42	0.5383	0.95533	0.014476	0.5544	0.9287	0.068426	0.4927	0.87191	0.035266	0.5797	0.88299	0.47964	0.45196	0.89125	0.47719	0.57967	1.0163	0.030315	0.51272	1.0711	0.047388	0.53402	0.75111	0.83757	0.5063	0.93637	0.072699	0.51681	0.88727	0.47391	66.214	-20.093	-14.908	-7.1423	30.186	2.9756	-13.543	-2.1233	2.1424	32.561	6.3617	2.7559	-26.247	-27.169	-12.99
-38.874	-223.25	1035.1	0.53854	0.95742	0.01449	0.55403	0.92963	0.068432	0.49262	0.87213	0.035712	0.57989	0.89149	0.48035	0.45213	0.89943	0.47819	0.57961	1.0166	0.029902	0.51222	1.0719	0.045685	0.53548	0.76185	0.83894	0.5055	0.93739	0.072659	0.51697	0.89559	0.47474	66.572	-20.627	-14.422	-8.4222	32.623	3.9297	-14.215	-2.1529	2.415	40.372	7.3905	3.7576	-19.288	-29.322	-13.527
-39.645	-230.21	1080.3	0.53872	0.95911	0.014502	0.55368	0.93037	0.068478	0.49253	0.87228	0.036063	0.58011	0.8996	0.481	0.45233	0.90724	0.4791	0.57953	1.0168	0.029698	0.51175	1.0726	0.044405	0.53698	0.7725	0.84037	0.50472	0.93821	0.072708	0.51716	0.90354	0.47552	67.089	-21.042	-13.926	-9.7346	34.799	4.8578	-14.823	-2.1795	2.5739	47.795	8.2991	4.7612	-12.467	-31.384	-14.035
-40.185	-233.95	1118.5	0.53886	0.96045	0.014511	0.55336	0.93094	0.068545	0.49245	0.87237	0.036328	0.58039	0.90728	0.48156	0.45259	0.91463	0.47989	0.57944	1.0169	0.029647	0.51132	1.0731	0.043485	0.53849	0.78303	0.84187	0.50403	0.93885	0.072815	0.51739	0.91105	0.47621	67.726	-21.329	-13.434	-11.058	36.667	5.7171	-15.348	-2.1972	2.6025	54.601	8.9897	5.7372	-5.9234	-33.387	-14.55
-40.651	-234.51	1149	0.53899	0.96148	0.014518	0.55309	0.93137	0.068622	0.49236	0.87241	0.036518	0.58073	0.91449	0.48202	0.45291	0.92153	0.48052	0.57937	1.0169	0.0297	0.51095	1.0734	0.042862	0.54	0.79343	0.8434	0.50345	0.93938	0.072953	0.51768	0.9181	0.47678	68.446	-21.49	-12.959	-12.374	38.196	6.4689	-15.774	-2.2008	2.4932	60.594	9.3679	6.6582	0.22381	-35.375	-15.103
-41.17	-232.07	1171.7	0.53915	0.96225	0.014524	0.55288	0.93167	0.068696	0.49228	0.8724	0.036644	0.58114	0.92123	0.48238	0.45329	0.92789	0.481	0.57931	1.0169	0.029816	0.51066	1.0736	0.042478	0.54148	0.80368	0.84497	0.503	0.9398	0.073099	0.51804	0.92464	0.47723	69.217	-21.532	-12.512	-13.665	39.373	7.0829	-16.092	-2.186	2.2488	65.614	9.3611	7.4997	5.8749	-37.38	-15.713
-41.814	-226.89	1186.3	0.53934	0.96282	0.014528	0.55272	0.93186	0.068762	0.49222	0.87237	0.036719	0.58161	0.92748	0.48264	0.45375	0.93371	0.48133	0.57928	1.0169	0.029962	0.51043	1.0737	0.042276	0.54291	0.81377	0.84655	0.50267	0.94015	0.073235	0.51847	0.93068	0.47756	70.009	-21.47	-12.103	-14.918	40.203	7.5418	-16.3	-2.1508	1.8843	69.55	8.9414	8.2402	10.956	-39.405	-16.371
-42.608	-219.31	1193.1	0.53959	0.96323	0.014532	0.55261	0.93196	0.068816	0.49217	0.87231	0.036752	0.58215	0.93326	0.4828	0.45426	0.93899	0.48154	0.57928	1.0169	0.030115	0.51028	1.0737	0.042211	0.54428	0.8237	0.84814	0.50247	0.94044	0.073353	0.51897	0.93623	0.47778	70.799	-21.324	-11.74	-16.12	40.708	7.8387	-16.399	-2.0958	1.4257	72.332	8.1277	8.8604	15.412	-41.427	-17.055
-43.553	-209.7	1192.2	0.53992	0.96355	0.014535	0.55255	0.93198	0.068855	0.49214	0.87223	0.036755	0.58274	0.93858	0.48288	0.45482	0.94377	0.48165	0.57931	1.0168	0.030259	0.5102	1.0737	0.042241	0.54557	0.83347	0.84973	0.50238	0.94066	0.07345	0.51955	0.9413	0.4779	71.567	-21.118	-11.427	-17.267	40.923	7.9759	-16.392	-2.0242	0.90727	73.934	6.9773	9.3435	19.209	-43.407	-17.731
-44.629	-198.49	1184.3	0.54032	0.96383	0.014538	0.55252	0.93195	0.068881	0.49212	0.87213	0.036736	0.58337	0.94347	0.4829	0.45543	0.94809	0.48169	0.57938	1.0167	0.030383	0.51018	1.0736	0.042334	0.5468	0.84307	0.85131	0.50238	0.94084	0.073527	0.52018	0.94593	0.47795	72.301	-20.88	-11.168	-18.361	40.894	7.9636	-16.287	-1.9414	0.3685	74.371	5.5789	9.6773	22.338	-45.293	-18.361
-45.791	-186.1	1169.9	0.54083	0.96412	0.014541	0.55252	0.93187	0.068894	0.49212	0.87203	0.036705	0.58404	0.94795	0.48286	0.45608	0.95201	0.48169	0.57947	1.0166	0.030482	0.51022	1.0735	0.042465	0.54794	0.85253	0.85288	0.50247	0.94096	0.073591	0.52086	0.95015	0.47795	72.987	-20.633	-10.963	-19.414	40.671	7.8189	-16.089	-1.8536	-0.15072	73.697	4.0444	9.8544	24.822	-47.021	-18.903
-46.974	-172.96	1149.8	0.54143	0.96449	0.014545	0.55255	0.93175	0.068899	0.49212	0.87192	0.036667	0.58472	0.95205	0.48278	0.45675	0.9556	0.48166	0.57958	1.0165	0.030553	0.5103	1.0734	0.042612	0.54901	0.86186	0.85443	0.50261	0.94104	0.073646	0.52157	0.95401	0.47792	73.62	-20.399	-10.81	-20.444	40.305	7.5632	-15.807	-1.7671	-0.61489	72.003	2.4922	9.8731	26.708	-48.518	-19.319
-48.094	-159.47	1124.9	0.54214	0.96498	0.01455	0.55258	0.9316	0.068898	0.49214	0.87181	0.03663	0.58542	0.95579	0.48267	0.45743	0.95891	0.48161	0.57971	1.0163	0.030598	0.5104	1.0732	0.042762	0.55001	0.87107	0.85596	0.50279	0.94109	0.073698	0.5223	0.95754	0.47787	74.196	-20.196	-10.703	-21.475	39.844	7.2196	-15.448	-1.6872	-0.99628	69.409	1.0344	9.7368	28.058	-49.711	-19.571
-49.061	-145.97	1096.1	0.54297	0.96567	0.014557	0.55263	0.93144	0.068893	0.49215	0.8717	0.036597	0.58611	0.95921	0.48255	0.45812	0.96199	0.48157	0.57985	1.0162	0.03062	0.51054	1.0731	0.042905	0.55094	0.88018	0.85746	0.50299	0.94111	0.073751	0.52302	0.96078	0.47783	74.714	-20.031	-10.636	-22.534	39.326	6.8112	-15.02	-1.6174	-1.2776	66.052	-0.23447	9.4543	28.944	-50.529	-19.634
-49.792	-132.77	1064.2	0.54389	0.96659	0.014566	0.55268	0.93128	0.068888	0.49216	0.8716	0.036572	0.58678	0.96234	0.48242	0.45878	0.9649	0.48152	0.58	1.0161	0.030621	0.51069	1.0729	0.043034	0.55181	0.88919	0.85892	0.5032	0.9411	0.073808	0.52372	0.96376	0.4778	75.176	-19.907	-10.599	-23.648	38.785	6.3588	-14.529	-1.5592	-1.4534	62.081	-1.246	9.0391	29.441	-50.917	-19.49
-50.223	-120.11	1030.1	0.54492	0.96779	0.014577	0.55274	0.93111	0.068885	0.49216	0.87151	0.036559	0.58743	0.9652	0.48229	0.45943	0.96768	0.48146	0.58016	1.016	0.030605	0.51085	1.0728	0.043145	0.55262	0.89814	0.86035	0.5034	0.94108	0.073869	0.52438	0.96653	0.47778	75.588	-19.816	-10.584	-24.844	38.245	5.8803	-13.983	-1.5126	-1.5287	57.642	-1.9606	8.5092	29.618	-50.843	-19.139
-50.328	-108.16	994.62	0.54606	0.96931	0.01459	0.5528	0.93095	0.068887	0.49216	0.87143	0.036558	0.58805	0.96782	0.48215	0.46006	0.97035	0.48139	0.58031	1.0159	0.030578	0.51101	1.0727	0.043238	0.55338	0.90701	0.86173	0.50359	0.94105	0.073937	0.525	0.96911	0.47779	75.954	-19.749	-10.581	-26.147	37.725	5.3909	-13.391	-1.4763	-1.5172	52.876	-2.3677	7.8867	29.543	-50.304	-18.594
-50.118	-97.059	958.49	0.54731	0.97119	0.014606	0.55286	0.93079	0.068894	0.49214	0.87137	0.036573	0.58864	0.97023	0.48203	0.46065	0.97293	0.48129	0.58046	1.0158	0.030542	0.51117	1.0726	0.043311	0.55409	0.91583	0.86306	0.50377	0.94102	0.074011	0.52558	0.97153	0.47782	76.282	-19.69	-10.585	-27.581	37.238	4.9031	-12.758	-1.4481	-1.4381	47.908	-2.4828	7.197	29.273	-49.327	-17.88
-49.64	-86.895	922.39	0.54866	0.97345	0.014624	0.55292	0.93065	0.068908	0.49211	0.87133	0.036605	0.58919	0.97245	0.48191	0.46121	0.97546	0.48117	0.5806	1.0157	0.030501	0.51133	1.0725	0.043365	0.55475	0.92461	0.86432	0.50394	0.94099	0.074093	0.52609	0.97381	0.47787	76.576	-19.623	-10.588	-29.162	36.791	4.4268	-12.093	-1.4256	-1.3134	42.846	-2.3415	6.467	28.858	-47.971	-17.033
-48.968	-77.706	886.94	0.55013	0.97614	0.014646	0.55297	0.93052	0.06893	0.49206	0.8713	0.036654	0.58971	0.97452	0.4818	0.46174	0.97794	0.481	0.58074	1.0156	0.030457	0.51149	1.0724	0.043404	0.55537	0.93335	0.86552	0.50411	0.94096	0.074182	0.52656	0.97599	0.47794	76.844	-19.534	-10.587	-30.906	36.393	3.9699	-11.402	-1.4064	-1.1643	37.778	-1.992	5.7226	28.337	-46.317	-16.091
-48.191	-69.497	852.7	0.55173	0.97925	0.014671	0.55302	0.93041	0.068962	0.49199	0.87129	0.036723	0.59021	0.97645	0.4817	0.46225	0.98039	0.4808	0.58086	1.0155	0.030413	0.51164	1.0724	0.043427	0.55595	0.94206	0.86665	0.50429	0.94095	0.074281	0.52698	0.97808	0.47803	77.089	-19.411	-10.58	-32.822	36.048	3.5384	-10.693	-1.3876	-1.0087	32.772	-1.4891	4.9875	27.743	-44.457	-15.097
-47.405	-62.241	820.19	0.55346	0.98281	0.014699	0.55307	0.93031	0.069006	0.49191	0.8713	0.036813	0.59067	0.97829	0.48162	0.46273	0.98281	0.48055	0.58098	1.0155	0.03037	0.51179	1.0723	0.043438	0.55648	0.95075	0.86769	0.50448	0.94095	0.074391	0.52736	0.98012	0.47813	77.317	-19.251	-10.566	-34.915	35.762	3.1355	-9.9709	-1.3663	-0.86021	27.879	-0.88908	4.2814	27.106	-42.492	-14.086
-46.696	-55.887	789.85	0.55532	0.9868	0.014731	0.5531	0.93023	0.069063	0.49181	0.87132	0.036926	0.59111	0.98004	0.48155	0.4632	0.98522	0.48025	0.58108	1.0154	0.030329	0.51193	1.0723	0.043438	0.55698	0.95942	0.86863	0.50469	0.94096	0.074514	0.5277	0.98212	0.47823	77.531	-19.055	-10.545	-37.183	35.541	2.7628	-9.2421	-1.3397	-0.72701	23.137	-0.244	3.6189	26.454	-40.515	-13.094
-46.135	-50.367	762.11	0.5573	0.99121	0.014765	0.55314	0.93018	0.069136	0.49169	0.87137	0.037063	0.59154	0.98175	0.48149	0.46366	0.98761	0.47992	0.58118	1.0154	0.03029	0.51207	1.0723	0.04343	0.55743	0.96809	0.86948	0.50491	0.94099	0.074652	0.52802	0.9841	0.47835	77.734	-18.828	-10.519	-39.619	35.392	2.4204	-8.5118	-1.3053	-0.61292	18.576	0.40287	3.0103	25.813	-38.611	-12.145
-45.766	-45.592	737.29	0.55939	0.99598	0.014802	0.55316	0.93014	0.069226	0.49156	0.87144	0.037224	0.59194	0.98344	0.48144	0.4641	0.98999	0.47956	0.58127	1.0154	0.030254	0.51221	1.0724	0.043414	0.55784	0.97674	0.87021	0.50513	0.94103	0.074806	0.52831	0.98608	0.47847	77.929	-18.581	-10.49	-42.211	35.321	2.1071	-7.7851	-1.2611	-0.51838	14.215	1.0201	2.461	25.211	-36.844	-11.257
-45.608	-41.466	715.68	0.56154	1.001	0.014842	0.55318	0.93013	0.069336	0.49141	0.87152	0.037412	0.59233	0.98514	0.4814	0.46453	0.99236	0.47917	0.58135	1.0154	0.030221	0.51235	1.0724	0.043394	0.55821	0.9854	0.87084	0.50535	0.94108	0.074979	0.52858	0.98808	0.47859	78.118	-18.328	-10.461	-44.942	35.333	1.8206	-7.0672	-1.2062	-0.44232	10.068	1.59	1.9719	24.674	-35.254	-10.443
-45.65	-37.879	697.49	0.56373	1.0063	0.014882	0.55318	0.93015	0.069468	0.49124	0.87162	0.037627	0.5927	0.98687	0.48138	0.46494	0.99472	0.47878	0.58142	1.0153	0.030191	0.51248	1.0725	0.043369	0.55854	0.99404	0.87135	0.50556	0.94115	0.075171	0.52884	0.99011	0.47871	78.302	-18.082	-10.435	-47.795	35.433	1.5583	-6.3637	-1.1409	-0.38365	6.1443	2.1091	1.5404	24.225	-33.86	-9.7066
-45.861	-34.722	682.9	0.56588	1.0117	0.014924	0.55316	0.93019	0.069622	0.49106	0.87174	0.037869	0.59305	0.98867	0.48136	0.46533	0.99708	0.47838	0.58148	1.0153	0.030166	0.51261	1.0726	0.043342	0.55883	1.0027	0.87174	0.50575	0.94124	0.075383	0.52908	0.99219	0.47883	78.485	-17.852	-10.415	-50.754	35.626	1.3181	-5.6809	-1.0666	-0.34229	2.4504	2.5849	1.1626	23.887	-32.659	-9.0481
-46.195	-31.893	672	0.56793	1.017	0.014965	0.55312	0.93026	0.069801	0.49086	0.87188	0.03814	0.59337	0.99056	0.48135	0.4657	0.99945	0.47799	0.58154	1.0154	0.030145	0.51274	1.0727	0.043313	0.55907	1.0113	0.87202	0.50591	0.94134	0.075617	0.5293	0.99433	0.47895	78.669	-17.646	-10.404	-53.804	35.908	1.0991	-5.0255	-0.98609	-0.31979	-1.0082	3.0315	0.8342	23.685	-31.635	-8.4648
-46.602	-29.304	664.81	0.56983	1.0223	0.015004	0.55305	0.93036	0.070005	0.49063	0.87204	0.038441	0.59366	0.99257	0.48134	0.46603	1.0018	0.47761	0.58158	1.0154	0.030129	0.51287	1.0728	0.043283	0.55928	1.0198	0.87219	0.50604	0.94146	0.075874	0.52951	0.99657	0.47907	78.856	-17.468	-10.402	-56.934	36.277	0.90147	-4.4039	-0.9025	-0.31872	-4.2238	3.4671	0.55124	23.651	-30.765	-7.9524
-47.034	-26.888	661.31	0.57151	1.0272	0.015042	0.55295	0.93048	0.070235	0.49039	0.87222	0.038775	0.59392	0.99472	0.48133	0.46632	1.0043	0.47726	0.58161	1.0154	0.030119	0.51299	1.073	0.043252	0.55945	1.0283	0.87224	0.50614	0.9416	0.076153	0.52969	0.99891	0.47919	79.049	-17.317	-10.409	-60.136	36.725	0.72598	-3.8229	-0.8193	-0.34207	-7.1855	3.9099	0.31035	23.825	-30.019	-7.5062
-47.445	-24.593	661.36	0.57293	1.0319	0.015076	0.55282	0.93064	0.070492	0.49012	0.87242	0.039144	0.59415	0.99704	0.48132	0.46657	1.0068	0.47695	0.58163	1.0154	0.030115	0.5131	1.0731	0.04322	0.55958	1.0367	0.8722	0.50621	0.94176	0.076456	0.52984	1.0014	0.4793	79.249	-17.189	-10.426	-63.403	37.239	0.57408	-3.2887	-0.73978	-0.39217	-9.8796	4.3764	0.10866	24.249	-29.37	-7.122
-47.8	-22.383	664.79	0.57407	1.0362	0.015108	0.55267	0.93082	0.070779	0.48983	0.87264	0.039554	0.59434	0.99953	0.48131	0.46678	1.0094	0.47666	0.58164	1.0155	0.030117	0.5132	1.0733	0.043186	0.55967	1.0451	0.87205	0.50623	0.94194	0.076784	0.52997	1.004	0.47941	79.457	-17.081	-10.452	-66.729	37.806	0.44738	-2.8069	-0.66672	-0.46931	-12.291	4.8801	-0.05627	24.964	-28.788	-6.7953
-48.068	-20.223	671.35	0.57492	1.0401	0.015136	0.55248	0.93103	0.071095	0.48953	0.87289	0.040013	0.5945	1.0022	0.48129	0.46695	1.0122	0.4764	0.58163	1.0155	0.030127	0.5133	1.0735	0.04315	0.55973	1.0534	0.8718	0.50623	0.94215	0.077137	0.53008	1.0068	0.47951	79.675	-16.986	-10.484	-70.108	38.412	0.34756	-2.3821	-0.60228	-0.57126	-14.406	5.4304	-0.18668	26.004	-28.25	-6.5216
-48.233	-18.084	680.78	0.57548	1.0436	0.01516	0.55228	0.93127	0.071442	0.48921	0.87317	0.040528	0.59462	1.0051	0.48126	0.46709	1.015	0.47616	0.5816	1.0156	0.030143	0.51338	1.0737	0.043112	0.55978	1.0616	0.87147	0.50621	0.9424	0.077516	0.53017	1.0097	0.47959	79.901	-16.899	-10.522	-73.532	39.042	0.27562	-2.0174	-0.54798	-0.69353	-16.211	6.0314	-0.28518	27.396	-27.736	-6.2969
-48.291	-15.932	692.79	0.57578	1.0466	0.015181	0.55206	0.93153	0.07182	0.48889	0.87347	0.041108	0.59472	1.0082	0.48122	0.46719	1.0181	0.47595	0.58157	1.0157	0.030166	0.51345	1.0739	0.043071	0.5598	1.0697	0.87105	0.50616	0.94269	0.07792	0.53024	1.0129	0.47966	80.135	-16.815	-10.566	-76.994	39.685	0.23141	-1.7137	-0.50473	-0.82964	-17.698	6.6813	-0.35518	29.157	-27.238	-6.118
-48.254	-13.727	707.1	0.57585	1.0493	0.015198	0.55182	0.93181	0.072228	0.48856	0.87378	0.041761	0.5948	1.0115	0.48116	0.46728	1.0214	0.47575	0.58152	1.0158	0.030196	0.51352	1.0741	0.043028	0.55982	1.0777	0.87055	0.50611	0.94301	0.078351	0.53029	1.0163	0.4797	80.373	-16.73	-10.614	-80.487	40.332	0.21342	-1.4699	-0.47281	-0.97195	-18.866	7.3726	-0.40095	31.294	-26.758	-5.9824
-48.154	-11.417	723.43	0.57572	1.0516	0.015213	0.55157	0.93211	0.072666	0.48825	0.8741	0.042491	0.59487	1.0149	0.48108	0.46735	1.0248	0.47556	0.58147	1.0159	0.030231	0.51357	1.0743	0.042981	0.55983	1.0857	0.86997	0.50605	0.94338	0.078807	0.53035	1.0198	0.47973	80.616	-16.641	-10.668	-84.005	40.979	0.21887	-1.2826	-0.45195	-1.1122	-19.72	8.0904	-0.42739	33.802	-26.31	-5.8881
-48.039	-8.9346	741.56	0.57545	1.0535	0.015225	0.55131	0.93243	0.073132	0.48795	0.87442	0.043302	0.59494	1.0186	0.48099	0.46743	1.0285	0.47536	0.58141	1.0159	0.030271	0.5136	1.0745	0.042932	0.55987	1.0936	0.8693	0.50601	0.94378	0.07929	0.53041	1.0236	0.47972	80.86	-16.546	-10.726	-87.544	41.623	0.24398	-1.1466	-0.44148	-1.2423	-20.277	8.8137	-0.43966	36.662	-25.922	-5.8338
-47.971	-6.1995	761.28	0.57507	1.0552	0.015235	0.55105	0.93276	0.073626	0.48767	0.87473	0.044195	0.59502	1.0224	0.48089	0.46752	1.0324	0.47516	0.58135	1.016	0.030316	0.51363	1.0747	0.042881	0.55992	1.1015	0.86855	0.50599	0.94423	0.0798	0.53049	1.0275	0.47968	81.103	-16.445	-10.789	-91.101	42.266	0.28428	-1.0554	-0.44049	-1.3548	-20.564	9.5166	-0.44299	39.843	-25.633	-5.8186
-48.026	-3.1249	782.42	0.57463	1.0565	0.015242	0.55081	0.93311	0.074148	0.48744	0.87503	0.045171	0.59512	1.0264	0.48076	0.46763	1.0365	0.47493	0.5813	1.0161	0.030364	0.51366	1.0749	0.042828	0.56001	1.1095	0.8677	0.50601	0.94471	0.080337	0.5306	1.0316	0.47961	81.343	-16.337	-10.856	-94.678	42.914	0.33531	-1.0024	-0.44807	-1.4434	-20.611	10.171	-0.44221	43.307	-25.493	-5.8431
-48.285	0.37461	804.84	0.57416	1.0576	0.015248	0.55058	0.93346	0.074701	0.48726	0.87531	0.046226	0.59525	1.0304	0.48062	0.46777	1.0407	0.47468	0.58127	1.0163	0.030415	0.51368	1.0751	0.042775	0.56013	1.1174	0.86677	0.50609	0.94522	0.080902	0.53073	1.0359	0.47951	81.58	-16.222	-10.927	-98.274	43.575	0.39308	-0.98166	-0.46336	-1.5033	-20.45	10.747	-0.44136	47.015	-25.552	-5.9088
-48.829	4.379	828.42	0.57369	1.0585	0.015253	0.5504	0.93383	0.07529	0.48715	0.87558	0.04736	0.59541	1.0347	0.48045	0.46796	1.0452	0.4744	0.58126	1.0164	0.030469	0.51369	1.0752	0.042722	0.5603	1.1255	0.86575	0.50621	0.94575	0.081494	0.53091	1.0403	0.47937	81.811	-16.102	-11.001	-101.89	44.257	0.45397	-0.98781	-0.48552	-1.5316	-20.113	11.216	-0.44367	50.931	-25.867	-6.0177
-49.728	8.9614	853.02	0.57326	1.0592	0.015256	0.55027	0.9342	0.075921	0.48712	0.87582	0.048568	0.59562	1.039	0.48026	0.46819	1.0497	0.47409	0.58127	1.0165	0.030524	0.51371	1.0753	0.042671	0.56052	1.1336	0.86466	0.50641	0.94629	0.082116	0.53113	1.0449	0.4792	82.037	-15.978	-11.078	-105.53	44.965	0.51446	-1.0166	-0.51367	-1.5269	-19.626	11.549	-0.45183	55.016	-26.486	-6.1707
-51.04	14.186	878.51	0.57288	1.0598	0.015259	0.55023	0.9346	0.076601	0.48718	0.87604	0.04985	0.59587	1.0435	0.48005	0.46848	1.0545	0.47374	0.58131	1.0166	0.030578	0.51373	1.0754	0.042625	0.56078	1.1417	0.86351	0.50668	0.94685	0.082769	0.5314	1.0496	0.47899	82.256	-15.852	-11.156	-109.18	45.702	0.57083	-1.0649	-0.5468	-1.4892	-19.014	11.722	-0.46813	59.234	-27.449	-6.3666
-52.797	20.107	904.72	0.57256	1.0602	0.01526	0.55028	0.93501	0.077335	0.48733	0.87625	0.051207	0.59617	1.048	0.47982	0.46881	1.0593	0.47335	0.58138	1.0168	0.030632	0.51376	1.0755	0.042584	0.56107	1.1499	0.8623	0.50703	0.94741	0.083458	0.53172	1.0544	0.47876	82.468	-15.724	-11.236	-112.84	46.465	0.6199	-1.1298	-0.58371	-1.4194	-18.294	11.718	-0.49376	63.549	-28.778	-6.5984
-55.005	26.759	931.41	0.5723	1.0605	0.015261	0.55042	0.93544	0.078128	0.48759	0.87644	0.052643	0.59652	1.0527	0.47957	0.46919	1.0643	0.47293	0.58148	1.0169	0.030684	0.5138	1.0755	0.04255	0.5614	1.1582	0.86104	0.50745	0.94798	0.084188	0.53209	1.0593	0.4785	82.672	-15.594	-11.316	-116.5	47.247	0.65958	-1.2094	-0.62307	-1.3184	-17.476	11.527	-0.52851	67.931	-30.476	-6.8522
-57.631	34.161	958.35	0.5721	1.0607	0.015262	0.55066	0.9359	0.078986	0.48794	0.87662	0.054162	0.59691	1.0574	0.4793	0.46963	1.0694	0.47248	0.58162	1.0171	0.030734	0.51386	1.0755	0.042524	0.56175	1.1666	0.85973	0.50794	0.94856	0.084966	0.53251	1.0643	0.47821	82.867	-15.464	-11.397	-120.12	48.032	0.68923	-1.3025	-0.6636	-1.1876	-16.566	11.15	-0.57068	72.353	-32.52	-7.1089
-60.616	42.306	985.21	0.57195	1.0608	0.015262	0.55098	0.93639	0.079912	0.48839	0.8768	0.055772	0.59735	1.0623	0.47903	0.47011	1.0746	0.47199	0.58179	1.0172	0.030782	0.51393	1.0755	0.042507	0.56212	1.1751	0.85838	0.5085	0.94914	0.085799	0.53297	1.0694	0.47791	83.051	-15.33	-11.479	-123.68	48.795	0.70967	-1.4084	-0.70428	-1.029	-15.559	10.598	-0.61723	76.793	-34.865	-7.3451
-63.869	51.171	1011.7	0.57184	1.0608	0.015262	0.55139	0.9369	0.080913	0.48892	0.87699	0.057481	0.59782	1.0672	0.47876	0.47063	1.0799	0.47149	0.58198	1.0173	0.030831	0.51402	1.0755	0.042497	0.56249	1.1837	0.85698	0.50911	0.94974	0.086697	0.53348	1.0746	0.47758	83.221	-15.193	-11.565	-127.15	49.507	0.72297	-1.5268	-0.74442	-0.84521	-14.448	9.8903	-0.66413	81.231	-37.444	-7.5349
-67.287	60.709	1037.3	0.57175	1.0608	0.015262	0.55186	0.93746	0.081995	0.48952	0.8772	0.059301	0.59832	1.0723	0.47849	0.47119	1.0853	0.47096	0.58221	1.0175	0.030881	0.51412	1.0754	0.042495	0.56286	1.1924	0.85554	0.50978	0.95037	0.087668	0.53401	1.0799	0.47725	83.375	-15.048	-11.655	-130.49	50.133	0.73208	-1.6579	-0.78377	-0.64029	-13.219	9.0556	-0.70669	85.648	-40.178	-7.6526
-70.751	70.865	1061.8	0.57167	1.0608	0.015262	0.55239	0.93805	0.083163	0.49018	0.87744	0.06124	0.59885	1.0775	0.47824	0.47177	1.0908	0.47041	0.58245	1.0177	0.030935	0.51424	1.0754	0.042499	0.56322	1.2013	0.85406	0.51048	0.95103	0.08872	0.53456	1.0853	0.47692	83.512	-14.892	-11.753	-133.65	50.637	0.7405	-1.8028	-0.82254	-0.41905	-11.861	8.1286	-0.74009	90.017	-42.979	-7.6751
-74.141	81.574	1084.8	0.57158	1.0608	0.015261	0.55296	0.9387	0.084423	0.49088	0.87773	0.063308	0.59939	1.0828	0.478	0.47236	1.0965	0.46986	0.58271	1.0178	0.030994	0.51436	1.0754	0.042508	0.56357	1.2102	0.85255	0.51122	0.95174	0.089861	0.53513	1.0909	0.47658	83.628	-14.723	-11.859	-136.6	50.98	0.75166	-1.963	-0.86143	-0.18702	-10.362	7.147	-0.76006	94.303	-45.753	-7.5846
-77.34	92.77	1105.9	0.57147	1.0607	0.015261	0.55356	0.93939	0.085782	0.49161	0.87807	0.065515	0.59992	1.0882	0.47778	0.47297	1.1024	0.46929	0.58298	1.018	0.031061	0.5145	1.0754	0.042519	0.56389	1.2193	0.85101	0.51197	0.95252	0.091099	0.53569	1.0966	0.47625	83.722	-14.536	-11.977	-139.3	51.128	0.76817	-2.1413	-0.90134	0.050086	-8.7144	6.1497	-0.76332	98.46	-48.409	-7.3702
-80.238	104.39	1124.8	0.57133	1.0607	0.01526	0.55416	0.94016	0.087246	0.49236	0.87848	0.067868	0.60045	1.0938	0.47758	0.47357	1.1084	0.46871	0.58326	1.0182	0.031136	0.51464	1.0754	0.04253	0.56418	1.2285	0.84947	0.51273	0.95336	0.092437	0.53625	1.1024	0.47592	83.792	-14.328	-12.107	-141.7	51.05	0.79104	-2.3408	-0.94321	0.28711	-6.9156	5.1741	-0.748	102.43	-50.862	-7.0287
-82.738	116.35	1141.2	0.57114	1.0607	0.01526	0.55477	0.94099	0.088822	0.4931	0.87897	0.070374	0.60096	1.0995	0.4774	0.47416	1.1145	0.46813	0.58354	1.0185	0.031221	0.51479	1.0754	0.042539	0.56444	1.2378	0.84792	0.51349	0.95428	0.09388	0.5368	1.1084	0.47559	83.835	-14.098	-12.251	-143.79	50.719	0.81932	-2.5647	-0.98783	0.51995	-4.9676	4.2537	-0.71411	106.16	-53.034	-6.5638
-84.758	128.61	1154.8	0.57091	1.0607	0.015259	0.55539	0.9419	0.090516	0.49384	0.87956	0.073038	0.60145	1.1053	0.47724	0.47474	1.1209	0.46752	0.58381	1.0187	0.031316	0.51494	1.0755	0.042542	0.56466	1.2471	0.84637	0.51424	0.9553	0.09543	0.53732	1.1146	0.47526	83.852	-13.843	-12.41	-145.52	50.121	0.85134	-2.8163	-1.0359	0.74567	-2.8762	3.4195	-0.66242	109.59	-54.859	-5.9842
-86.233	141.09	1165.5	0.57062	1.0606	0.015258	0.55601	0.94291	0.092335	0.49456	0.88026	0.075865	0.6019	1.1114	0.47709	0.4753	1.1274	0.4669	0.58407	1.0189	0.031423	0.51508	1.0756	0.042539	0.56484	1.2566	0.84484	0.51497	0.95642	0.097088	0.53782	1.1209	0.47493	83.838	-13.565	-12.584	-146.86	49.247	0.88531	-3.0989	-1.0881	0.96232	-0.65095	2.6989	-0.59408	112.64	-56.282	-5.3035
-87.119	153.72	1173.2	0.57027	1.0606	0.015257	0.55663	0.94402	0.094284	0.49526	0.88107	0.078859	0.60233	1.1176	0.47695	0.47585	1.1342	0.46624	0.58431	1.0192	0.031542	0.51522	1.0757	0.042526	0.56499	1.2662	0.84334	0.51568	0.95767	0.098851	0.53829	1.1275	0.47458	83.793	-13.262	-12.775	-147.78	48.101	0.91934	-3.4161	-1.1449	1.1687	1.6952	2.1134	-0.5109	115.25	-57.26	-4.5408
-87.391	166.44	1177.5	0.56986	1.0606	0.015255	0.55727	0.94525	0.096366	0.49593	0.88202	0.082022	0.60273	1.124	0.4768	0.47638	1.1412	0.46554	0.58453	1.0195	0.031677	0.51536	1.0759	0.0425	0.56509	1.2758	0.84187	0.51636	0.95904	0.10072	0.53874	1.1343	0.47422	83.714	-12.937	-12.982	-148.26	46.694	0.95184	-3.7719	-1.2066	1.3638	4.1476	1.6782	-0.41494	117.35	-57.768	-3.7194
-87.046	179.16	1178.4	0.56941	1.0606	0.015254	0.55792	0.94661	0.098584	0.49657	0.88312	0.085357	0.60311	1.1306	0.47663	0.4769	1.1485	0.4648	0.58473	1.0198	0.031829	0.51549	1.0761	0.04246	0.56514	1.2855	0.84045	0.51702	0.96054	0.10269	0.53916	1.1414	0.47383	83.598	-12.59	-13.206	-148.27	45.043	0.98171	-4.1709	-1.2736	1.5471	6.6917	1.4007	-0.30854	118.89	-57.793	-2.8639
-86.098	191.79	1175.8	0.56891	1.0606	0.015252	0.55859	0.94811	0.10094	0.49718	0.88439	0.088867	0.60346	1.1374	0.47645	0.47741	1.156	0.46399	0.58491	1.0201	0.032001	0.51561	1.0763	0.042401	0.56515	1.2953	0.83908	0.51765	0.9622	0.10475	0.53957	1.1487	0.4734	83.443	-12.223	-13.448	-147.75	43.169	1.0081	-4.6179	-1.3458	1.7175	9.3148	1.2802	-0.19466	119.8	-57.338	-1.9973
-84.574	204.2	1169.4	0.56838	1.0605	0.015251	0.55926	0.94975	0.10342	0.49775	0.88584	0.092553	0.60381	1.1445	0.47622	0.47793	1.1638	0.4631	0.58506	1.0204	0.032199	0.51572	1.0765	0.042321	0.5651	1.3051	0.83778	0.51826	0.96402	0.10691	0.53997	1.1562	0.47291	83.244	-11.835	-13.709	-146.69	41.093	1.0298	-5.1177	-1.423	1.874	12.007	1.3095	-0.077232	120.02	-56.414	-1.1378
-82.504	216.22	1158.9	0.56781	1.0604	0.015248	0.55994	0.95155	0.10602	0.49829	0.88752	0.096421	0.60415	1.1518	0.47594	0.47846	1.1718	0.46213	0.58518	1.0207	0.032428	0.51581	1.0768	0.042216	0.56499	1.315	0.83655	0.51886	0.96602	0.10916	0.54037	1.1641	0.47236	82.996	-11.428	-13.989	-145.03	38.837	1.047	-5.6749	-1.5047	2.0151	14.76	1.4791	0.039692	119.52	-55.036	-0.29889
-79.914	227.65	1144.1	0.56722	1.0603	0.015246	0.56061	0.95352	0.10875	0.49878	0.88943	0.10047	0.60449	1.1594	0.4756	0.47901	1.1802	0.46104	0.58527	1.0211	0.032697	0.51589	1.0771	0.042084	0.56482	1.325	0.83539	0.51944	0.96821	0.1115	0.54078	1.1722	0.47173	82.695	-10.999	-14.288	-142.72	36.422	1.0609	-6.2946	-1.5904	2.1385	17.569	1.7779	0.15206	118.27	-53.221	0.5092
-76.831	238.21	1124.7	0.56662	1.0602	0.015243	0.56128	0.95568	0.11159	0.49924	0.89164	0.10472	0.60486	1.1673	0.47519	0.47961	1.1889	0.45984	0.58532	1.0214	0.033016	0.51595	1.0775	0.041922	0.56458	1.335	0.83429	0.52002	0.97061	0.11393	0.54123	1.1806	0.47101	82.332	-10.548	-14.608	-139.7	33.868	1.0729	-6.9817	-1.6792	2.2408	20.428	2.1929	0.25543	116.26	-50.987	1.2771
-73.275	247.57	1100.2	0.56601	1.06	0.015241	0.56192	0.95804	0.11454	0.49964	0.89416	0.10917	0.60525	1.1755	0.47469	0.48026	1.1979	0.45851	0.58535	1.0218	0.033399	0.51598	1.0778	0.04173	0.56427	1.3451	0.83326	0.52058	0.97324	0.11644	0.54171	1.1894	0.47018	81.899	-10.073	-14.948	-135.91	31.198	1.0841	-7.7418	-1.7702	2.3177	23.328	2.7108	0.34413	113.48	-48.353	1.992
-69.265	255.35	1070.1	0.56539	1.0598	0.015238	0.56254	0.96065	0.11761	0.49997	0.89706	0.11382	0.6057	1.184	0.4741	0.48098	1.2073	0.45703	0.58535	1.0221	0.033864	0.516	1.0782	0.041508	0.56389	1.3552	0.8323	0.52114	0.97614	0.11903	0.54226	1.1986	0.46922	81.387	-9.5734	-15.306	-131.3	28.435	1.0956	-8.5816	-1.8625	2.3634	26.254	3.3177	0.41152	109.94	-45.341	2.6383
-64.822	261.11	1034.2	0.56477	1.0597	0.015235	0.56312	0.96353	0.12079	0.50023	0.90039	0.1187	0.60621	1.1929	0.47341	0.48179	1.2171	0.4554	0.58531	1.0226	0.034432	0.51599	1.0786	0.041259	0.56343	1.3654	0.83141	0.5217	0.97935	0.12173	0.54288	1.2081	0.46813	80.782	-9.047	-15.68	-125.81	25.605	1.1074	-9.5084	-1.9548	2.3714	29.18	3.9977	0.45026	105.67	-41.979	3.1982
-59.981	264.38	991.92	0.56415	1.0595	0.015232	0.56365	0.96673	0.12412	0.50039	0.90421	0.12381	0.60679	1.2022	0.47261	0.48271	1.2273	0.4536	0.58524	1.023	0.035132	0.51597	1.079	0.04099	0.56289	1.3756	0.83061	0.52223	0.9829	0.12452	0.54359	1.2181	0.46688	80.074	-8.4927	-16.066	-119.41	22.743	1.1183	-10.531	-2.0459	2.3338	32.063	4.73	0.45257	100.71	-38.309	3.6521
-54.799	264.7	943.2	0.56351	1.0594	0.015229	0.56413	0.9703	0.12758	0.50045	0.90858	0.12917	0.60748	1.2119	0.47169	0.48376	1.238	0.45162	0.58515	1.0235	0.035998	0.51593	1.0795	0.040714	0.56227	1.3859	0.82991	0.52275	0.98683	0.12742	0.54442	1.2285	0.46548	79.25	-7.9105	-16.459	-112.09	19.889	1.1263	-11.659	-2.1349	2.2428	34.84	5.4878	0.41179	95.118	-34.393	3.9839
-49.356	261.65	887.97	0.56288	1.0594	0.015227	0.56454	0.97428	0.1312	0.50038	0.91357	0.13479	0.60827	1.2221	0.47066	0.48495	1.2492	0.44947	0.58502	1.0241	0.037071	0.51589	1.08	0.040449	0.56157	1.3962	0.82931	0.52323	0.9912	0.13043	0.54537	1.2394	0.46391	78.296	-7.3029	-16.849	-103.89	17.094	1.1292	-12.903	-2.2205	2.091	37.422	6.2364	0.32342	88.987	-30.308	4.1837
-43.764	254.92	826.47	0.56225	1.0594	0.015226	0.56487	0.97874	0.135	0.50018	0.91925	0.14067	0.60919	1.2328	0.4695	0.48632	1.261	0.44713	0.58487	1.0249	0.038402	0.51585	1.0806	0.04022	0.5608	1.4065	0.82884	0.52366	0.99606	0.13358	0.54647	1.2509	0.46215	77.202	-6.6755	-17.228	-94.885	14.42	1.1244	-14.273	-2.3015	1.8722	39.694	6.9344	0.18623	82.412	-26.156	4.2501
-38.16	244.34	759.3	0.56163	1.0596	0.015226	0.56512	0.98373	0.139	0.49984	0.92567	0.14683	0.61024	1.2441	0.46823	0.48786	1.2734	0.44461	0.58468	1.0258	0.040044	0.51583	1.0813	0.040061	0.55995	1.4167	0.8285	0.52402	1.0014	0.13687	0.54773	1.2629	0.46022	75.962	-6.0387	-17.582	-85.224	11.932	1.1097	-15.777	-2.3767	1.5828	41.521	7.5355	0.003862	75.517	-22.053	4.193
-32.699	229.95	687.41	0.56103	1.06	0.015227	0.56525	0.9893	0.14321	0.49933	0.93288	0.15327	0.61144	1.2559	0.46683	0.4896	1.2864	0.44191	0.58446	1.027	0.042058	0.51585	1.0823	0.040014	0.55903	1.4269	0.82829	0.52429	1.0074	0.14033	0.54916	1.2756	0.4581	74.576	-5.4087	-17.896	-75.107	9.6927	1.0837	-17.424	-2.4458	1.2229	42.748	7.9898	-0.21361	68.427	-18.13	4.0323
-27.544	212.1	612.15	0.56047	1.0607	0.015229	0.56527	0.99552	0.14766	0.49866	0.94095	0.15998	0.61279	1.2684	0.46531	0.49154	1.3	0.43906	0.58421	1.0284	0.044505	0.51593	1.0834	0.040127	0.55805	1.4371	0.82821	0.52445	1.014	0.14395	0.55076	1.2889	0.45581	73.051	-4.8076	-18.158	-64.79	7.7552	1.045	-19.215	-2.509	0.79663	43.217	8.2477	-0.44921	61.255	-14.521	3.7936
-22.842	191.38	535.16	0.55995	1.0615	0.015233	0.56517	1.0024	0.15236	0.49781	0.94988	0.16694	0.61428	1.2815	0.46367	0.49367	1.3143	0.43606	0.58394	1.0303	0.047444	0.5161	1.0849	0.04045	0.557	1.4472	0.82825	0.52448	1.0213	0.14776	0.55253	1.3028	0.45336	71.407	-4.2627	-18.355	-54.567	6.1491	0.99187	-21.152	-2.5683	0.31291	42.779	8.2642	-0.67935	54.079	-11.348	3.5017
-18.698	168.71	458.3	0.55949	1.0626	0.015239	0.56492	1.01	0.15731	0.49678	0.95971	0.17412	0.61591	1.2952	0.46193	0.49598	1.3293	0.43296	0.58364	1.0326	0.050926	0.51638	1.0869	0.041039	0.55591	1.4573	0.82839	0.52435	1.0293	0.15177	0.55447	1.3174	0.45076	69.678	-3.8061	-18.477	-44.753	4.8752	0.92126	-23.23	-2.6265	-0.21531	41.301	8.0045	-0.87606	46.91	-8.6956	3.1709
-15.16	145.15	383.5	0.5591	1.064	0.015247	0.56453	1.0184	0.16251	0.49557	0.97043	0.18147	0.61765	1.3095	0.46009	0.49845	1.345	0.42979	0.58334	1.0356	0.05498	0.5168	1.0894	0.041939	0.55477	1.4673	0.8286	0.52404	1.0381	0.15597	0.55655	1.3326	0.44805	67.91	-3.4706	-18.524	-35.645	3.9048	0.8308	-25.438	-2.6876	-0.77214	38.717	7.4566	-1.0102	39.744	-6.5973	2.805
-12.218	121.71	312.6	0.55881	1.0656	0.015256	0.564	1.0276	0.16794	0.49418	0.98205	0.18893	0.61947	1.3244	0.45819	0.50104	1.3614	0.4266	0.58303	1.0392	0.059614	0.51739	1.0926	0.043188	0.55361	1.4773	0.82887	0.52355	1.0476	0.16037	0.55874	1.3484	0.44526	66.159	-3.2867	-18.503	-27.496	3.1824	0.72086	-27.759	-2.7559	-1.3402	35.066	6.6421	-1.0579	32.639	-5.0266	2.4059
-9.8199	99.214	247.26	0.55863	1.0674	0.015268	0.56331	1.0376	0.17358	0.49261	0.99454	0.19642	0.62135	1.3399	0.45625	0.50371	1.3784	0.42345	0.58273	1.0438	0.064803	0.51817	1.0967	0.044808	0.55243	1.4872	0.82917	0.52285	1.0579	0.16493	0.56101	1.3648	0.44244	64.486	-3.279	-18.428	-20.48	2.6326	0.5944	-30.172	-2.8348	-1.9029	30.53	5.6201	-1.0082	25.777	-3.9062	1.9827
-7.877	78.325	188.79	0.55857	1.0696	0.015282	0.56247	1.0485	0.17936	0.49087	1.0079	0.20382	0.62324	1.356	0.45432	0.50642	1.3959	0.4204	0.58246	1.0494	0.070489	0.51917	1.1017	0.046805	0.55125	1.4971	0.82949	0.52195	1.0691	0.16963	0.56333	1.3817	0.43965	62.954	-3.4618	-18.32	-14.706	2.1816	0.44983	-32.648	-2.9263	-2.446	25.399	4.4619	-0.86376	19.342	-3.1499	1.5453
-6.2863	59.54	138.01	0.55868	1.0725	0.015301	0.5615	1.0602	0.18523	0.48898	1.022	0.21104	0.62512	1.3725	0.45244	0.50912	1.4139	0.41752	0.58222	1.056	0.076583	0.52039	1.1079	0.049169	0.55009	1.507	0.82982	0.52086	1.0811	0.1744	0.56563	1.3991	0.43695	61.62	-3.8387	-18.199	-10.121	1.7641	0.29904	-35.157	-3.0305	-2.9593	19.938	3.2674	-0.65343	13.553	-2.6049	1.1163
-4.9517	43.195	95.272	0.55903	1.0765	0.015328	0.56041	1.0727	0.19112	0.48695	1.0368	0.21796	0.62694	1.3895	0.45067	0.51176	1.4324	0.41487	0.58203	1.064	0.082972	0.52183	1.1154	0.051872	0.54897	1.5169	0.83015	0.51958	1.094	0.1792	0.56789	1.4169	0.4344	60.533	-4.4011	-18.081	-6.6631	1.3402	0.14165	-37.667	-3.1447	-3.4368	14.468	2.1081	-0.40626	8.5134	-2.1812	0.70764
-3.8006	29.456	60.502	0.5598	1.0827	0.015372	0.5592	1.086	0.19695	0.48483	1.0522	0.22451	0.62869	1.4069	0.44906	0.5143	1.4512	0.41253	0.58189	1.0732	0.089524	0.52346	1.1242	0.054874	0.54791	1.5267	0.83049	0.51813	1.1077	0.18395	0.57005	1.435	0.43207	59.727	-5.1282	-17.972	-4.5018	0.91176	-0.073099	-40.147	-3.2649	-3.8778	9.5222	0.95121	-0.11249	4.023	-2.0358	0.28665
-2.7957	18.335	33.257	0.56161	1.0951	0.015458	0.55793	1.1001	0.20262	0.48264	1.0682	0.23057	0.63031	1.4245	0.44766	0.51668	1.4704	0.41055	0.58183	1.0838	0.096091	0.52526	1.1345	0.058119	0.54693	1.5365	0.83084	0.51653	1.1223	0.18858	0.57207	1.4534	0.43002	59.225	-5.9866	-17.868	-2.2604	0.41791	-0.12933	-42.569	-3.3874	-4.2858	4.3422	0.2171	0.019743	1.1612	-1.2142	0.046608
0	0	0	NaN	NaN	NaN	0.5566	1.115	0.20807	0.48044	1.0846	0.23609	0.63181	1.4425	0.4465	0.51888	1.4897	0.40897	0.58182	1.0958	0.10252	0.52716	1.1463	0.061542	0.54605	1.5462	0.83124	0.51484	1.1376	0.19304	0.57393	1.4721	0.42829	59.03	-6.9314	-17.755	0.027514	0.000762	0.008121	-44.908	-3.5093	-4.6677	0.061199	0.075073	-0.05371	0.36238	0.14497	0.04852
