6.8575	4.7781	62.809	0.49489	0.8354	0.013567	0.55002	0.85335	0.10335	0.47339	0.81194	0.045899	0.55658	0.72235	0.5106	0.42675	0.72863	0.50502	0.57917	0.99869	0.11746	0.50107	1.0401	0.14567	0.50071	0.58061	0.87265	0.49618	0.85552	0.12017	0.49344	0.72654	0.503	78.761	-4.1486	-10.972	1.2962	0.96271	-0.048204	-3.5507	-2.7075	-10.768	-9.2279	3.4778	-0.61817	-20.219	4.4814	3.7012
8.7447	6.3537	91.872	0.49771	0.84653	0.013648	0.54954	0.8621	0.10299	0.47319	0.82003	0.045891	0.5558	0.73005	0.50873	0.42594	0.73501	0.50258	0.57754	1.0077	0.11619	0.49905	1.0487	0.14385	0.5006	0.5908	0.87158	0.49538	0.86398	0.11865	0.49256	0.73338	0.50094	78.148	-4.4174	-10.826	1.7082	1.497	-0.25068	-2.8851	-2.7258	-10.596	-13.302	4.7855	-1.0143	-28.851	5.9132	4.6574
10.704	7.6361	126.62	0.49971	0.85518	0.01371	0.54907	0.86968	0.10261	0.47301	0.82659	0.046177	0.55514	0.73801	0.50716	0.42526	0.74176	0.50046	0.57582	1.0157	0.11393	0.4969	1.0563	0.14075	0.50054	0.60106	0.87067	0.49456	0.87141	0.11698	0.49178	0.7406	0.49924	77.355	-4.676	-10.644	2.3426	2.2028	-0.51036	-2.4546	-2.7186	-10.438	-17.777	6.3842	-1.488	-38.571	7.5639	5.6887
12.56	8.0564	166.62	0.50132	0.86273	0.013764	0.54862	0.87622	0.10218	0.47286	0.8318	0.046714	0.55458	0.74623	0.50589	0.4247	0.74887	0.49868	0.57407	1.0226	0.11076	0.49468	1.063	0.13646	0.50055	0.61139	0.86991	0.49376	0.87796	0.11521	0.49111	0.7482	0.49789	76.394	-4.922	-10.436	3.1015	3.0649	-0.8248	-2.2391	-2.6915	-10.286	-22.182	8.1211	-2.0143	-48.423	9.1962	6.5984
14.064	6.8079	210.97	0.50274	0.86991	0.013816	0.5482	0.88187	0.10171	0.47273	0.83587	0.047457	0.55413	0.7547	0.5049	0.42427	0.75637	0.49724	0.57235	1.0287	0.10683	0.49247	1.0689	0.13118	0.50061	0.62181	0.86932	0.493	0.88378	0.11339	0.49056	0.75616	0.49688	75.291	-5.1604	-10.207	3.9634	4.0841	-1.1605	-2.2129	-2.6496	-10.127	-26.099	9.9277	-2.5541	-57.686	10.71	7.3437
14.927	3.1555	258.69	0.50412	0.8771	0.013867	0.54782	0.88678	0.10122	0.47262	0.83901	0.048361	0.5538	0.76338	0.50419	0.42395	0.76423	0.49616	0.57072	1.034	0.1023	0.49035	1.0741	0.12512	0.50076	0.6323	0.8689	0.49232	0.889	0.11157	0.49014	0.76444	0.49619	74.087	-5.4027	-9.9671	4.8264	5.2432	-1.4884	-2.348	-2.5972	-9.9395	-29.054	11.622	-3.0646	-65.419	11.864	7.7787
14.859	-3.3038	309.14	0.50555	0.88442	0.013919	0.54749	0.89104	0.10071	0.47254	0.84143	0.049378	0.55358	0.77225	0.50374	0.42374	0.77245	0.49542	0.56921	1.0386	0.097392	0.48839	1.0788	0.11855	0.50097	0.64287	0.86868	0.49171	0.89376	0.1098	0.48983	0.77301	0.49579	72.838	-5.6649	-9.7253	5.5961	6.5346	-1.7812	-2.6186	-2.5376	-9.7036	-30.806	13.037	-3.5152	-71.148	12.437	7.7943
13.632	-12.55	362.18	0.50708	0.89181	0.013971	0.5472	0.89477	0.10021	0.47249	0.84327	0.05046	0.55347	0.78129	0.50353	0.42365	0.78099	0.49502	0.56788	1.0425	0.092316	0.48663	1.0828	0.11175	0.50127	0.65351	0.86865	0.49118	0.89813	0.10814	0.48966	0.78184	0.49566	71.61	-5.9636	-9.4914	6.1879	7.9618	-2.0211	-3.0042	-2.4738	-9.401	-31.321	14.048	-3.8895	-74.815	12.254	7.3198
11.145	-24.263	417.74	0.50868	0.89912	0.014024	0.54695	0.89802	0.099728	0.47244	0.84468	0.05156	0.55346	0.79046	0.50355	0.42365	0.78982	0.49495	0.56673	1.0459	0.087277	0.48512	1.0864	0.105	0.50164	0.66421	0.86881	0.49073	0.90216	0.10661	0.4896	0.79089	0.49576	70.469	-6.3124	-9.2738	6.5293	9.5299	-2.1968	-3.4902	-2.4088	-9.0207	-30.671	14.587	-4.1769	-76.595	11.214	6.3384
7.4515	-37.98	475.63	0.5103	0.90621	0.014075	0.54673	0.90084	0.0993	0.4724	0.84577	0.052636	0.55354	0.79975	0.50377	0.42373	0.79888	0.49518	0.56576	1.0488	0.082456	0.48387	1.0894	0.098501	0.50208	0.67493	0.86915	0.49035	0.90585	0.10524	0.48965	0.80011	0.49607	69.476	-6.719	-9.0781	6.5639	11.238	-2.2977	-4.0667	-2.3468	-8.5621	-28.948	14.655	-4.3644	-76.727	9.3043	4.8963
2.7386	-53.19	535.3	0.51186	0.91298	0.014124	0.54653	0.90326	0.09894	0.47237	0.84661	0.053653	0.5537	0.80912	0.50417	0.42388	0.80813	0.4957	0.56498	1.0511	0.078002	0.48286	1.092	0.092459	0.5026	0.68566	0.86968	0.49001	0.90919	0.10402	0.4898	0.80944	0.49656	68.68	-7.1828	-8.9051	6.2533	13.073	-2.31	-4.7248	-2.2923	-8.0362	-26.213	14.308	-4.4311	-75.394	6.5912	3.0883
-2.7093	-69.322	595.94	0.5133	0.91931	0.014169	0.54633	0.90533	0.098658	0.47234	0.84726	0.054583	0.55391	0.81854	0.50471	0.42407	0.81746	0.49646	0.56435	1.053	0.074026	0.48206	1.0942	0.087004	0.50317	0.69637	0.87038	0.48971	0.91217	0.10298	0.49004	0.81883	0.49718	68.112	-7.6961	-8.7516	5.5828	15.017	-2.2161	-5.4526	-2.2489	-7.463	-22.529	13.637	-4.3518	-72.769	3.2019	1.0415
-8.548	-85.724	656.6	0.51457	0.92512	0.014211	0.54614	0.90707	0.098463	0.4723	0.84777	0.055409	0.55415	0.82795	0.50537	0.42429	0.8268	0.49743	0.56384	1.0545	0.070598	0.48145	1.0959	0.082224	0.50381	0.70703	0.87122	0.48942	0.91478	0.10211	0.49034	0.82821	0.49791	67.787	-8.2458	-8.6108	4.5637	17.04	-2.0009	-6.2335	-2.2185	-6.8674	-17.997	12.761	-4.1056	-69.061	-0.68655	-1.1024
-14.419	-101.69	716.21	0.51565	0.93035	0.014248	0.54592	0.90851	0.098351	0.47226	0.84816	0.056119	0.55441	0.83728	0.50611	0.42454	0.83603	0.49855	0.56341	1.0556	0.067747	0.48096	1.0973	0.078161	0.50449	0.71764	0.87221	0.48914	0.91704	0.10142	0.49068	0.83749	0.49872	67.701	-8.8157	-8.4745	3.2337	19.106	-1.6587	-7.0461	-2.2001	-6.2776	-12.77	11.796	-3.6859	-64.521	-4.8677	-3.2078
-20.023	-116.52	773.69	0.51652	0.93496	0.014281	0.5457	0.90969	0.098315	0.47222	0.84846	0.056711	0.55469	0.84645	0.5069	0.42479	0.84508	0.49977	0.56305	1.0564	0.065464	0.48058	1.0984	0.07481	0.50522	0.72816	0.8733	0.48886	0.91896	0.1009	0.49105	0.8466	0.49957	67.836	-9.3876	-8.3348	1.6519	21.165	-1.2016	-7.8652	-2.1891	-5.7221	-7.0494	10.829	-3.1073	-59.419	-9.144	-5.175
-25.205	-129.65	828	0.51721	0.93895	0.014309	0.54546	0.91064	0.098341	0.47219	0.84868	0.057189	0.55496	0.8554	0.50771	0.42504	0.85383	0.50101	0.56272	1.057	0.063704	0.48028	1.0992	0.072128	0.50598	0.73859	0.87448	0.48857	0.92056	0.10054	0.49142	0.85545	0.50044	68.164	-9.9417	-8.1854	-0.1238	23.167	-0.6583	-8.6647	-2.1788	-5.2295	-1.055	9.8891	-2.4013	-53.997	-13.385	-6.9665
-29.894	-140.69	878.28	0.51775	0.94236	0.014333	0.54521	0.91138	0.098414	0.47216	0.84885	0.057563	0.55523	0.86403	0.50852	0.4253	0.86221	0.50222	0.56244	1.0574	0.062405	0.48004	1.0999	0.070044	0.50677	0.74892	0.87574	0.48826	0.92189	0.10032	0.49178	0.86397	0.50131	68.649	-10.458	-8.0219	-2.0387	25.07	-0.061157	-9.4187	-2.1615	-4.8272	4.9977	8.9803	-1.6051	-48.431	-17.485	-8.5654
-34.011	-149.4	923.73	0.51817	0.94526	0.014353	0.54496	0.91196	0.09852	0.47213	0.84898	0.057846	0.5555	0.8723	0.5093	0.42556	0.87014	0.50335	0.56218	1.0577	0.06149	0.47985	1.1003	0.068476	0.50755	0.75915	0.87706	0.48794	0.92299	0.10023	0.49213	0.87208	0.50213	69.254	-10.915	-7.8423	-4.0374	26.829	0.56132	-10.104	-2.1303	-4.5388	10.907	8.1066	-0.75597	-42.848	-21.333	-9.9485
-37.481	-155.59	963.53	0.51848	0.94767	0.01437	0.54471	0.9124	0.098644	0.47211	0.84906	0.058051	0.55577	0.88014	0.51002	0.42582	0.87757	0.50435	0.56196	1.0579	0.060886	0.4797	1.1006	0.067336	0.50834	0.76929	0.87842	0.48762	0.92389	0.10024	0.49246	0.87973	0.5029	69.943	-11.298	-7.6475	-6.0597	28.4	1.1835	-10.701	-2.0809	-4.3816	16.477	7.2741	0.10686	-37.361	-24.809	-11.087
-40.292	-159.14	996.88	0.51872	0.94966	0.014383	0.54446	0.91273	0.098777	0.47209	0.84913	0.058194	0.55603	0.88755	0.51069	0.42608	0.88446	0.50521	0.56176	1.058	0.060524	0.47957	1.1009	0.066543	0.50909	0.77933	0.87981	0.4873	0.92463	0.10032	0.49277	0.88691	0.5036	70.685	-11.595	-7.4416	-8.0487	29.743	1.7772	-11.196	-2.012	-4.3625	21.528	6.469	0.94349	-32.066	-27.848	-11.98
-42.493	-160.05	1023.1	0.5189	0.95126	0.014394	0.54424	0.91297	0.098911	0.47208	0.84917	0.058289	0.55629	0.89449	0.51128	0.42635	0.89081	0.50593	0.5616	1.0581	0.060342	0.47948	1.101	0.066023	0.50981	0.78928	0.88122	0.487	0.92526	0.10044	0.49306	0.89358	0.50421	71.452	-11.801	-7.2311	-9.9592	30.83	2.3164	-11.58	-1.9254	-4.4764	25.905	5.6706	1.7186	-27.035	-30.424	-12.647
-44.164	-158.43	1041.6	0.51907	0.95255	0.014403	0.54403	0.91314	0.09904	0.47208	0.8492	0.05835	0.55655	0.90097	0.51179	0.42663	0.89662	0.50651	0.56146	1.0581	0.060288	0.4794	1.1011	0.065713	0.51048	0.79913	0.88265	0.48674	0.92577	0.10059	0.49334	0.89976	0.50475	72.222	-11.918	-7.0233	-11.759	31.645	2.7802	-11.85	-1.8252	-4.7063	29.491	4.8622	2.4044	-22.323	-32.545	-13.119
-45.409	-154.51	1052.1	0.51925	0.95359	0.014411	0.54385	0.91327	0.099162	0.47207	0.84922	0.058387	0.55681	0.90699	0.51223	0.42691	0.90194	0.50697	0.56134	1.0581	0.060319	0.47935	1.1012	0.065556	0.51108	0.80888	0.88411	0.48652	0.9262	0.10076	0.4936	0.90547	0.5052	72.976	-11.956	-6.8254	-13.427	32.191	3.1531	-12.009	-1.717	-5.0248	32.21	4.0346	2.981	-17.976	-34.242	-13.433
-46.35	-148.58	1054.8	0.51948	0.95445	0.014417	0.5437	0.91336	0.099274	0.47208	0.84923	0.058413	0.55706	0.91259	0.51258	0.4272	0.90682	0.50734	0.56125	1.0581	0.060402	0.47931	1.1013	0.065508	0.51161	0.81852	0.88559	0.48634	0.92657	0.10093	0.49387	0.91073	0.50559	73.701	-11.927	-6.6429	-14.956	32.48	3.4252	-12.062	-1.6071	-5.3966	34.024	3.1887	3.4364	-14.035	-35.567	-13.629
-47.093	-141	1049.9	0.51977	0.95519	0.014422	0.54358	0.91342	0.099376	0.47208	0.84924	0.058434	0.55732	0.91775	0.51287	0.42749	0.91133	0.50763	0.56119	1.0581	0.060511	0.47928	1.1013	0.06553	0.51206	0.82805	0.88711	0.48622	0.92687	0.1011	0.49413	0.91559	0.50593	74.388	-11.846	-6.4802	-16.351	32.541	3.5929	-12.017	-1.5022	-5.7838	34.939	2.3383	3.7656	-10.519	-36.576	-13.74
-47.718	-132.16	1037.8	0.52016	0.95589	0.014428	0.54348	0.91346	0.099469	0.47209	0.84925	0.058457	0.55759	0.92252	0.51311	0.42778	0.91554	0.50789	0.56114	1.0581	0.060625	0.47927	1.1013	0.065593	0.51243	0.83746	0.88866	0.48614	0.92712	0.10128	0.4944	0.92009	0.50624	75.03	-11.728	-6.3399	-17.632	32.402	3.6591	-11.883	-1.4089	-6.1492	35.001	1.5098	3.9697	-7.4307	-37.316	-13.794
-48.268	-122.48	1019.4	0.52064	0.95662	0.014434	0.54341	0.91351	0.099554	0.4721	0.84926	0.058488	0.55787	0.92691	0.51329	0.42808	0.9195	0.50812	0.56111	1.058	0.060733	0.47926	1.1013	0.065674	0.51274	0.84675	0.89024	0.48611	0.92732	0.10146	0.49467	0.92426	0.50653	75.623	-11.587	-6.2233	-18.823	32.101	3.6331	-11.671	-1.3329	-6.4611	34.284	0.7383	4.055	-4.7589	-37.821	-13.801
-48.748	-112.32	995.56	0.52123	0.95744	0.014441	0.54336	0.91355	0.099633	0.47212	0.84928	0.05853	0.55815	0.93094	0.51344	0.42837	0.92328	0.50834	0.56109	1.058	0.060824	0.47927	1.1013	0.065756	0.51298	0.85594	0.89185	0.48613	0.92749	0.10165	0.49494	0.92814	0.5068	76.167	-11.434	-6.1302	-19.951	31.672	3.5282	-11.388	-1.2784	-6.6965	32.886	0.063099	4.0313	-2.4836	-38.107	-13.76
-49.127	-102.01	967.25	0.52193	0.9584	0.01445	0.54332	0.91359	0.099706	0.47212	0.8493	0.058585	0.55843	0.93464	0.51357	0.42865	0.92691	0.50857	0.56108	1.058	0.060895	0.47928	1.1013	0.065826	0.51316	0.86503	0.89348	0.48618	0.92764	0.10185	0.49521	0.93178	0.50708	76.661	-11.275	-6.059	-21.044	31.147	3.36	-11.043	-1.2471	-6.8436	30.916	-0.47941	3.91	-0.57893	-38.17	-13.66
-49.355	-91.838	935.52	0.52274	0.95955	0.014459	0.54329	0.91365	0.099774	0.47213	0.84933	0.058654	0.55871	0.93805	0.51368	0.42892	0.93043	0.50879	0.56108	1.0581	0.060943	0.47929	1.1014	0.065877	0.51329	0.87405	0.89511	0.48626	0.92777	0.10206	0.49546	0.9352	0.50736	77.107	-11.114	-6.0072	-22.128	30.553	3.1438	-10.642	-1.2384	-6.9014	28.488	-0.86132	3.7034	0.98401	-37.992	-13.482
-49.38	-81.996	901.44	0.52364	0.96094	0.014471	0.54327	0.91372	0.099839	0.47214	0.84937	0.058738	0.55898	0.9412	0.51379	0.42918	0.93386	0.50901	0.56108	1.0581	0.060968	0.47931	1.1014	0.065903	0.51339	0.88301	0.89673	0.48637	0.92789	0.10228	0.49571	0.93842	0.50765	77.508	-10.951	-5.9714	-23.226	29.916	2.8932	-10.192	-1.2494	-6.8787	25.712	-1.0677	3.4245	2.2338	-37.559	-13.212
-49.168	-72.638	866.01	0.52463	0.9626	0.014485	0.54324	0.9138	0.099901	0.47214	0.84941	0.058836	0.55925	0.94411	0.5139	0.42942	0.93719	0.50922	0.56108	1.0581	0.06097	0.47933	1.1014	0.065903	0.51345	0.89194	0.89831	0.48649	0.92801	0.10251	0.49594	0.94148	0.50795	77.868	-10.784	-5.948	-24.354	29.254	2.6196	-9.6969	-1.2751	-6.7929	22.687	-1.099	3.0865	3.1942	-36.862	-12.842
-48.709	-63.852	830.16	0.52568	0.96454	0.014501	0.54322	0.9139	0.099962	0.47213	0.84947	0.058947	0.5595	0.94684	0.51401	0.42964	0.94044	0.50941	0.56108	1.0582	0.060952	0.47936	1.1015	0.065876	0.51349	0.90085	0.89983	0.48663	0.92814	0.10274	0.49615	0.94439	0.50825	78.192	-10.609	-5.9332	-25.529	28.584	2.3319	-9.1634	-1.3099	-6.6659	19.498	-0.96889	2.7035	3.8827	-35.912	-12.371
-48.022	-55.687	794.75	0.5268	0.96679	0.014518	0.54318	0.91401	0.10002	0.47213	0.84953	0.059071	0.55974	0.94942	0.51413	0.42985	0.9436	0.50957	0.56109	1.0582	0.060917	0.47938	1.1015	0.065823	0.51351	0.90975	0.90126	0.48678	0.92827	0.10299	0.49633	0.94717	0.50856	78.485	-10.421	-5.9238	-26.761	27.922	2.0371	-8.5971	-1.3479	-6.5216	16.218	-0.6994	2.2898	4.316	-34.738	-11.813
-47.151	-48.165	760.53	0.52798	0.96935	0.014539	0.54314	0.91413	0.10009	0.47211	0.8496	0.059207	0.55995	0.95189	0.51425	0.43004	0.94666	0.5097	0.56109	1.0583	0.060866	0.47941	1.1016	0.065746	0.51351	0.91866	0.9026	0.48694	0.92843	0.10325	0.49648	0.94985	0.50887	78.752	-10.22	-5.9174	-28.063	27.282	1.7407	-8.005	-1.3844	-6.3829	12.908	-0.3177	1.8595	4.5174	-33.385	-11.189
-46.162	-41.293	728.13	0.52921	0.97223	0.014561	0.54309	0.91426	0.10015	0.47209	0.84969	0.059354	0.56015	0.95429	0.51438	0.43021	0.94963	0.50978	0.56108	1.0583	0.060802	0.47944	1.1017	0.065649	0.51349	0.92757	0.90383	0.4871	0.9286	0.10353	0.49661	0.95246	0.50918	78.999	-10.002	-5.9123	-29.443	26.678	1.4468	-7.3949	-1.4156	-6.269	9.6255	0.14462	1.4258	4.5208	-31.913	-10.53
-45.127	-35.071	698.1	0.53047	0.97542	0.014585	0.54303	0.91441	0.10022	0.47208	0.84978	0.059513	0.56032	0.95665	0.51452	0.43037	0.95251	0.50983	0.56108	1.0584	0.060727	0.47948	1.1018	0.065533	0.51346	0.93648	0.90493	0.48725	0.92878	0.10381	0.49671	0.95501	0.50949	79.23	-9.7712	-5.9074	-30.91	26.122	1.1584	-6.7755	-1.439	-6.1935	6.4182	0.65728	1.0003	4.3721	-30.391	-9.8668
-44.125	-29.491	670.86	0.53177	0.97891	0.014612	0.54296	0.91456	0.1003	0.47206	0.84988	0.059683	0.56047	0.95902	0.51465	0.43051	0.95531	0.50985	0.56108	1.0585	0.060643	0.47951	1.1019	0.065402	0.51341	0.94539	0.9059	0.48741	0.92899	0.1041	0.49678	0.95754	0.50979	79.45	-9.531	-5.9023	-32.472	25.625	0.87836	-6.1559	-1.4536	-6.1643	3.3277	1.1932	0.59254	4.1252	-28.885	-9.2291
-43.226	-24.536	646.74	0.5331	0.98269	0.01464	0.54288	0.91472	0.10038	0.47204	0.85	0.059866	0.5606	0.96142	0.51478	0.43064	0.95805	0.50984	0.56107	1.0586	0.060553	0.47954	1.102	0.065258	0.51334	0.95429	0.90675	0.48755	0.92922	0.10441	0.49683	0.96008	0.51009	79.665	-9.288	-5.897	-34.141	25.197	0.60874	-5.5452	-1.4592	-6.1839	0.38662	1.7302	0.20937	3.8376	-27.46	-8.6416
-42.49	-20.185	625.98	0.53443	0.98672	0.014671	0.5428	0.91489	0.10048	0.47203	0.85012	0.060062	0.56071	0.96389	0.51491	0.43074	0.96074	0.50982	0.56106	1.0587	0.060458	0.47958	1.1022	0.065103	0.51326	0.96317	0.90746	0.48768	0.92947	0.10472	0.49685	0.96264	0.51038	79.879	-9.0494	-5.8915	-35.925	24.848	0.3512	-4.9525	-1.4566	-6.2502	-2.3787	2.2535	-0.14507	3.569	-26.165	-8.1216
-41.955	-16.406	608.69	0.53575	0.99096	0.014702	0.5427	0.91507	0.10058	0.47203	0.85025	0.06027	0.56079	0.96647	0.51502	0.43083	0.96342	0.50978	0.56105	1.0588	0.06036	0.47962	1.1023	0.06494	0.51316	0.97202	0.90804	0.48779	0.92974	0.10504	0.49686	0.96527	0.51066	80.095	-8.8226	-5.8862	-37.833	24.585	0.107	-4.3855	-1.4473	-6.3573	-4.9492	2.7542	-0.4689	3.3788	-25.039	-7.6778
-41.64	-13.161	594.93	0.53703	0.99536	0.014735	0.54259	0.91526	0.1007	0.47203	0.85039	0.060488	0.56085	0.96916	0.51511	0.4309	0.96613	0.50974	0.56105	1.0589	0.06026	0.47965	1.1025	0.064771	0.51306	0.98083	0.9085	0.48788	0.93003	0.10537	0.49684	0.96799	0.51092	80.318	-8.6138	-5.8815	-39.872	24.411	-0.12273	-3.8513	-1.4333	-6.4967	-7.3117	3.2292	-0.76201	3.3226	-24.1	-7.3113
-41.542	-10.398	584.67	0.53824	0.99986	0.014768	0.54246	0.91546	0.10082	0.47202	0.85054	0.060715	0.5609	0.97198	0.51517	0.43095	0.96888	0.50969	0.56104	1.059	0.060159	0.47969	1.1026	0.064598	0.51294	0.98961	0.90882	0.48793	0.93035	0.1057	0.49681	0.97082	0.51116	80.551	-8.4278	-5.8777	-42.046	24.327	-0.33703	-3.3556	-1.4169	-6.6587	-9.4585	3.6809	-1.0256	3.448	-23.353	-7.0164
-41.636	-8.0547	577.8	0.53935	1.0044	0.0148	0.54232	0.91566	0.10096	0.47202	0.85069	0.060946	0.56091	0.97496	0.51521	0.43097	0.97171	0.50962	0.56103	1.0591	0.06006	0.47972	1.1028	0.064424	0.51282	0.99835	0.90901	0.48796	0.93069	0.10603	0.49675	0.97379	0.51138	80.796	-8.2673	-5.8747	-44.354	24.33	-0.53519	-2.9028	-1.4003	-6.8327	-11.387	4.1179	-1.2618	3.792	-22.783	-6.7818
-41.889	-6.0593	574.19	0.54034	1.0089	0.014833	0.54215	0.91587	0.10111	0.47199	0.85084	0.061178	0.5609	0.97811	0.51522	0.43097	0.97467	0.50956	0.56102	1.0592	0.059962	0.47976	1.103	0.064249	0.51271	1.0071	0.90907	0.48796	0.93106	0.10636	0.49668	0.97691	0.51158	81.058	-8.1324	-5.8722	-46.797	24.416	-0.7168	-2.4961	-1.3855	-7.0087	-13.098	4.5503	-1.473	4.3804	-22.368	-6.595
-42.261	-4.3355	573.68	0.54117	1.0132	0.014864	0.54196	0.91609	0.10127	0.47195	0.851	0.061409	0.56087	0.98142	0.5152	0.43095	0.97777	0.50947	0.56101	1.0594	0.059868	0.4798	1.1032	0.064075	0.51259	1.0157	0.909	0.48793	0.93145	0.10669	0.49658	0.9802	0.51174	81.339	-8.0214	-5.8692	-49.372	24.579	-0.88224	-2.1377	-1.3738	-7.1777	-14.596	4.9863	-1.6625	5.2309	-22.081	-6.4444
-42.716	-2.8087	576.1	0.54183	1.0174	0.014893	0.54174	0.91632	0.10144	0.47189	0.85115	0.061638	0.56082	0.98489	0.51514	0.4309	0.98107	0.50938	0.56101	1.0595	0.059779	0.47983	1.1034	0.063904	0.51249	1.0244	0.90879	0.48786	0.93187	0.10703	0.49646	0.98367	0.51187	81.64	-7.9305	-5.8647	-52.076	24.81	-1.0327	-1.8288	-1.3662	-7.3318	-15.885	5.4318	-1.8337	6.3564	-21.899	-6.3213
-43.228	-1.4105	581.27	0.54231	1.0214	0.01492	0.54149	0.91656	0.10163	0.47179	0.8513	0.061866	0.56075	0.98854	0.51505	0.43084	0.98456	0.50926	0.561	1.0596	0.059696	0.47987	1.1036	0.063736	0.5124	1.033	0.90846	0.48778	0.93231	0.10736	0.49633	0.98733	0.51196	81.962	-7.8543	-5.8578	-54.906	25.099	-1.1701	-1.5696	-1.3632	-7.4648	-16.966	5.8898	-1.9903	7.7681	-21.801	-6.2202
-43.782	-0.076301	589.03	0.54262	1.0251	0.014945	0.54122	0.91681	0.10184	0.47167	0.85145	0.0621	0.56066	0.99233	0.51493	0.43075	0.98828	0.50911	0.56101	1.0597	0.05962	0.47991	1.1038	0.063571	0.51232	1.0416	0.908	0.48766	0.93276	0.1077	0.49618	0.99118	0.51201	82.305	-7.7872	-5.8476	-57.858	25.437	-1.2972	-1.3594	-1.3648	-7.572	-17.842	6.3593	-2.1366	9.4756	-21.777	-6.1391
-44.373	1.2533	599.19	0.54276	1.0285	0.014968	0.54091	0.91707	0.10206	0.47152	0.8516	0.062349	0.56055	0.99628	0.51478	0.43065	0.99222	0.50893	0.56101	1.0599	0.059551	0.47996	1.104	0.06341	0.51226	1.0502	0.90742	0.48753	0.93324	0.10804	0.49602	0.99521	0.51201	82.666	-7.7231	-5.8341	-60.927	25.814	-1.4179	-1.1961	-1.3703	-7.6507	-18.517	6.8354	-2.2772	11.486	-21.822	-6.0791
-45.003	2.6369	611.59	0.54274	1.0316	0.014988	0.54059	0.91736	0.10231	0.47136	0.85176	0.062623	0.56044	1.0004	0.5146	0.43054	0.9964	0.50871	0.56102	1.06	0.05949	0.48001	1.1042	0.063252	0.51222	1.0587	0.90672	0.48737	0.93374	0.10839	0.49585	0.99942	0.51196	83.043	-7.6567	-5.8177	-64.107	26.217	-1.5361	-1.0764	-1.3788	-7.7002	-18.995	7.3119	-2.4161	13.8	-21.937	-6.0426
-45.675	4.138	626.06	0.54259	1.0344	0.015006	0.54024	0.91766	0.1026	0.47118	0.85194	0.062934	0.56033	1.0046	0.51438	0.43042	1.0008	0.50845	0.56103	1.0601	0.059437	0.48006	1.1044	0.063098	0.5122	1.0673	0.9059	0.48719	0.93426	0.10875	0.49569	1.0038	0.51186	83.432	-7.5838	-5.8004	-67.39	26.638	-1.6552	-0.99599	-1.3893	-7.7221	-19.285	7.784	-2.5563	16.412	-22.122	-6.0317
-46.398	5.8262	642.39	0.54232	1.0369	0.015022	0.53989	0.918	0.10292	0.47101	0.85213	0.063294	0.56023	1.0089	0.51415	0.43031	1.0054	0.50816	0.56105	1.0603	0.05939	0.48012	1.1046	0.062946	0.51221	1.0758	0.90499	0.48701	0.93481	0.10913	0.49553	1.0083	0.51172	83.827	-7.502	-5.7854	-70.762	27.068	-1.7775	-0.94978	-1.4011	-7.7193	-19.399	8.2477	-2.6997	19.3	-22.379	-6.0483
-47.189	7.7791	660.37	0.54198	1.0391	0.015035	0.53955	0.91836	0.10328	0.47083	0.85233	0.063715	0.56013	1.0133	0.51389	0.43021	1.0101	0.50782	0.56106	1.0604	0.059349	0.48018	1.1048	0.062797	0.51223	1.0844	0.90399	0.48681	0.93539	0.10952	0.49538	1.013	0.51153	84.224	-7.4102	-5.777	-74.21	27.5	-1.9054	-0.93258	-1.4138	-7.6964	-19.356	8.6971	-2.8479	22.433	-22.716	-6.0952
-48.075	10.08	679.76	0.54157	1.0411	0.015047	0.53921	0.91877	0.10368	0.47066	0.85256	0.064206	0.56004	1.0178	0.51361	0.43011	1.015	0.50744	0.56108	1.0605	0.059313	0.48024	1.105	0.062649	0.51227	1.0929	0.9029	0.48663	0.936	0.10993	0.49525	1.0178	0.5113	84.619	-7.3091	-5.7797	-77.714	27.929	-2.0399	-0.93946	-1.4273	-7.6588	-19.181	9.1238	-3.0014	25.761	-23.144	-6.1754
-49.098	12.812	700.31	0.54115	1.0427	0.015057	0.5389	0.91921	0.10414	0.47051	0.85282	0.064775	0.55996	1.0224	0.51332	0.43004	1.0201	0.50703	0.56109	1.0606	0.059279	0.48031	1.1052	0.062504	0.51232	1.1015	0.90175	0.48645	0.93665	0.11036	0.49513	1.0227	0.51103	85.008	-7.2002	-5.7968	-81.257	28.355	-2.1814	-0.96591	-1.4417	-7.6123	-18.9	9.5169	-3.1605	29.23	-23.684	-6.2905
-50.307	16.052	721.73	0.54072	1.0442	0.015065	0.53862	0.91968	0.10464	0.47037	0.8531	0.065427	0.5599	1.0271	0.51301	0.42997	1.0252	0.50659	0.56109	1.0608	0.059249	0.48038	1.1054	0.062362	0.51237	1.11	0.90054	0.4863	0.93733	0.11081	0.49502	1.0276	0.51074	85.389	-7.0862	-5.83	-84.821	28.78	-2.33	-1.0082	-1.4568	-7.5627	-18.543	9.8602	-3.3251	32.777	-24.365	-6.442
-51.752	19.865	743.76	0.54033	1.0454	0.015072	0.53837	0.9202	0.10518	0.47025	0.8534	0.066164	0.55985	1.0318	0.51269	0.42992	1.0303	0.50612	0.5611	1.0609	0.059223	0.48044	1.1056	0.062223	0.51243	1.1185	0.89927	0.48617	0.93805	0.11129	0.49493	1.0327	0.51042	85.761	-6.9699	-5.8799	-88.389	29.208	-2.4856	-1.0635	-1.4728	-7.515	-18.136	10.137	-3.495	36.343	-25.213	-6.6293
-53.468	24.295	766.14	0.53999	1.0465	0.015078	0.53816	0.92075	0.10577	0.47016	0.85373	0.066987	0.5598	1.0366	0.51235	0.42988	1.0355	0.50563	0.56109	1.061	0.059202	0.48051	1.1058	0.062089	0.51248	1.1271	0.89797	0.48608	0.93879	0.1118	0.49485	1.0378	0.51009	86.123	-6.8539	-5.9466	-91.947	29.64	-2.6478	-1.1292	-1.4894	-7.4728	-17.701	10.334	-3.6697	39.878	-26.246	-6.8489
-55.467	29.369	788.64	0.53971	1.0474	0.015083	0.538	0.92135	0.10639	0.47009	0.85408	0.067897	0.55977	1.0415	0.51201	0.42985	1.0408	0.50513	0.56109	1.0611	0.059186	0.48056	1.106	0.061961	0.51253	1.1357	0.89662	0.48601	0.93956	0.11234	0.49478	1.043	0.50974	86.475	-6.7403	-6.0298	-95.482	30.073	-2.8161	-1.2036	-1.5066	-7.4376	-17.255	10.44	-3.8485	43.345	-27.471	-7.0939
-57.734	35.094	811.05	0.53947	1.0482	0.015088	0.53787	0.92198	0.10706	0.47005	0.85446	0.068896	0.55974	1.0464	0.51165	0.42983	1.0461	0.50463	0.56107	1.0613	0.059178	0.48062	1.1062	0.06184	0.51255	1.1443	0.89524	0.48598	0.94036	0.11293	0.49472	1.0482	0.50937	86.817	-6.6292	-6.1285	-98.985	30.501	-2.9908	-1.2849	-1.5247	-7.4095	-16.806	10.455	-4.031	46.725	-28.878	-7.3542
-60.226	41.459	833.18	0.53928	1.049	0.015092	0.53778	0.92266	0.10776	0.47003	0.85487	0.069985	0.5597	1.0514	0.51129	0.4298	1.0514	0.50411	0.56105	1.0614	0.059176	0.48067	1.1064	0.061727	0.51255	1.1529	0.89382	0.48599	0.94118	0.11356	0.49465	1.0535	0.50901	87.15	-6.5196	-6.2416	-102.45	30.91	-3.1707	-1.3723	-1.5439	-7.3866	-16.354	10.386	-4.216	50.012	-30.435	-7.6162
-62.876	48.434	854.88	0.53911	1.0496	0.015096	0.53773	0.92339	0.10851	0.47003	0.85531	0.071169	0.55966	1.0565	0.51092	0.42977	1.0568	0.5036	0.56102	1.0615	0.059181	0.48072	1.1066	0.061624	0.51253	1.1617	0.89236	0.48602	0.94204	0.11424	0.49458	1.0588	0.50863	87.475	-6.409	-6.3676	-105.86	31.285	-3.3532	-1.466	-1.5649	-7.3657	-15.887	10.25	-4.4013	53.218	-32.098	-7.8638
-65.604	55.969	876.02	0.53895	1.0503	0.0151	0.53772	0.92418	0.10931	0.47005	0.85579	0.072454	0.55961	1.0617	0.51054	0.42972	1.0623	0.50308	0.56098	1.0616	0.059189	0.48076	1.1067	0.06153	0.51247	1.1706	0.89085	0.48607	0.94294	0.11498	0.49451	1.0643	0.50825	87.791	-6.2937	-6.5053	-109.21	31.608	-3.534	-1.5678	-1.5885	-7.3426	-15.385	10.068	-4.583	56.368	-33.808	-8.0799
-68.324	64.003	896.48	0.53879	1.0509	0.015103	0.53773	0.92503	0.11016	0.47008	0.8563	0.073847	0.55954	1.067	0.51017	0.42966	1.0679	0.50255	0.56092	1.0616	0.0592	0.4808	1.1069	0.061446	0.51237	1.1796	0.8893	0.48616	0.94388	0.11579	0.49442	1.0699	0.50787	88.1	-6.1695	-6.6544	-112.51	31.859	-3.7066	-1.681	-1.6155	-7.3125	-14.813	9.8666	-4.756	59.498	-35.5	-8.2476
-70.949	72.462	916.14	0.53862	1.0515	0.015107	0.53777	0.92594	0.11106	0.47013	0.85687	0.07536	0.55944	1.0725	0.50979	0.42958	1.0737	0.50201	0.56085	1.0617	0.059209	0.48085	1.1071	0.06137	0.51223	1.1887	0.8877	0.48626	0.94488	0.11667	0.49432	1.0756	0.50748	88.403	-6.032	-6.8148	-115.72	32.018	-3.8641	-1.8097	-1.6465	-7.2702	-14.135	9.6711	-4.9142	62.647	-37.11	-8.3519
-73.402	81.273	934.85	0.53841	1.0522	0.015111	0.53784	0.92694	0.11203	0.47018	0.85748	0.077003	0.55932	1.078	0.50942	0.42948	1.0796	0.50145	0.56076	1.0618	0.059215	0.48089	1.1072	0.061303	0.51205	1.198	0.88606	0.48639	0.94593	0.11764	0.49419	1.0815	0.50707	88.698	-5.8771	-6.987	-118.85	32.062	-3.9992	-1.9591	-1.682	-7.2106	-13.309	9.5033	-5.0513	65.847	-38.574	-8.3802
-75.613	90.366	952.43	0.53817	1.0528	0.015114	0.53794	0.92802	0.11307	0.47024	0.85816	0.078791	0.55918	1.0837	0.50906	0.42935	1.0858	0.50086	0.56065	1.0618	0.059214	0.48093	1.1074	0.061243	0.51181	1.2074	0.88438	0.48654	0.94705	0.1187	0.49406	1.0875	0.50665	88.985	-5.7015	-7.1721	-121.85	31.971	-4.1049	-2.1347	-1.7219	-7.1285	-12.297	9.3797	-5.1613	69.116	-39.835	-8.3237
-77.525	99.677	968.64	0.53789	1.0535	0.015118	0.53807	0.92919	0.11418	0.4703	0.85891	0.080738	0.55902	1.0896	0.50869	0.42922	1.0923	0.50023	0.56052	1.0619	0.059202	0.48097	1.1075	0.061191	0.51153	1.2169	0.88267	0.48671	0.94825	0.11986	0.4939	1.0938	0.50622	89.265	-5.5029	-7.3711	-124.7	31.723	-4.1769	-2.3421	-1.7657	-7.0202	-11.067	9.311	-5.2394	72.445	-40.845	-8.1797
-79.09	109.14	983.18	0.53756	1.0542	0.015121	0.53822	0.93047	0.11538	0.47037	0.85973	0.082859	0.55883	1.0957	0.50834	0.42907	1.099	0.49954	0.56038	1.0619	0.059177	0.48102	1.1076	0.061145	0.5112	1.2266	0.88095	0.4869	0.94954	0.12113	0.49373	1.1003	0.50576	89.535	-5.2801	-7.5848	-127.34	31.3	-4.2129	-2.5871	-1.8124	-6.8828	-9.5983	9.301	-5.2832	75.803	-41.562	-7.9516
-80.272	118.7	995.7	0.53718	1.0549	0.015125	0.53842	0.93186	0.11667	0.47045	0.86064	0.085169	0.55864	1.102	0.50799	0.42893	1.1061	0.49879	0.56022	1.0619	0.059131	0.48106	1.1078	0.061106	0.51082	1.2365	0.87923	0.4871	0.95094	0.12252	0.49356	1.1071	0.50527	89.793	-5.0331	-7.814	-129.73	30.689	-4.2125	-2.8755	-1.8608	-6.7157	-7.8756	9.3488	-5.2915	79.135	-41.954	-7.648
-81.044	128.28	1005.8	0.53676	1.0556	0.015129	0.53865	0.93337	0.11805	0.47053	0.86166	0.087683	0.55844	1.1085	0.50765	0.4288	1.1135	0.49796	0.56003	1.0619	0.059061	0.48111	1.1079	0.061074	0.51039	1.2464	0.87752	0.48733	0.95246	0.12403	0.49339	1.1142	0.50475	90.038	-4.7631	-8.0589	-131.8	29.882	-4.1757	-3.2129	-1.9099	-6.52	-5.8934	9.4505	-5.2639	82.366	-41.996	-7.2802
-81.387	137.81	1013.1	0.53631	1.0564	0.015132	0.53892	0.935	0.11952	0.47062	0.86279	0.090412	0.55825	1.1153	0.50732	0.42869	1.1212	0.49705	0.55984	1.0618	0.058959	0.48116	1.1079	0.061049	0.50992	1.2565	0.87585	0.48758	0.95411	0.12566	0.49323	1.1215	0.5042	90.268	-4.4717	-8.3199	-133.48	28.879	-4.1031	-3.6044	-1.9586	-6.299	-3.6556	9.6021	-5.2008	85.408	-41.671	-6.8597
-81.292	147.21	1017.3	0.53583	1.0572	0.015136	0.53924	0.93676	0.1211	0.47074	0.86405	0.093366	0.55809	1.1224	0.50698	0.42863	1.1293	0.49606	0.55963	1.0618	0.05882	0.48121	1.108	0.061029	0.50941	1.2666	0.87423	0.48786	0.95591	0.12743	0.4931	1.1292	0.50361	90.481	-4.1608	-8.5969	-134.71	27.688	-3.9954	-4.0545	-2.0063	-6.0578	-1.1712	9.7971	-5.1037	88.171	-40.975	-6.3969
-80.76	156.36	1017.8	0.53534	1.0579	0.01514	0.5396	0.93866	0.12277	0.47088	0.86545	0.096554	0.55794	1.1298	0.50662	0.42861	1.1377	0.49497	0.55941	1.0616	0.058639	0.48126	1.108	0.061015	0.50884	1.2769	0.87266	0.48816	0.95786	0.12932	0.493	1.1372	0.50296	90.676	-3.832	-8.8894	-135.43	26.321	-3.8535	-4.568	-2.0525	-5.8037	1.5463	10.027	-4.9745	90.564	-39.913	-5.9002
-79.793	165.14	1014.5	0.53485	1.0587	0.015143	0.54001	0.94071	0.12454	0.47105	0.86702	0.099983	0.55784	1.1374	0.50623	0.42865	1.1465	0.49379	0.55917	1.0615	0.05841	0.48132	1.108	0.061004	0.50823	1.2872	0.87115	0.4885	0.96	0.13135	0.49294	1.1455	0.50226	90.851	-3.4863	-9.1959	-135.57	24.794	-3.6778	-5.1495	-2.0967	-5.5455	4.4784	10.282	-4.816	92.495	-38.498	-5.3759
-78.397	173.41	1006.9	0.53436	1.0595	0.015147	0.54046	0.94292	0.12642	0.47125	0.86878	0.10366	0.5578	1.1454	0.5058	0.42877	1.1556	0.49251	0.55893	1.0613	0.058132	0.48138	1.108	0.060996	0.50756	1.2976	0.86971	0.48888	0.96232	0.13349	0.49295	1.1542	0.50148	91.002	-3.1242	-9.5142	-135.07	23.126	-3.4697	-5.8039	-2.1382	-5.2926	7.602	10.549	-4.6323	93.883	-36.749	-4.8293
-76.572	180.99	994.66	0.53388	1.0603	0.015151	0.54097	0.94531	0.1284	0.47149	0.87075	0.10759	0.55781	1.1538	0.50531	0.42897	1.165	0.49111	0.55868	1.0611	0.057807	0.48144	1.1079	0.060988	0.50683	1.3081	0.86835	0.48931	0.96486	0.13576	0.49302	1.1633	0.50062	91.128	-2.7457	-9.8404	-133.88	21.34	-3.2311	-6.5368	-2.1762	-5.0551	10.889	10.816	-4.4293	94.649	-34.692	-4.2664
-74.318	187.68	977.55	0.53343	1.0611	0.015155	0.54151	0.94788	0.13048	0.47177	0.87297	0.11179	0.5579	1.1625	0.50474	0.42927	1.1748	0.4896	0.55844	1.0609	0.057439	0.4815	1.1077	0.060979	0.50602	1.3187	0.86706	0.48978	0.96763	0.13814	0.49319	1.1726	0.49966	91.221	-2.3505	-10.17	-131.93	19.46	-2.9655	-7.354	-2.2096	-4.8421	14.303	11.07	-4.215	94.724	-32.356	-3.6939
-71.636	193.23	955.23	0.533	1.0619	0.015159	0.54208	0.95065	0.13268	0.47208	0.87548	0.11626	0.55809	1.1716	0.50407	0.42967	1.1849	0.48796	0.5582	1.0607	0.057043	0.48156	1.1076	0.060965	0.50514	1.3292	0.86585	0.49029	0.97065	0.14063	0.49345	1.1824	0.49857	91.275	-1.938	-10.496	-129.19	17.512	-2.6773	-8.2623	-2.2368	-4.6619	17.803	11.296	-3.999	94.057	-29.772	-3.1188
-68.524	197.37	927.44	0.5326	1.0628	0.015163	0.54267	0.95367	0.13501	0.47239	0.87831	0.12104	0.55836	1.1812	0.50329	0.43018	1.1954	0.48618	0.55798	1.0604	0.056637	0.48162	1.1074	0.060947	0.50417	1.3399	0.86473	0.49085	0.97396	0.14323	0.49382	1.1926	0.49735	91.281	-1.5075	-10.813	-125.59	15.526	-2.3711	-9.2683	-2.2566	-4.5209	21.337	11.481	-3.7909	92.612	-26.979	-2.5484
-64.984	199.81	893.95	0.53223	1.0636	0.015168	0.54328	0.95696	0.1375	0.47271	0.88154	0.12614	0.55875	1.1911	0.50238	0.43082	1.2064	0.48425	0.55778	1.0601	0.05625	0.48168	1.1072	0.060923	0.50311	1.3505	0.86369	0.49145	0.9776	0.14594	0.49432	1.2032	0.49598	91.225	-1.0589	-11.111	-121.1	13.537	-2.0516	-10.379	-2.2676	-4.4228	24.84	11.616	-3.6005	90.38	-24.015	-1.99
-61.028	200.24	854.64	0.53189	1.0646	0.015173	0.54388	0.96057	0.14016	0.47301	0.8852	0.13158	0.55924	1.2016	0.50135	0.43159	1.2178	0.48216	0.5576	1.0599	0.05592	0.48173	1.1071	0.060892	0.50196	1.3612	0.86274	0.49207	0.98161	0.14877	0.49494	1.2143	0.49445	91.092	-0.59325	-11.384	-115.71	11.58	-1.7247	-11.603	-2.2684	-4.3692	28.233	11.687	-3.4365	87.376	-20.931	-1.4526
-56.685	198.36	809.56	0.53157	1.0657	0.01518	0.54446	0.96454	0.14303	0.47327	0.88938	0.1374	0.55986	1.2125	0.50017	0.4325	1.2297	0.47989	0.55746	1.0598	0.055693	0.48177	1.107	0.060854	0.50071	1.3719	0.86188	0.4927	0.98602	0.15172	0.49569	1.2259	0.49275	90.863	-0.11348	-11.621	-109.4	9.6952	-1.3965	-12.946	-2.2585	-4.3595	31.423	11.681	-3.3053	83.639	-17.787	-0.94603
-52.011	193.97	758.96	0.53127	1.0669	0.015187	0.545	0.96892	0.14616	0.47346	0.89414	0.14364	0.5606	1.224	0.49885	0.43355	1.2421	0.47745	0.55735	1.0598	0.055622	0.48181	1.107	0.060811	0.49939	1.3826	0.86112	0.49333	0.99091	0.15481	0.49658	1.238	0.49088	90.516	0.37529	-11.814	-102.21	7.9265	-1.0726	-14.417	-2.2378	-4.3912	34.301	11.585	-3.2096	79.236	-14.66	-0.48114
-47.09	186.93	703.37	0.53098	1.0684	0.015195	0.54547	0.97378	0.14958	0.47355	0.89955	0.15031	0.56147	1.236	0.49739	0.43476	1.2551	0.47483	0.55727	1.0599	0.055765	0.48185	1.1072	0.060766	0.49799	1.3932	0.86047	0.49392	0.9963	0.15806	0.4976	1.2507	0.48884	90.03	0.86496	-11.955	-94.234	6.3171	-0.76076	-16.026	-2.2063	-4.4606	36.743	11.382	-3.1478	74.256	-11.637	-0.068156
-42.04	177.27	643.62	0.53071	1.0701	0.015206	0.54586	0.97918	0.15335	0.47352	0.9057	0.15746	0.56246	1.2487	0.49579	0.43612	1.2687	0.47204	0.55724	1.0603	0.056186	0.48188	1.1076	0.060723	0.49653	1.4038	0.85994	0.49446	1.0023	0.16148	0.49876	1.264	0.48663	89.378	1.3442	-12.035	-85.59	4.9073	-0.46915	-17.778	-2.1647	-4.5628	38.629	11.056	-3.1125	68.811	-8.8177	0.28615
-37.004	165.17	580.84	0.53046	1.0721	0.015218	0.54612	0.98518	0.1575	0.47335	0.91265	0.16509	0.56356	1.2619	0.49407	0.43762	1.2829	0.46909	0.55723	1.061	0.056948	0.48191	1.1083	0.06069	0.49504	1.4144	0.85954	0.4949	1.0089	0.16511	0.50005	1.278	0.48426	88.539	1.7987	-12.044	-76.456	3.7293	-0.20533	-19.68	-2.1142	-4.692	39.843	10.594	-3.0897	63.027	-6.3022	0.58054
-32.132	151	516.38	0.53024	1.0745	0.015233	0.54625	0.99185	0.16208	0.473	0.9205	0.17323	0.56478	1.2759	0.49223	0.43927	1.2979	0.46601	0.55725	1.0621	0.058109	0.48195	1.1094	0.060678	0.49351	1.4248	0.85927	0.49523	1.0161	0.16896	0.50145	1.2926	0.48175	87.493	2.2109	-11.978	-67.052	2.8014	0.024584	-21.733	-2.0563	-4.8413	40.284	9.9863	-3.0596	57.032	-4.1777	0.8187
-27.562	135.27	451.71	0.53009	1.0773	0.015251	0.54623	0.99925	0.16712	0.47247	0.92929	0.18187	0.56609	1.2905	0.49028	0.44103	1.3135	0.46283	0.55729	1.0638	0.059724	0.48201	1.1109	0.060699	0.49198	1.4351	0.85914	0.49539	1.0241	0.17306	0.50294	1.3079	0.47913	86.225	2.5617	-11.828	-57.625	2.1221	0.21579	-23.937	-1.9928	-5.0037	39.877	9.2356	-2.9992	50.94	-2.5036	1.0057
-23.395	118.61	388.31	0.53002	1.0805	0.015272	0.54604	1.0074	0.17265	0.47174	0.93909	0.19099	0.56747	1.3058	0.48826	0.44288	1.3299	0.45961	0.55736	1.066	0.061833	0.48209	1.113	0.060771	0.49045	1.4453	0.85913	0.49537	1.0329	0.17741	0.50451	1.3238	0.47643	84.73	2.8307	-11.593	-48.435	1.6669	0.36512	-26.284	-1.9253	-5.1725	38.589	8.3559	-2.8874	44.849	-1.2968	1.1442
-19.684	101.69	327.6	0.53007	1.0842	0.015297	0.54567	1.0165	0.17866	0.4708	0.94995	0.20055	0.5689	1.3217	0.48619	0.44478	1.3469	0.45638	0.55746	1.0689	0.064461	0.48222	1.1158	0.060913	0.48892	1.4553	0.85925	0.49514	1.0424	0.18205	0.50613	1.3405	0.47369	83.014	2.998	-11.272	-39.735	1.3932	0.47186	-28.76	-1.8553	-5.3423	36.433	7.374	-2.7088	38.838	-0.5293	1.2339
-16.435	85.146	270.75	0.53027	1.0885	0.015325	0.54514	1.0264	0.18516	0.46965	0.9619	0.21048	0.57034	1.3383	0.48411	0.44671	1.3645	0.45321	0.5576	1.0727	0.067613	0.48241	1.1192	0.061147	0.48742	1.4653	0.85947	0.49466	1.0528	0.18695	0.50776	1.3577	0.47095	81.099	3.0455	-10.871	-31.746	1.2459	0.53686	-31.35	-1.7838	-5.5093	33.473	6.3269	-2.4571	32.971	-0.13381	1.2706
-13.607	69.556	218.69	0.53066	1.0933	0.015358	0.54444	1.0373	0.19211	0.46831	0.97495	0.22072	0.57175	1.3555	0.48206	0.44861	1.3828	0.45017	0.5578	1.0774	0.071272	0.48268	1.1235	0.061494	0.48594	1.4751	0.85979	0.49393	1.0641	0.19213	0.50936	1.3755	0.46828	79.021	2.958	-10.402	-24.644	1.1653	0.56088	-34.028	-1.7107	-5.6709	29.821	5.2565	-2.1389	27.301	-0.013764	1.2474
-11.132	55.339	172.02	0.53124	1.0988	0.015395	0.54358	1.0491	0.19946	0.46678	0.98908	0.23114	0.57311	1.3732	0.48012	0.45044	1.4015	0.44733	0.55806	1.0832	0.075397	0.48306	1.1286	0.061978	0.48449	1.4849	0.86018	0.49294	1.0761	0.19756	0.5109	1.3938	0.46573	76.834	2.7251	-9.883	-18.534	1.0979	0.54591	-36.765	-1.6355	-5.8256	25.629	4.2058	-1.7725	21.886	-0.059789	1.1596
-8.9415	42.757	131.05	0.53202	1.105	0.015438	0.54257	1.0619	0.20715	0.46506	1.0043	0.24162	0.57437	1.3913	0.47833	0.45215	1.4207	0.44477	0.55842	1.0901	0.079927	0.48356	1.1347	0.062622	0.48307	1.4947	0.86065	0.49168	1.0891	0.20319	0.51233	1.4126	0.46338	74.601	2.3428	-9.3417	-13.484	1.0039	0.49249	-39.531	-1.5567	-5.9734	21.098	3.2098	-1.3823	16.792	-0.18213	1.0066
-6.989	31.915	95.863	0.53301	1.1124	0.01549	0.54144	1.0756	0.21507	0.46317	1.0204	0.25201	0.5755	1.4099	0.47675	0.45371	1.4403	0.44254	0.55888	1.0981	0.084793	0.48421	1.1418	0.063456	0.48169	1.5044	0.86119	0.49019	1.1029	0.20898	0.51363	1.4317	0.46128	72.399	1.8149	-8.8085	-9.4562	0.86137	0.40486	-42.292	-1.4728	-6.1153	16.422	2.2983	-0.99712	12.11	-0.30491	0.79935
-5.2585	22.785	66.398	0.53428	1.1219	0.015556	0.54019	1.0902	0.22312	0.46112	1.0375	0.26216	0.57648	1.4289	0.47546	0.45507	1.4602	0.44073	0.55945	1.1074	0.089921	0.48499	1.15	0.064514	0.48036	1.5141	0.86177	0.48847	1.1175	0.21488	0.51476	1.4511	0.45951	70.304	1.1541	-8.3157	-6.3413	0.66681	0.2912	-45.014	-1.3821	-6.2534	11.805	1.4953	-0.64366	7.9659	-0.38068	0.56188
-3.7555	15.271	42.468	0.53606	1.1358	0.015651	0.53884	1.1056	0.23116	0.45892	1.0553	0.2719	0.57728	1.448	0.47449	0.45621	1.4802	0.43937	0.56011	1.118	0.095243	0.48591	1.1594	0.065846	0.47907	1.5239	0.86241	0.48657	1.1329	0.2208	0.51569	1.4707	0.45811	68.394	0.38209	-7.8916	-4.3892	0.42788	0.13983	-47.668	-1.2833	-6.3909	7.7523	0.78892	-0.32302	4.4222	-0.50107	0.30252
-2.4416	9.0954	23.328	0.53897	1.1608	0.015824	0.53741	1.1217	0.23908	0.45659	1.0738	0.28108	0.57787	1.4674	0.4739	0.45709	1.5004	0.43852	0.56085	1.1298	0.1007	0.48694	1.17	0.067502	0.47784	1.5336	0.86311	0.48452	1.149	0.22668	0.51641	1.4904	0.45713	66.736	-0.47178	-7.5577	-2.3097	0.17691	0.025719	-50.225	-1.1765	-6.532	3.5907	0.26992	-0.10632	1.7027	-0.34461	0.10523
0	0	0	NaN	NaN	NaN	0.5359	1.1385	0.24675	0.45414	1.0927	0.28956	0.57826	1.4869	0.47372	0.45772	1.5205	0.43819	0.56162	1.1428	0.10625	0.48806	1.1819	0.069532	0.47668	1.5435	0.86386	0.48235	1.1657	0.23245	0.51689	1.5102	0.4566	65.387	-1.3722	-7.3255	0.033766	0.001814	0.004216	-52.666	-1.0642	-6.6813	0.00602	0.034528	-0.037295	0.22227	0.10251	0.034242
