5.3304	4.9374	87.004	0.51872	0.85272	0.013749	0.56152	0.87231	0.10261	0.48749	0.82655	0.045089	0.57524	0.73724	0.50869	0.44521	0.73965	0.50528	0.58137	1.0193	0.11811	0.50097	1.0557	0.14661	0.52848	0.59029	0.86817	0.50756	0.87061	0.11961	0.5121	0.73954	0.50163	78.653	-4.2072	-10.936	1.8144	1.8665	-0.42579	-3.7272	-3.0218	-8.6726	-12.175	3.326	-1.2011	-27.205	2.2954	3.3268
6.7277	4.8489	126.91	0.51891	0.86569	0.013834	0.56076	0.88075	0.10235	0.48695	0.83402	0.045532	0.57433	0.74606	0.50723	0.44429	0.7476	0.50346	0.5794	1.0279	0.11606	0.49866	1.064	0.14379	0.52788	0.60088	0.86708	0.50646	0.87899	0.11807	0.51114	0.74783	0.5001	77.915	-4.4065	-10.774	2.3011	2.6585	-0.72708	-3.4327	-2.9927	-8.4455	-16.925	4.4928	-1.7713	-37.663	2.7524	4.0645
8.1046	3.5076	174.56	0.51913	0.87574	0.0139	0.56003	0.88799	0.102	0.48648	0.83998	0.046182	0.57349	0.75508	0.50599	0.44345	0.75587	0.50188	0.57742	1.0354	0.11297	0.4963	1.0712	0.1396	0.52728	0.61157	0.86614	0.50536	0.88635	0.11632	0.51024	0.75643	0.49885	76.989	-4.5895	-10.551	3.0477	3.7057	-1.0868	-3.346	-2.9405	-8.2454	-21.855	5.9065	-2.4197	-49.029	3.237	4.7969
9.2916	0.080864	229.35	0.51938	0.8844	0.013958	0.55934	0.89421	0.10157	0.48607	0.84464	0.047004	0.5727	0.7643	0.50499	0.44268	0.76445	0.50054	0.57547	1.0419	0.10899	0.49393	1.0776	0.13423	0.52671	0.62238	0.86536	0.5043	0.89288	0.11443	0.5094	0.76532	0.49787	75.898	-4.7684	-10.273	3.9128	4.9619	-1.4765	-3.4389	-2.8704	-8.063	-26.263	7.4082	-3.0815	-59.882	3.5895	5.3222
10.056	-6.2851	290.22	0.51969	0.89244	0.014011	0.5587	0.89957	0.10107	0.48572	0.84825	0.047961	0.57198	0.77372	0.50421	0.44197	0.77332	0.49943	0.57363	1.0475	0.10431	0.49164	1.0833	0.12791	0.52618	0.63333	0.86475	0.50328	0.89871	0.11248	0.50861	0.77449	0.49712	74.685	-4.9635	-9.9516	4.8744	6.4479	-1.8556	-3.6829	-2.7868	-7.8815	-29.685	8.9344	-3.7053	-69.464	3.7409	5.5817
10.12	-16.108	356.21	0.5201	0.90016	0.014063	0.55811	0.90421	0.10055	0.48541	0.85101	0.049013	0.57133	0.78333	0.50366	0.44133	0.78246	0.49857	0.57193	1.0524	0.09917	0.4895	1.0883	0.12096	0.5257	0.64441	0.86433	0.50231	0.90401	0.11052	0.50788	0.78391	0.4966	73.408	-5.1992	-9.605	5.8146	8.1421	-2.1836	-4.0539	-2.6936	-7.679	-31.666	10.32	-4.2342	-76.899	3.5156	5.4301
9.2095	-29.408	426.68	0.52063	0.90762	0.014113	0.55757	0.90824	0.10002	0.48515	0.85312	0.050118	0.57073	0.79315	0.50333	0.44074	0.79185	0.49795	0.57039	1.0566	0.093804	0.48755	1.0927	0.11368	0.52527	0.65562	0.86408	0.50139	0.90885	0.10862	0.50721	0.79357	0.4963	72.142	-5.4999	-9.2547	6.6424	10.043	-2.4288	-4.5347	-2.5943	-7.4338	-32.029	11.431	-4.6338	-81.904	2.7452	4.7711
7.1452	-45.762	500.94	0.52128	0.91473	0.014162	0.55709	0.91174	0.099514	0.48493	0.85473	0.051231	0.57018	0.80318	0.50322	0.44021	0.80148	0.49759	0.56905	1.0601	0.088446	0.48583	1.0966	0.10639	0.52491	0.66697	0.86404	0.50053	0.91329	0.10683	0.50661	0.80343	0.4962	70.964	-5.8846	-8.9226	7.2755	12.144	-2.5676	-5.1162	-2.4931	-7.1304	-30.744	12.173	-4.8802	-84.505	1.3081	3.5674
3.9123	-64.495	577.9	0.522	0.92143	0.014208	0.55664	0.91476	0.099064	0.48475	0.85595	0.052314	0.56967	0.81342	0.50333	0.43971	0.81131	0.4975	0.56791	1.0631	0.083306	0.48436	1.1	0.099371	0.52463	0.67842	0.86419	0.49973	0.91734	0.1052	0.50605	0.8135	0.49629	69.947	-6.3631	-8.6265	7.6408	14.422	-2.5794	-5.7941	-2.3946	-6.763	-27.829	12.508	-4.9504	-84.81	-0.84141	1.8494
-0.35424	-84.815	655.94	0.52275	0.92766	0.014251	0.55622	0.91734	0.098688	0.4846	0.85688	0.053332	0.56918	0.82386	0.50364	0.43924	0.82131	0.49767	0.56695	1.0656	0.07856	0.48315	1.1028	0.092847	0.52442	0.68996	0.86454	0.49898	0.921	0.10375	0.50555	0.82373	0.49657	69.15	-6.9349	-8.3759	7.6803	16.832	-2.4428	-6.5649	-2.303	-6.3369	-23.31	12.443	-4.8161	-82.926	-3.6718	-0.29196
-5.4154	-105.82	733.01	0.52345	0.93338	0.01429	0.55582	0.91953	0.098401	0.48447	0.85759	0.054259	0.56871	0.83446	0.50413	0.43878	0.83141	0.4981	0.56615	1.0675	0.07434	0.48216	1.1051	0.086988	0.52429	0.70157	0.86507	0.49828	0.92423	0.1025	0.50508	0.83409	0.49703	68.615	-7.589	-8.171	7.3553	19.312	-2.1355	-7.4212	-2.2212	-5.8675	-17.258	12.013	-4.4441	-78.972	-7.099	-2.7278
-10.976	-126.54	806.97	0.5241	0.93857	0.014326	0.55542	0.92135	0.09821	0.48437	0.85812	0.055076	0.56824	0.84517	0.50479	0.43833	0.84154	0.49876	0.56549	1.069	0.070725	0.48136	1.107	0.081898	0.52425	0.71322	0.86577	0.49762	0.92703	0.10146	0.50463	0.8445	0.49764	68.358	-8.3064	-8.0038	6.6545	21.794	-1.6427	-8.3481	-2.1492	-5.3765	-9.8558	11.275	-3.8095	-73.189	-11	-5.3091
-16.731	-145.97	875.93	0.52465	0.94321	0.014358	0.55502	0.92284	0.098114	0.48429	0.85852	0.055776	0.56777	0.85589	0.50556	0.43788	0.85162	0.49961	0.56493	1.0702	0.067748	0.48072	1.1084	0.077624	0.52429	0.7249	0.86664	0.497	0.92941	0.10064	0.50422	0.85491	0.49839	68.375	-9.0626	-7.8617	5.5974	24.209	-0.96983	-9.3234	-2.0845	-4.8892	-1.3968	10.289	-2.9106	-65.94	-15.229	-7.8958
-22.456	-163.28	938.38	0.52513	0.94732	0.014386	0.55463	0.92403	0.098103	0.48422	0.85881	0.056358	0.56731	0.86653	0.50641	0.43744	0.86155	0.5006	0.56446	1.071	0.065391	0.48022	1.1096	0.074155	0.52442	0.73657	0.86766	0.49641	0.93139	0.10004	0.50382	0.8652	0.49923	68.646	-9.8294	-7.7307	4.2211	26.494	-0.14799	-10.319	-2.0228	-4.4319	7.7487	9.0966	-1.7736	-57.645	-19.658	-10.393
-28.041	-177.92	993.45	0.52554	0.95094	0.014411	0.55423	0.92497	0.098163	0.48418	0.85902	0.056829	0.56687	0.87696	0.5073	0.43702	0.87124	0.50166	0.56407	1.0716	0.063601	0.47984	1.1104	0.07143	0.52464	0.74821	0.8688	0.49584	0.93302	0.099658	0.50344	0.87528	0.50013	69.132	-10.575	-7.598	2.5658	28.605	0.77226	-11.302	-1.9597	-4.0311	17.181	7.7148	-0.4467	-48.718	-24.2	-12.76
-33.378	-189.6	1040.9	0.5259	0.95413	0.014433	0.55385	0.9257	0.098277	0.48415	0.85917	0.057199	0.56645	0.88708	0.50818	0.43663	0.88059	0.50272	0.56374	1.0719	0.0623	0.47954	1.111	0.069359	0.52493	0.7598	0.87005	0.4953	0.93436	0.099456	0.50308	0.88504	0.50105	69.79	-11.268	-7.4539	0.67745	30.514	1.7421	-12.241	-1.8917	-3.7124	26.518	6.1817	1.0135	-39.528	-28.746	-14.951
-38.311	-198.15	1080.6	0.52622	0.95692	0.014452	0.55349	0.92625	0.098428	0.48414	0.85928	0.057485	0.56608	0.8968	0.50902	0.43628	0.88953	0.50372	0.56347	1.0722	0.061403	0.47931	1.1114	0.067836	0.52528	0.77131	0.8714	0.4948	0.93544	0.099404	0.50276	0.8944	0.50194	70.574	-11.877	-7.2927	-1.3851	32.197	2.7178	-13.104	-1.8172	-3.4973	35.404	4.5651	2.5407	-30.42	-33.15	-16.896
-42.712	-203.5	1112.6	0.5265	0.95935	0.014469	0.55314	0.92667	0.0986	0.48413	0.85935	0.057699	0.56575	0.90602	0.50977	0.43599	0.89797	0.50462	0.56324	1.0723	0.060828	0.47915	1.1117	0.066759	0.52568	0.78273	0.87282	0.49435	0.93634	0.099463	0.50246	0.90326	0.50274	71.441	-12.379	-7.1133	-3.5578	33.632	3.6566	-13.868	-1.7363	-3.4008	43.522	2.9293	4.0624	-21.702	-37.274	-18.54
-46.544	-205.64	1137.2	0.52675	0.96143	0.014483	0.55283	0.92698	0.098779	0.48414	0.85941	0.057857	0.56547	0.9147	0.51041	0.43576	0.90588	0.50539	0.56305	1.0724	0.060496	0.47902	1.1119	0.066032	0.52611	0.79403	0.87429	0.49395	0.93709	0.099593	0.50221	0.91159	0.50344	72.351	-12.758	-6.9187	-5.7827	34.804	4.5169	-14.511	-1.6506	-3.4284	50.608	1.3133	5.5078	-13.621	-41.031	-19.871
-49.833	-204.73	1154.4	0.52699	0.96322	0.014496	0.55255	0.92722	0.098956	0.48415	0.85945	0.057972	0.56525	0.92281	0.51093	0.4356	0.91322	0.506	0.5629	1.0724	0.060341	0.47893	1.112	0.065572	0.52654	0.80518	0.8758	0.49362	0.93774	0.09976	0.50201	0.91934	0.50402	73.272	-13.011	-6.7151	-8.0169	35.713	5.2651	-15.023	-1.5618	-3.5748	56.469	-0.25902	6.8175	-6.3472	-44.377	-20.903
-52.646	-201.05	1164.5	0.52724	0.96476	0.014506	0.5523	0.92739	0.099122	0.48417	0.85947	0.058059	0.5651	0.93033	0.51131	0.4355	0.91999	0.50647	0.56277	1.0725	0.060306	0.47887	1.1121	0.065307	0.52695	0.81617	0.87735	0.49334	0.9383	0.099939	0.50187	0.9265	0.50446	74.177	-13.144	-6.5098	-10.231	36.369	5.8781	-15.397	-1.4722	-3.8244	60.992	-1.7727	7.9482	0.025566	-47.3	-21.669
-55.082	-194.95	1167.9	0.52752	0.96613	0.014516	0.55209	0.92751	0.099273	0.48419	0.8595	0.058126	0.565	0.93725	0.51158	0.43546	0.9262	0.50681	0.56267	1.0725	0.060347	0.47884	1.1121	0.065178	0.52733	0.82695	0.87891	0.49313	0.93881	0.10011	0.50178	0.93308	0.50478	75.046	-13.17	-6.3103	-12.405	36.792	6.3426	-15.636	-1.3846	-4.1527	64.127	-3.2166	8.8722	5.4585	-49.816	-22.213
-57.235	-186.84	1165	0.52786	0.96738	0.014525	0.55192	0.92761	0.099406	0.48422	0.85952	0.058185	0.56497	0.9436	0.51174	0.43549	0.93189	0.50704	0.56259	1.0725	0.060427	0.47881	1.1122	0.065136	0.52766	0.83754	0.88049	0.49297	0.93925	0.10028	0.50176	0.9391	0.505	75.862	-13.11	-6.1236	-14.527	37.011	6.6554	-15.744	-1.3025	-4.5291	65.889	-4.5751	9.5763	9.9598	-51.95	-22.577
-59.171	-177.17	1156.3	0.52827	0.96857	0.014534	0.55179	0.92769	0.09952	0.48424	0.85954	0.058241	0.56501	0.94938	0.51181	0.43557	0.93709	0.50719	0.56253	1.0725	0.060523	0.4788	1.1122	0.065146	0.52794	0.84791	0.88209	0.49288	0.93965	0.10042	0.5018	0.94458	0.50514	76.617	-12.986	-5.9557	-16.599	37.057	6.8232	-15.728	-1.2299	-4.9197	66.35	-5.8193	10.059	13.586	-53.722	-22.788
-60.917	-166.39	1142.4	0.52875	0.96977	0.014544	0.5517	0.92776	0.099618	0.48427	0.85957	0.058301	0.5651	0.95462	0.51182	0.4357	0.94186	0.50731	0.56249	1.0725	0.060617	0.4788	1.1122	0.065178	0.52814	0.85808	0.88368	0.49285	0.94001	0.10056	0.5019	0.94957	0.50523	77.302	-12.823	-5.8105	-18.622	36.964	6.8596	-15.599	-1.1711	-5.2915	65.628	-6.9123	10.326	16.423	-55.142	-22.863
-62.461	-154.91	1124.2	0.52931	0.97103	0.014553	0.55163	0.92782	0.099701	0.48429	0.85959	0.058369	0.56523	0.95936	0.51179	0.43587	0.94623	0.5074	0.56246	1.0725	0.060696	0.47881	1.1123	0.065213	0.52828	0.86807	0.88527	0.49286	0.94033	0.1007	0.50204	0.95411	0.5053	77.917	-12.642	-5.6903	-20.603	36.762	6.7819	-15.368	-1.1296	-5.6155	63.868	-7.8158	10.39	18.572	-56.205	-22.802
-63.767	-143.1	1102.2	0.52994	0.9724	0.014564	0.55159	0.92788	0.099772	0.4843	0.85963	0.058446	0.56541	0.96364	0.51174	0.43606	0.95028	0.50749	0.56243	1.0725	0.060754	0.47882	1.1123	0.065238	0.52834	0.87789	0.88685	0.49293	0.9406	0.10084	0.50222	0.95824	0.50536	78.463	-12.461	-5.5948	-22.548	36.477	6.6088	-15.044	-1.1073	-5.8698	61.234	-8.4969	10.269	20.142	-56.898	-22.598
-64.782	-131.26	1077.4	0.53061	0.97391	0.014576	0.55156	0.92795	0.099834	0.48431	0.85967	0.058535	0.56561	0.96751	0.51169	0.43627	0.95404	0.50758	0.56242	1.0726	0.060788	0.47883	1.1123	0.065245	0.52832	0.88757	0.8884	0.49302	0.94084	0.10098	0.50241	0.96201	0.50543	78.943	-12.29	-5.5221	-24.462	36.127	6.3587	-14.638	-1.1041	-6.0403	57.899	-8.9338	9.9805	21.248	-57.202	-22.242
-65.451	-119.63	1050.1	0.53133	0.97559	0.014589	0.55156	0.92802	0.099889	0.48432	0.85972	0.058635	0.56581	0.97101	0.51165	0.43647	0.95756	0.50769	0.56241	1.0726	0.060797	0.47885	1.1124	0.065229	0.52821	0.89714	0.88991	0.49314	0.94105	0.10114	0.50262	0.96546	0.50552	79.364	-12.138	-5.4689	-26.348	35.727	6.0475	-14.16	-1.1177	-6.1225	54.028	-9.1178	9.5457	21.994	-57.095	-21.725
-65.729	-108.39	1021.1	0.53207	0.97745	0.014603	0.55155	0.9281	0.099941	0.48432	0.85978	0.058746	0.56602	0.97419	0.51162	0.43666	0.96088	0.5078	0.56241	1.0727	0.060784	0.47887	1.1125	0.06519	0.52803	0.90663	0.89137	0.49327	0.94122	0.10131	0.50281	0.96864	0.50562	79.731	-12.003	-5.4313	-28.206	35.285	5.6894	-13.618	-1.1447	-6.1198	49.778	-9.0508	8.9862	22.47	-56.56	-21.046
-65.583	-97.673	990.89	0.53282	0.9795	0.014619	0.55155	0.92818	0.099992	0.48431	0.85984	0.058866	0.56622	0.97709	0.5116	0.43683	0.96404	0.5079	0.56241	1.0728	0.060751	0.47889	1.1125	0.06513	0.52777	0.91605	0.89279	0.49339	0.94137	0.1015	0.50298	0.97159	0.50576	80.052	-11.882	-5.4059	-30.038	34.805	5.2965	-13.023	-1.1813	-6.0432	45.283	-8.7428	8.3248	22.745	-55.588	-20.211
-64.996	-87.557	959.9	0.53357	0.98177	0.014636	0.55154	0.92828	0.10004	0.4843	0.85991	0.058996	0.56639	0.97976	0.5116	0.43696	0.96707	0.50798	0.56241	1.0728	0.060702	0.47891	1.1126	0.06505	0.52743	0.92542	0.89415	0.49352	0.9415	0.10171	0.50312	0.97434	0.50591	80.334	-11.764	-5.3898	-31.847	34.29	4.8799	-12.381	-1.2236	-5.9095	40.659	-8.2103	7.5855	22.868	-54.186	-19.236
-63.971	-78.095	928.62	0.5343	0.98424	0.014654	0.55152	0.92838	0.1001	0.48428	0.85999	0.059135	0.56654	0.98224	0.51162	0.43707	0.96998	0.50803	0.56241	1.0729	0.06064	0.47894	1.1127	0.064953	0.527	0.93476	0.89546	0.49365	0.94162	0.10193	0.50321	0.97693	0.50609	80.583	-11.64	-5.3808	-33.637	33.739	4.4497	-11.7	-1.2684	-5.7383	36.001	-7.4745	6.7925	22.877	-52.371	-18.143
-62.532	-69.314	897.49	0.535	0.98693	0.014674	0.55149	0.9285	0.10016	0.48426	0.86008	0.059281	0.56665	0.98456	0.51166	0.43713	0.9728	0.50804	0.56241	1.073	0.060569	0.47897	1.1128	0.064843	0.5265	0.94407	0.8967	0.49377	0.94174	0.10216	0.50325	0.97939	0.50629	80.804	-11.501	-5.3769	-35.416	33.154	4.0135	-10.987	-1.3125	-5.5504	31.382	-6.5612	5.9686	22.796	-50.179	-16.96
-60.73	-61.214	866.92	0.53567	0.98983	0.014695	0.55144	0.92862	0.10022	0.48423	0.86017	0.059434	0.56673	0.98675	0.51172	0.43716	0.97553	0.50802	0.5624	1.0731	0.06049	0.479	1.1129	0.064723	0.52592	0.95335	0.89789	0.49389	0.94187	0.10241	0.50325	0.98174	0.50651	81.003	-11.338	-5.3767	-37.191	32.54	3.5763	-10.249	-1.3529	-5.365	26.856	-5.5029	5.1347	22.64	-47.667	-15.72
-58.648	-53.782	837.32	0.5363	0.99294	0.014717	0.55137	0.92876	0.10029	0.48419	0.86028	0.059596	0.56676	0.98884	0.51179	0.43715	0.97819	0.50796	0.5624	1.0732	0.060407	0.47903	1.113	0.064595	0.52526	0.96263	0.899	0.49401	0.94201	0.10268	0.50319	0.98402	0.50675	81.183	-11.148	-5.379	-38.974	31.905	3.141	-9.4919	-1.3863	-5.1988	22.463	-4.3404	4.3094	22.421	-44.913	-14.461
-56.397	-46.999	809.05	0.5369	0.99628	0.01474	0.55129	0.92891	0.10038	0.48415	0.86039	0.059767	0.56676	0.99087	0.51188	0.43712	0.98076	0.50786	0.5624	1.0733	0.06032	0.47906	1.1131	0.06446	0.52454	0.97189	0.90003	0.49412	0.94217	0.10296	0.50309	0.98624	0.507	81.349	-10.932	-5.3833	-40.777	31.261	2.7092	-8.7222	-1.4102	-5.0644	18.227	-3.1203	3.5093	22.151	-42.014	-13.224
-54.107	-40.84	782.46	0.53749	0.99983	0.014765	0.55118	0.92907	0.10046	0.48411	0.86051	0.059948	0.56673	0.99287	0.51198	0.43705	0.98327	0.50773	0.5624	1.0733	0.060232	0.47909	1.1133	0.064322	0.52375	0.98114	0.90097	0.49423	0.94235	0.10326	0.50295	0.98843	0.50726	81.505	-10.694	-5.3897	-42.615	30.623	2.2824	-7.9469	-1.4224	-4.9704	14.168	-1.8901	2.7481	21.849	-39.079	-12.047
-51.909	-35.283	757.85	0.53806	1.0036	0.014792	0.55106	0.92924	0.10057	0.48406	0.86064	0.06014	0.56666	0.99487	0.51209	0.43696	0.98572	0.50757	0.5624	1.0734	0.060141	0.47913	1.1134	0.064182	0.5229	0.99038	0.90181	0.49432	0.94254	0.10357	0.50277	0.9906	0.50753	81.654	-10.442	-5.3985	-44.507	30.009	1.8612	-7.1735	-1.4221	-4.921	10.299	-0.69416	2.0355	21.536	-36.217	-10.966
-49.921	-30.299	735.49	0.53863	1.0076	0.014819	0.55092	0.92943	0.10068	0.48401	0.86078	0.060345	0.56656	0.9969	0.51221	0.43685	0.98811	0.5074	0.56241	1.0735	0.060051	0.47917	1.1135	0.064042	0.522	0.99959	0.90254	0.49441	0.94276	0.1039	0.50257	0.99279	0.50781	81.8	-10.185	-5.4104	-46.47	29.436	1.4462	-6.4092	-1.4094	-4.9167	6.6284	0.4313	1.3771	21.239	-33.528	-10.004
-48.23	-25.853	715.63	0.53921	1.0118	0.014848	0.55076	0.92962	0.10082	0.48396	0.86093	0.060563	0.56644	0.99899	0.51234	0.43672	0.99047	0.50721	0.56242	1.0736	0.05996	0.47922	1.1137	0.063901	0.52105	1.0088	0.90317	0.49447	0.94301	0.10425	0.50233	0.99502	0.50809	81.946	-9.9323	-5.4259	-48.525	28.921	1.038	-5.6613	-1.386	-4.9543	3.1633	1.4626	0.77435	20.989	-31.088	-9.1752
-46.893	-21.907	698.52	0.53978	1.0162	0.014879	0.55058	0.92983	0.10096	0.4839	0.86108	0.060795	0.56628	1.0012	0.51246	0.43656	0.99283	0.50703	0.56243	1.0737	0.059871	0.47926	1.1138	0.063761	0.52006	1.0179	0.90367	0.49452	0.94328	0.10461	0.50207	0.9973	0.50837	82.094	-9.692	-5.445	-50.689	28.476	0.63704	-4.937	-1.3545	-5.0275	-0.088911	2.3888	0.22474	20.824	-28.948	-8.4847
-45.932	-18.407	684.37	0.54033	1.0207	0.01491	0.55039	0.93006	0.10113	0.48383	0.86123	0.061041	0.5661	1.0035	0.51259	0.43639	0.9952	0.50686	0.56244	1.0738	0.059783	0.47931	1.114	0.063621	0.51904	1.0271	0.90405	0.49455	0.94358	0.10498	0.50179	0.99968	0.50865	82.248	-9.4708	-5.4676	-52.976	28.112	0.24415	-4.2434	-1.318	-5.1287	-3.1222	3.2102	-0.27616	20.781	-27.132	-7.9281
-45.337	-15.29	673.38	0.54085	1.0252	0.014941	0.55017	0.9303	0.10132	0.48375	0.86139	0.061301	0.56589	1.0059	0.5127	0.43618	0.99764	0.50669	0.56245	1.074	0.0597	0.47936	1.1142	0.063483	0.51799	1.0362	0.90431	0.49456	0.94392	0.10537	0.50149	1.0022	0.50893	82.411	-9.2728	-5.4933	-55.401	27.834	-0.13877	-3.5877	-1.2802	-5.249	-5.9322	3.9355	-0.73344	20.896	-25.644	-7.4948
-45.082	-12.486	665.74	0.54129	1.0298	0.014972	0.54992	0.93056	0.10154	0.48365	0.86155	0.061575	0.56564	1.0085	0.5128	0.43596	1.0002	0.50655	0.56247	1.0741	0.059621	0.47942	1.1144	0.063345	0.51694	1.0452	0.90443	0.49454	0.94429	0.10578	0.50116	1.0048	0.5092	82.585	-9.0993	-5.521	-57.976	27.645	-0.50905	-2.9769	-1.2442	-5.3798	-8.5141	4.5794	-1.1519	21.206	-24.469	-7.1695
-45.118	-9.9244	661.58	0.54163	1.0343	0.015002	0.54965	0.93083	0.10178	0.48352	0.86172	0.061865	0.56537	1.0113	0.51289	0.4357	1.0029	0.50642	0.56249	1.0742	0.059549	0.47947	1.1145	0.063207	0.51588	1.0543	0.90442	0.49449	0.94469	0.1062	0.50081	1.0076	0.50945	82.775	-8.9489	-5.5496	-60.709	27.542	-0.8635	-2.4167	-1.2128	-5.5127	-10.859	5.1607	-1.5355	21.755	-23.575	-6.9334
-45.394	-7.5397	660.99	0.54185	1.0386	0.015031	0.54936	0.93113	0.10205	0.48338	0.86188	0.062176	0.56506	1.0142	0.51296	0.43541	1.0057	0.50631	0.56251	1.0743	0.059484	0.47953	1.1148	0.06307	0.51484	1.0633	0.90427	0.49442	0.94514	0.10664	0.50044	1.0106	0.50969	82.981	-8.8183	-5.5776	-63.606	27.523	-1.1977	-1.9125	-1.1876	-5.6406	-12.953	5.7012	-1.8861	22.596	-22.922	-6.7653
-45.85	-5.274	663.98	0.54194	1.0426	0.015058	0.54903	0.93144	0.10235	0.48321	0.86206	0.062515	0.56472	1.0174	0.51301	0.43508	1.0088	0.50621	0.56253	1.0745	0.059427	0.47959	1.115	0.062933	0.5138	1.0722	0.90398	0.49432	0.94561	0.1071	0.50005	1.0138	0.50989	83.205	-8.7029	-5.6035	-66.665	27.583	-1.5066	-1.4677	-1.1695	-5.7571	-14.775	6.2221	-2.2039	23.785	-22.463	-6.6433
-46.436	-3.0712	670.49	0.54188	1.0463	0.015082	0.54867	0.93178	0.10269	0.48302	0.86224	0.062892	0.56436	1.0208	0.51304	0.43473	1.0121	0.50611	0.56256	1.0746	0.059379	0.47966	1.1152	0.062796	0.5128	1.0812	0.90354	0.49421	0.94612	0.10758	0.49963	1.0172	0.51006	83.448	-8.5978	-5.6259	-69.881	27.715	-1.7861	-1.0842	-1.1584	-5.8574	-16.307	6.7404	-2.4882	25.376	-22.156	-6.5477
-47.108	-0.87015	680.39	0.54168	1.0497	0.015103	0.5483	0.93215	0.10307	0.48282	0.86244	0.063318	0.56398	1.0244	0.51304	0.43435	1.0157	0.50601	0.56258	1.0748	0.059338	0.47972	1.1154	0.06266	0.51183	1.0901	0.90296	0.49406	0.94667	0.10807	0.49921	1.0209	0.51019	83.709	-8.4979	-5.644	-73.243	27.911	-2.034	-0.76192	-1.1532	-5.9387	-17.533	7.2679	-2.7387	27.408	-21.963	-6.463
-47.846	1.4054	693.46	0.54136	1.0526	0.015122	0.54791	0.93255	0.10349	0.48262	0.86267	0.063804	0.56357	1.0281	0.51301	0.43395	1.0195	0.50588	0.56261	1.0749	0.059305	0.47979	1.1157	0.062525	0.5109	1.099	0.90224	0.49391	0.94725	0.10859	0.49877	1.0248	0.51027	83.987	-8.3987	-5.6576	-76.736	28.16	-2.2504	-0.49881	-1.1521	-5.9996	-18.451	7.8079	-2.9564	29.895	-21.86	-6.3794
-48.657	3.8474	709.42	0.54095	1.0552	0.015138	0.54751	0.93297	0.10395	0.48241	0.86292	0.064361	0.56317	1.0321	0.51294	0.43354	1.0236	0.50573	0.56263	1.0751	0.059277	0.47986	1.1159	0.062391	0.51001	1.1079	0.90138	0.49373	0.94786	0.10912	0.49833	1.0289	0.51031	84.278	-8.2965	-5.6678	-80.342	28.457	-2.4373	-0.29104	-1.1535	-6.0401	-19.072	8.3569	-3.1431	32.821	-21.841	-6.2926
-49.574	6.5602	727.91	0.54048	1.0574	0.01515	0.54712	0.93343	0.10446	0.48222	0.86319	0.064996	0.56276	1.0363	0.51285	0.43313	1.0279	0.50554	0.56266	1.0753	0.059253	0.47993	1.1161	0.062258	0.50917	1.1169	0.90039	0.49355	0.94851	0.10968	0.49789	1.0331	0.51028	84.579	-8.1892	-5.677	-84.042	28.796	-2.5975	-0.13367	-1.1558	-6.0611	-19.422	8.9034	-3.3019	36.141	-21.915	-6.2031
-50.654	9.6507	748.56	0.54	1.0592	0.015161	0.54675	0.93392	0.10501	0.48204	0.8635	0.065715	0.56236	1.0406	0.51273	0.43273	1.0324	0.50531	0.56268	1.0754	0.05923	0.48	1.1164	0.062127	0.50837	1.1258	0.89929	0.49338	0.94918	0.11026	0.49746	1.0376	0.51021	84.888	-8.0757	-5.6886	-87.82	29.173	-2.735	-0.020921	-1.1579	-6.0644	-19.54	9.4273	-3.4371	39.791	-22.113	-6.1159
-51.97	13.215	771	0.53955	1.0607	0.01517	0.54641	0.93444	0.1056	0.48188	0.86383	0.066518	0.56198	1.045	0.51258	0.43234	1.0371	0.50504	0.5627	1.0756	0.059208	0.48007	1.1166	0.061997	0.50763	1.1347	0.89807	0.49321	0.94988	0.11086	0.49706	1.0422	0.51008	85.203	-7.957	-5.7061	-91.662	29.586	-2.8537	0.053548	-1.159	-6.0521	-19.472	9.9031	-3.5532	43.695	-22.476	-6.0373
-53.595	17.341	794.87	0.53914	1.062	0.015177	0.54611	0.935	0.10623	0.48175	0.86419	0.067402	0.56163	1.0496	0.51239	0.43198	1.042	0.50473	0.56271	1.0757	0.059188	0.48013	1.1168	0.061871	0.50693	1.1436	0.89677	0.49307	0.95059	0.11149	0.49668	1.047	0.50991	85.521	-7.8344	-5.7332	-95.558	30.036	-2.9574	0.09603	-1.1586	-6.027	-19.267	10.305	-3.6547	47.774	-23.046	-5.9739
-55.59	22.11	819.89	0.53881	1.063	0.015183	0.54585	0.93559	0.10688	0.48165	0.86457	0.068364	0.56131	1.0543	0.51219	0.43165	1.047	0.50437	0.56271	1.0758	0.059171	0.48018	1.117	0.061749	0.50628	1.1525	0.89538	0.49296	0.95132	0.11214	0.49634	1.0519	0.50969	85.841	-7.71	-5.7728	-99.501	30.521	-3.0498	0.11239	-1.1565	-5.9923	-18.975	10.612	-3.746	51.95	-23.862	-5.9317
-58	27.587	845.82	0.53856	1.0639	0.015188	0.54565	0.93621	0.10757	0.48158	0.86496	0.069397	0.56103	1.0591	0.51195	0.43136	1.052	0.50398	0.56271	1.076	0.059161	0.48023	1.1172	0.061631	0.50567	1.1614	0.89393	0.49288	0.95206	0.11282	0.49603	1.0569	0.50944	86.161	-7.5855	-5.8273	-103.49	31.042	-3.1344	0.10761	-1.1532	-5.9514	-18.637	10.806	-3.8309	56.155	-24.949	-5.9162
-60.842	33.819	872.47	0.53839	1.0646	0.015192	0.5455	0.93688	0.10828	0.48154	0.86538	0.070496	0.56079	1.0639	0.5117	0.43111	1.0572	0.50355	0.5627	1.0761	0.059158	0.48027	1.1173	0.061521	0.5051	1.1702	0.89243	0.49284	0.95281	0.11352	0.49577	1.0619	0.50916	86.481	-7.4625	-5.8983	-107.52	31.597	-3.2137	0.085337	-1.1491	-5.9074	-18.288	10.88	-3.9124	60.333	-26.318	-5.9313
-64.107	40.838	899.66	0.5383	1.0652	0.015195	0.5454	0.93757	0.10901	0.48153	0.86582	0.071658	0.56058	1.0688	0.51142	0.4309	1.0624	0.5031	0.56268	1.0762	0.059166	0.4803	1.1175	0.061418	0.50455	1.1791	0.89091	0.49284	0.95358	0.11426	0.49553	1.0671	0.50885	86.798	-7.3411	-5.987	-111.58	32.181	-3.2889	0.048382	-1.1451	-5.8629	-17.947	10.837	-3.9918	64.447	-27.958	-5.9769
-67.757	48.658	927.24	0.53828	1.0657	0.015199	0.54535	0.9383	0.10976	0.48156	0.86628	0.072882	0.56039	1.0738	0.51113	0.43071	1.0677	0.50263	0.56266	1.0763	0.059182	0.48034	1.1177	0.061324	0.50402	1.1879	0.88937	0.49288	0.95436	0.11502	0.49533	1.0723	0.50851	87.112	-7.2208	-6.0937	-115.68	32.784	-3.3603	-0.001021	-1.1424	-5.819	-17.623	10.687	-4.0693	68.478	-29.838	-6.0485
-71.724	57.277	955.04	0.53832	1.0661	0.015201	0.54535	0.93906	0.11053	0.4816	0.86676	0.074168	0.56023	1.0788	0.51082	0.43055	1.073	0.50213	0.56262	1.0763	0.059207	0.48036	1.1178	0.06124	0.50349	1.1968	0.88781	0.49296	0.95517	0.11581	0.49515	1.0775	0.50816	87.422	-7.0996	-6.2182	-119.79	33.394	-3.4279	-0.06129	-1.1415	-5.7756	-17.312	10.45	-4.1448	72.42	-31.906	-6.1373
-75.92	66.676	982.82	0.53839	1.0664	0.015204	0.54539	0.93986	0.11133	0.48168	0.86727	0.075519	0.56007	1.0839	0.51049	0.43039	1.0784	0.50162	0.56257	1.0764	0.059238	0.48039	1.118	0.061164	0.50296	1.2056	0.88623	0.49307	0.95601	0.11665	0.49498	1.0829	0.50779	87.727	-6.9747	-6.3596	-123.91	33.986	-3.4913	-0.13175	-1.1428	-5.7315	-17	10.146	-4.2175	76.277	-34.095	-6.2305
-80.236	76.825	1010.3	0.53847	1.0667	0.015206	0.54546	0.94071	0.11215	0.48176	0.8678	0.076943	0.55991	1.0891	0.51016	0.43023	1.0838	0.50109	0.5625	1.0764	0.059271	0.48041	1.1181	0.061098	0.50241	1.2145	0.88463	0.49321	0.95689	0.11753	0.49481	1.0883	0.50741	88.027	-6.8427	-6.5168	-127.99	34.533	-3.5503	-0.21262	-1.1467	-5.6845	-16.665	9.8013	-4.2866	80.054	-36.327	-6.313
-84.552	87.677	1037.2	0.53854	1.067	0.015208	0.54556	0.94161	0.11301	0.48186	0.86838	0.078448	0.55974	1.0943	0.50983	0.43006	1.0894	0.50055	0.56242	1.0765	0.059303	0.48043	1.1182	0.06104	0.50184	1.2235	0.883	0.49338	0.95781	0.11847	0.49464	1.0938	0.50702	88.321	-6.6998	-6.6883	-132.01	35.001	-3.6035	-0.30496	-1.1534	-5.6322	-16.278	9.4419	-4.3509	83.756	-38.515	-6.3692
-88.752	99.172	1063.1	0.53859	1.0672	0.01521	0.54568	0.94258	0.11392	0.48197	0.86899	0.080045	0.55955	1.0997	0.5095	0.42987	1.0951	0.49999	0.56231	1.0765	0.05933	0.48045	1.1183	0.06099	0.50123	1.2325	0.88135	0.49356	0.95879	0.11948	0.49444	1.0994	0.50662	88.608	-6.5423	-6.873	-135.92	35.358	-3.6488	-0.41069	-1.1635	-5.5721	-15.81	9.0941	-4.4087	87.376	-40.574	-6.3843
-92.725	111.24	1087.5	0.5386	1.0674	0.015211	0.54583	0.94361	0.11487	0.48208	0.86965	0.081749	0.55932	1.1051	0.50917	0.42965	1.101	0.49941	0.56219	1.0765	0.059348	0.48047	1.1184	0.060947	0.50058	1.2416	0.87967	0.49377	0.95984	0.12056	0.49422	1.1051	0.50621	88.887	-6.3671	-7.0705	-139.66	35.569	-3.6832	-0.53246	-1.1781	-5.5021	-15.23	8.7826	-4.4575	90.901	-42.427	-6.3465
-96.375	123.79	1110.2	0.53855	1.0676	0.015212	0.54599	0.94473	0.11589	0.4822	0.87038	0.083576	0.55905	1.1107	0.50886	0.42939	1.107	0.4988	0.56204	1.0765	0.059351	0.4805	1.1185	0.060912	0.49989	1.2509	0.87797	0.49399	0.96096	0.12173	0.49395	1.111	0.5058	89.156	-6.1717	-7.2814	-143.17	35.603	-3.7024	-0.67353	-1.1985	-5.4206	-14.51	8.5298	-4.4939	94.306	-44.008	-6.2462
-99.621	136.75	1130.5	0.53845	1.0678	0.015213	0.54618	0.94593	0.11699	0.48232	0.87116	0.085541	0.55874	1.1164	0.50856	0.42909	1.1132	0.49818	0.56187	1.0765	0.059334	0.48052	1.1186	0.060882	0.49914	1.2602	0.87626	0.49423	0.96216	0.12299	0.49365	1.1171	0.50539	89.412	-5.9543	-7.5071	-146.4	35.436	-3.7009	-0.83747	-1.2264	-5.3269	-13.625	8.3552	-4.5135	97.552	-45.264	-6.0761
-102.4	150.02	1148.1	0.5383	1.068	0.015214	0.54638	0.94724	0.11816	0.48244	0.87203	0.087664	0.55837	1.1222	0.50828	0.42874	1.1197	0.49753	0.56167	1.0765	0.059291	0.48056	1.1187	0.060857	0.49834	1.2697	0.87453	0.49448	0.96347	0.12436	0.49329	1.1234	0.50498	89.654	-5.7141	-7.7493	-149.28	35.052	-3.6733	-1.0284	-1.2627	-5.2203	-12.555	8.2723	-4.5114	100.59	-46.158	-5.8304
-104.69	163.51	1162.6	0.53809	1.0682	0.015215	0.54661	0.94866	0.11941	0.48256	0.87298	0.089963	0.55796	1.1282	0.50801	0.42835	1.1264	0.49685	0.56146	1.0764	0.059216	0.48059	1.1188	0.060837	0.49748	1.2793	0.87279	0.49475	0.96489	0.12583	0.49289	1.1298	0.50455	89.88	-5.4512	-8.0092	-151.76	34.442	-3.6145	-1.251	-1.3077	-5.1007	-11.283	8.286	-4.4825	103.37	-46.669	-5.5046
-106.46	177.1	1173.8	0.53785	1.0684	0.015215	0.54685	0.9502	0.12076	0.48269	0.87404	0.092455	0.5575	1.1345	0.50775	0.42792	1.1334	0.49613	0.56123	1.0763	0.059103	0.48063	1.1188	0.060821	0.49656	1.289	0.87106	0.49504	0.96644	0.12741	0.49245	1.1366	0.50411	90.089	-5.1667	-8.2875	-153.78	33.606	-3.5212	-1.5104	-1.3608	-4.9683	-9.7909	8.3919	-4.4223	105.83	-46.791	-5.0951
-107.7	190.67	1181.2	0.53758	1.0686	0.015216	0.54712	0.95187	0.12221	0.48282	0.87522	0.095159	0.55699	1.141	0.50749	0.42746	1.1407	0.49536	0.56098	1.0762	0.058946	0.48068	1.1188	0.060808	0.49557	1.2989	0.86933	0.49534	0.96813	0.12911	0.49197	1.1436	0.50365	90.28	-4.8624	-8.5838	-155.29	32.552	-3.3911	-1.8124	-1.4206	-4.8236	-8.0583	8.5787	-4.3273	107.92	-46.53	-4.6001
-108.42	204.07	1184.5	0.53728	1.0688	0.015216	0.54742	0.95368	0.12374	0.48296	0.87653	0.09809	0.55646	1.1478	0.50723	0.42697	1.1483	0.49454	0.56073	1.0761	0.058741	0.48072	1.1188	0.060798	0.49452	1.3089	0.86761	0.49565	0.96998	0.13094	0.49146	1.1509	0.50315	90.451	-4.5403	-8.897	-156.23	31.29	-3.2229	-2.1638	-1.4854	-4.668	-6.0622	8.832	-4.1951	109.6	-45.894	-4.0212
-108.6	217.08	1183.5	0.53696	1.069	0.015216	0.54775	0.95563	0.12538	0.48311	0.878	0.10126	0.55589	1.1548	0.50694	0.42648	1.1562	0.49365	0.56046	1.0759	0.058483	0.48077	1.1188	0.06079	0.49341	1.3192	0.86592	0.49597	0.972	0.13288	0.49093	1.1586	0.50261	90.602	-4.2023	-9.2248	-156.56	29.833	-3.016	-2.5718	-1.5539	-4.5046	-3.779	9.1383	-4.0249	110.81	-44.896	-3.3648
-108.22	229.48	1177.7	0.53664	1.0692	0.015217	0.5481	0.95776	0.12712	0.48326	0.87966	0.10469	0.55531	1.1623	0.50662	0.42598	1.1645	0.49267	0.56019	1.0757	0.058171	0.48082	1.1187	0.060785	0.49222	1.3296	0.86427	0.49631	0.97423	0.13495	0.49039	1.1666	0.50201	90.731	-3.8496	-9.5637	-156.2	28.197	-2.7709	-3.0447	-1.6249	-4.3378	-1.1871	9.4863	-3.8175	111.51	-43.544	-2.6435
-107.25	240.97	1166.8	0.53631	1.0694	0.015217	0.54848	0.96006	0.12896	0.48343	0.88153	0.1084	0.55472	1.1701	0.50624	0.42549	1.1733	0.49158	0.55992	1.0755	0.057808	0.48087	1.1186	0.060781	0.49097	1.3402	0.86266	0.49665	0.97669	0.13714	0.48985	1.175	0.50133	90.835	-3.4829	-9.9092	-155.12	26.401	-2.4895	-3.5916	-1.6973	-4.1739	1.7312	9.8665	-3.5766	111.67	-41.845	-1.8758
-105.66	251.23	1150.3	0.53598	1.0697	0.015218	0.54889	0.96257	0.13091	0.4836	0.88365	0.11238	0.55414	1.1784	0.50579	0.42502	1.1824	0.49038	0.55965	1.0752	0.057398	0.48092	1.1184	0.060778	0.48965	1.3509	0.86113	0.49701	0.97939	0.13944	0.48932	1.1838	0.50055	90.91	-3.1018	-10.255	-153.22	24.464	-2.1759	-4.2221	-1.7698	-4.0189	4.9856	10.27	-3.3089	111.24	-39.806	-1.0834
-103.41	259.88	1127.8	0.53565	1.07	0.015219	0.54932	0.9653	0.13298	0.48377	0.88606	0.11667	0.55358	1.187	0.50524	0.42459	1.192	0.48904	0.55939	1.0749	0.056952	0.48097	1.1182	0.060773	0.48826	1.3618	0.85968	0.49737	0.98238	0.14186	0.48882	1.1932	0.49966	90.949	-2.7056	-10.596	-150.46	22.407	-1.8359	-4.9455	-1.8413	-3.8788	8.5718	10.69	-3.0244	110.2	-37.431	-0.28918
-100.45	266.51	1099	0.53533	1.0704	0.015221	0.54975	0.9683	0.13518	0.48394	0.88882	0.12128	0.55306	1.1962	0.50457	0.42421	1.2021	0.48752	0.55914	1.0746	0.056489	0.48102	1.118	0.060765	0.4868	1.3728	0.85833	0.49773	0.98568	0.1444	0.48836	1.203	0.49864	90.944	-2.2931	-10.923	-146.75	20.257	-1.4766	-5.7713	-1.9101	-3.7589	12.464	11.12	-2.7359	108.53	-34.728	0.48395
-96.739	270.74	1063.5	0.535	1.0709	0.015223	0.55019	0.97158	0.13754	0.48409	0.89196	0.12622	0.55258	1.2059	0.50377	0.42391	1.2128	0.48582	0.55892	1.0743	0.056033	0.48106	1.1178	0.060753	0.48528	1.384	0.85707	0.49809	0.98933	0.14704	0.48795	1.2133	0.49746	90.884	-1.863	-11.23	-142.06	18.043	-1.1075	-6.7079	-1.9746	-3.6632	16.61	11.551	-2.4597	106.22	-31.709	1.2131
-92.253	272.14	1021.2	0.53466	1.0715	0.015227	0.5506	0.9752	0.14007	0.4842	0.89557	0.13152	0.55218	1.2162	0.50282	0.42369	1.2239	0.48391	0.55873	1.074	0.055618	0.4811	1.1175	0.060734	0.4837	1.3953	0.85593	0.49844	0.99338	0.1498	0.48761	1.2242	0.4961	90.753	-1.4145	-11.508	-136.34	15.802	-0.73744	-7.7639	-2.0331	-3.5941	20.927	11.976	-2.2132	103.27	-28.396	1.8766
-86.982	270.38	971.97	0.53432	1.0723	0.015231	0.55097	0.97919	0.14281	0.48426	0.89969	0.1372	0.55185	1.227	0.5017	0.42358	1.2357	0.48176	0.55856	1.0738	0.055286	0.48113	1.1174	0.060707	0.48207	1.4067	0.8549	0.49876	0.99786	0.15266	0.48735	1.2357	0.49455	90.535	-0.94777	-11.751	-129.58	13.579	-0.37522	-8.9472	-2.0839	-3.5534	25.301	12.385	-2.0141	99.696	-24.826	2.4548
-80.961	265.18	916.08	0.53395	1.0733	0.015236	0.55128	0.98359	0.14578	0.48423	0.9044	0.1433	0.55163	1.2384	0.50041	0.42361	1.2481	0.47935	0.55843	1.0736	0.055085	0.48115	1.1172	0.060672	0.4804	1.4182	0.85397	0.49905	1.0028	0.15565	0.48719	1.2479	0.49278	90.209	-0.4642	-11.95	-121.79	11.424	-0.028946	-10.265	-2.1261	-3.5418	29.589	12.76	-1.878	95.532	-21.063	2.9316
-74.285	256.4	854.01	0.53357	1.0745	0.015243	0.55151	0.98847	0.14902	0.48408	0.90978	0.14982	0.55151	1.2505	0.49893	0.42377	1.2612	0.47669	0.55833	1.0736	0.055073	0.48116	1.1173	0.060629	0.47869	1.4298	0.85316	0.49928	1.0083	0.15877	0.48714	1.2607	0.49079	89.751	0.033137	-12.101	-113.04	9.3922	0.29347	-11.725	-2.1589	-3.5597	33.613	13.075	-1.8164	90.815	-17.207	3.2966
-67.111	244.08	786.58	0.53316	1.076	0.015252	0.55164	0.99386	0.15257	0.48379	0.9159	0.1568	0.55152	1.2633	0.49727	0.4241	1.275	0.47375	0.55825	1.0739	0.055309	0.48116	1.1175	0.060581	0.47696	1.4415	0.85244	0.49944	1.0144	0.16204	0.48722	1.2742	0.48858	89.136	0.53913	-12.197	-103.43	7.537	0.58207	-13.331	-2.1824	-3.6075	37.179	13.286	-1.8343	85.589	-13.395	3.5451
-59.651	228.44	714.9	0.53275	1.0779	0.015263	0.55166	0.99985	0.15648	0.48334	0.92283	0.16426	0.55166	1.2767	0.49544	0.4246	1.2896	0.47057	0.5582	1.0743	0.055856	0.48114	1.1179	0.060533	0.47519	1.4532	0.85183	0.49952	1.021	0.16546	0.48744	1.2885	0.48613	88.337	1.0462	-12.232	-93.14	5.9064	0.82788	-15.088	-2.1973	-3.6854	40.082	13.343	-1.9251	79.904	-9.7883	3.6802
-52.16	209.94	640.37	0.53234	1.08	0.015276	0.55153	1.0065	0.16078	0.48271	0.93066	0.17222	0.55192	1.2909	0.49342	0.42526	1.3048	0.46716	0.55817	1.0752	0.056776	0.4811	1.1187	0.060493	0.47341	1.465	0.8513	0.4995	1.0284	0.16907	0.48778	1.3034	0.48347	87.329	1.5438	-12.201	-82.379	4.5385	1.0243	-16.997	-2.2052	-3.7933	42.127	13.195	-2.0682	73.807	-6.554	3.7127
-44.899	189.19	564.59	0.53196	1.0826	0.015292	0.55127	1.0138	0.16551	0.48187	0.93945	0.18067	0.5523	1.3058	0.49125	0.42607	1.3208	0.46357	0.55814	1.0765	0.058128	0.48106	1.12	0.060473	0.4716	1.4767	0.85085	0.49935	1.0364	0.17289	0.48826	1.3191	0.48061	86.092	2.0182	-12.098	-71.417	3.4542	1.1667	-19.057	-2.208	-3.9311	43.149	12.797	-2.2301	67.345	-3.8413	3.659
-38.097	166.98	489.26	0.53166	1.0856	0.01531	0.55084	1.022	0.1707	0.48083	0.94928	0.18962	0.55278	1.3214	0.48895	0.42701	1.3376	0.45983	0.55812	1.0784	0.059963	0.48102	1.1217	0.060491	0.46977	1.4885	0.85049	0.49905	1.0452	0.17695	0.48886	1.3355	0.47758	84.614	2.4512	-11.916	-60.553	2.6512	1.2527	-21.264	-2.2071	-4.097	43.034	12.122	-2.3693	60.578	-1.7494	3.5366
-31.919	144.16	416.11	0.53146	1.0891	0.015333	0.55024	1.031	0.17638	0.47958	0.96019	0.19903	0.55334	1.3378	0.48653	0.42805	1.3551	0.45603	0.55811	1.081	0.06232	0.48099	1.1241	0.060567	0.46791	1.5002	0.85019	0.49857	1.0548	0.18125	0.48954	1.3526	0.47442	82.892	2.8203	-11.649	-50.095	2.1032	1.283	-23.61	-2.2036	-4.2883	41.744	11.176	-2.4454	53.588	-0.30601	3.3602
-26.448	121.56	346.72	0.53143	1.0931	0.015359	0.54949	1.0409	0.18255	0.47812	0.97222	0.20886	0.55392	1.3548	0.48403	0.42912	1.3732	0.45222	0.55812	1.0844	0.065221	0.48099	1.1272	0.060724	0.46601	1.5118	0.84997	0.49789	1.0652	0.18583	0.49028	1.3704	0.47117	80.943	3.0993	-11.294	-40.335	1.7628	1.2612	-26.084	-2.197	-4.5001	39.322	9.9932	-2.427	46.475	0.53286	3.139
-21.692	99.99	282.41	0.53159	1.0977	0.015389	0.54856	1.0517	0.18921	0.47647	0.98541	0.21904	0.55449	1.3725	0.4815	0.43018	1.3921	0.44848	0.55816	1.0889	0.068667	0.48103	1.1311	0.060986	0.46408	1.5234	0.84984	0.49697	1.0764	0.19068	0.49102	1.3888	0.46789	78.798	3.2597	-10.851	-31.523	1.5672	1.1931	-28.67	-2.185	-4.7263	35.879	8.6326	-2.2974	39.346	0.87104	2.8748
-17.594	80.086	224.17	0.53198	1.1028	0.015424	0.54748	1.0636	0.19631	0.47464	0.99976	0.22948	0.55502	1.3909	0.47899	0.43117	1.4115	0.44489	0.55826	1.0944	0.072635	0.48115	1.1359	0.06138	0.46211	1.5348	0.84979	0.4958	1.0886	0.1958	0.49173	1.4078	0.46465	76.51	3.2738	-10.332	-23.844	1.4459	1.0856	-31.35	-2.1643	-4.9593	31.591	7.1691	-2.0584	32.316	0.85072	2.5635
-14.063	62.288	172.61	0.53262	1.1087	0.015464	0.54624	1.0766	0.2038	0.47263	1.0152	0.24006	0.55545	1.4099	0.47654	0.43202	1.4315	0.44153	0.55843	1.1012	0.077075	0.48137	1.1418	0.061928	0.46011	1.5461	0.84985	0.49436	1.1017	0.20117	0.49235	1.4274	0.46151	74.151	3.1195	-9.7579	-17.395	1.336	0.94786	-34.102	-2.1309	-5.1913	26.683	5.6861	-1.7302	25.528	0.62522	2.2027
-11.004	46.824	127.98	0.53358	1.1155	0.015511	0.54486	1.0906	0.2116	0.47046	1.0318	0.25064	0.55574	1.4294	0.47422	0.43269	1.4519	0.43846	0.5587	1.1093	0.081916	0.48171	1.1487	0.062658	0.45809	1.5573	0.85003	0.49266	1.1156	0.20674	0.49283	1.4474	0.45855	71.802	2.784	-9.1575	-12.217	1.189	0.78827	-36.901	-2.0813	-5.4142	21.412	4.2575	-1.3395	19.126	0.31706	1.797
-8.358	33.726	90.286	0.53501	1.1239	0.015571	0.54335	1.1057	0.21961	0.46814	1.0494	0.26107	0.55587	1.4494	0.47208	0.43313	1.4727	0.43575	0.55908	1.1189	0.087079	0.48217	1.1569	0.063601	0.45608	1.5683	0.85036	0.49069	1.1305	0.21248	0.49312	1.4678	0.45584	69.553	2.2668	-8.5667	-8.2456	0.98103	0.61489	-39.722	-2.0133	-5.6209	16.06	2.9495	-0.92466	13.296	0.019311	1.3637
-6.0963	22.896	59.361	0.53727	1.1356	0.015654	0.5417	1.1218	0.22771	0.46568	1.0679	0.27117	0.5558	1.4698	0.47019	0.43333	1.4939	0.43346	0.55956	1.13	0.09248	0.48276	1.1664	0.064799	0.45409	1.5791	0.85085	0.4885	1.1463	0.21832	0.4932	1.4886	0.45345	67.491	1.5811	-8.0222	-5.3157	0.71533	0.43594	-42.534	-1.9269	-5.8056	10.929	1.8194	-0.53082	8.2654	-0.20672	0.93512
-4.2108	14.19	34.875	0.54142	1.1552	0.015794	0.53995	1.1388	0.23576	0.46307	1.0872	0.28076	0.55552	1.4906	0.46862	0.43324	1.5153	0.43164	0.56013	1.1425	0.098049	0.48346	1.1773	0.066305	0.45214	1.5898	0.8515	0.48611	1.163	0.22419	0.49303	1.5096	0.45144	65.694	0.75271	-7.5556	-3.5861	0.37747	0.25065	-45.309	-1.8247	-5.9646	6.2381	0.82792	-0.116	3.9029	-0.48117	0.53395
-0.085514	0.25322	0.57905	NaN	NaN	NaN	0.53808	1.1567	0.24363	0.46035	1.107	0.28971	0.55503	1.5117	0.46742	0.43289	1.5368	0.43031	0.56074	1.1565	0.10373	0.48427	1.1896	0.068172	0.45026	1.6003	0.85232	0.48356	1.1804	0.23001	0.49261	1.5308	0.44987	64.225	-0.18271	-7.1884	-1.8988	0.09836	0.090259	-48.02	-1.7128	-6.0972	2.3387	0.18823	0.082935	1.0508	-0.40752	0.21274
0	0	0	NaN	NaN	NaN	0.53611	1.1753	0.25119	0.45751	1.1274	0.29785	0.55432	1.5329	0.46664	0.43228	1.5585	0.42951	0.56135	1.1719	0.10946	0.48512	1.2035	0.070433	0.44847	1.6107	0.85329	0.48089	1.1986	0.23572	0.49193	1.5522	0.44878	63.13	-1.1831	-6.9298	0.037881	0.001682	0.003671	-50.64	-1.6009	-6.2064	0.024442	0.03133	-0.029638	0.24607	0.084882	0.040464
