2.1681	2.4061	62.679	0.52763	0.77906	0.013292	0.56118	0.78895	0.083779	0.49536	0.75311	0.029824	0.57616	0.65328	0.481	0.44959	0.67253	0.48008	0.5865	0.88909	0.073415	0.52255	0.92848	0.1122	0.51689	0.5021	0.83295	0.51584	0.79376	0.09395	0.51436	0.66298	0.47513	77.514	-8.3223	-18.853	0.41125	1.0128	-0.32162	-5.7639	-2.3608	-3.8849	-8.5796	0.58866	-0.7255	-19.687	2.1477	1.4285
1.3878	-1.7662	99.212	0.53065	0.7941	0.013399	0.56131	0.7957	0.082194	0.49618	0.75835	0.028995	0.5763	0.66305	0.48018	0.44949	0.6806	0.47844	0.58529	0.89597	0.070404	0.52079	0.93506	0.10862	0.51768	0.51304	0.83238	0.516	0.8002	0.091866	0.51428	0.67189	0.4741	76.941	-8.5547	-18.951	0.20851	1.6453	-0.48927	-5.8656	-2.3861	-3.7473	-11.278	0.75534	-1.0201	-26.696	2.1248	1.3248
0.069173	-7.8784	143.97	0.53277	0.80387	0.013469	0.56143	0.80162	0.080522	0.49698	0.76252	0.028382	0.57652	0.67302	0.47951	0.4495	0.68882	0.47695	0.58408	0.90187	0.066846	0.51903	0.94085	0.10432	0.51858	0.52408	0.83193	0.51614	0.80587	0.089639	0.5143	0.681	0.47323	76.213	-8.8818	-19.022	0.13073	2.5208	-0.67947	-6.1144	-2.4063	-3.5836	-13.859	1.0665	-1.3487	-34.214	1.9276	1.1258
-1.9257	-16.283	196.43	0.53448	0.81124	0.013522	0.56152	0.80683	0.078837	0.49776	0.7658	0.028036	0.57681	0.68317	0.47901	0.44961	0.6972	0.47562	0.58293	0.9069	0.062872	0.51735	0.94602	0.099431	0.51957	0.53523	0.83159	0.5163	0.81091	0.087365	0.5144	0.6903	0.47253	75.325	-9.31	-19.064	0.095332	3.6343	-0.8759	-6.4808	-2.4184	-3.3894	-15.804	1.4602	-1.6678	-41.264	1.33	0.69549
-4.7391	-27.272	255.03	0.53602	0.81747	0.013567	0.56161	0.81149	0.077209	0.49849	0.76839	0.027989	0.57718	0.69345	0.47866	0.44981	0.70575	0.47448	0.58191	0.9112	0.058636	0.51581	0.95067	0.094115	0.52065	0.54646	0.83137	0.51645	0.81549	0.08514	0.51458	0.69976	0.47198	74.289	-9.8438	-19.074	0.12369	4.9915	-1.0596	-6.9375	-2.4188	-3.1558	-16.784	1.8938	-1.9421	-47.262	0.26119	0.016608
-8.5371	-40.984	317.45	0.53754	0.82321	0.013609	0.56168	0.8157	0.075697	0.49918	0.77048	0.028239	0.57759	0.70383	0.47847	0.45011	0.71447	0.47357	0.58104	0.91487	0.054312	0.51447	0.95492	0.088547	0.52182	0.55776	0.83129	0.51658	0.81972	0.083051	0.51484	0.70938	0.47161	73.138	-10.484	-19.052	0.15398	6.5697	-1.2062	-7.4626	-2.4039	-2.8698	-16.378	2.2346	-2.1159	-51.305	-1.4678	-1.0177
-13.468	-57.213	381.92	0.53909	0.82873	0.013649	0.56173	0.81955	0.074341	0.49982	0.77219	0.028754	0.57805	0.71431	0.47846	0.45047	0.72337	0.47292	0.58037	0.918	0.050066	0.51334	0.95881	0.082906	0.52307	0.5691	0.83135	0.51665	0.82371	0.081166	0.51516	0.71913	0.47142	71.927	-11.226	-18.996	0.1348	8.3567	-1.2962	-8.0438	-2.3708	-2.5167	-14.452	2.3272	-2.1442	-53.065	-4.0106	-2.486
-19.525	-75.395	447.25	0.54067	0.83409	0.013689	0.56176	0.82308	0.073166	0.5004	0.77362	0.029478	0.57854	0.72484	0.47863	0.45089	0.73249	0.47256	0.57988	0.92065	0.046049	0.51242	0.96237	0.077361	0.5244	0.58049	0.83155	0.51663	0.82747	0.079526	0.51553	0.72901	0.47142	70.725	-12.061	-18.903	0.018303	10.341	-1.3148	-8.6789	-2.3189	-2.0842	-11.076	2.0659	-1.9972	-52.628	-7.4154	-4.3939
-26.503	-94.706	512.31	0.54223	0.83928	0.013727	0.56176	0.8263	0.072179	0.50091	0.77484	0.030343	0.57903	0.73542	0.47897	0.45133	0.74182	0.47252	0.57958	0.92288	0.042381	0.51167	0.9656	0.072058	0.52581	0.59188	0.83189	0.51648	0.83099	0.078148	0.51593	0.73901	0.47162	69.602	-12.969	-18.772	-0.24031	12.506	-1.2518	-9.3734	-2.2519	-1.5665	-6.4508	1.4285	-1.6623	-50.343	-11.607	-6.6664
-34.044	-114.27	576.29	0.54372	0.84426	0.013764	0.5617	0.8292	0.071381	0.50134	0.77588	0.031279	0.57952	0.74601	0.47947	0.45178	0.75136	0.47281	0.57944	0.92471	0.039149	0.51107	0.96848	0.06712	0.52728	0.60326	0.83237	0.51619	0.83421	0.077028	0.51636	0.74912	0.47201	68.628	-13.928	-18.598	-0.67622	14.828	-1.0995	-10.136	-2.1787	-0.96774	-0.81981	0.48014	-1.1408	-46.674	-16.405	-9.1662
-41.724	-133.42	638.4	0.54507	0.84898	0.013799	0.56158	0.83178	0.070762	0.50169	0.77678	0.032225	0.57998	0.75658	0.48009	0.4522	0.76108	0.47342	0.57941	0.92618	0.036405	0.51057	0.97102	0.062641	0.52882	0.6146	0.83298	0.51577	0.83709	0.076147	0.5168	0.75929	0.47259	67.858	-14.907	-18.375	-1.3079	17.269	-0.84742	-10.97	-2.1125	-0.30347	5.6562	-0.65548	-0.43559	-41.926	-21.592	-11.746
-49.096	-151.73	697.73	0.54622	0.85342	0.013831	0.5614	0.83404	0.070308	0.50194	0.77755	0.033133	0.58039	0.76706	0.48079	0.45259	0.77093	0.47432	0.57947	0.92734	0.034167	0.51014	0.97323	0.058683	0.5304	0.62588	0.83373	0.51522	0.83959	0.075482	0.51722	0.76948	0.47332	67.325	-15.869	-18.094	-2.1391	19.773	-0.48479	-11.871	-2.0666	0.40117	12.875	-1.8185	0.44594	-36.244	-26.918	-14.266
-55.77	-168.77	753.59	0.54715	0.85754	0.013861	0.56115	0.836	0.069998	0.50211	0.7782	0.033967	0.58076	0.77738	0.48153	0.45293	0.78083	0.47543	0.57956	0.92824	0.032423	0.50975	0.97511	0.055278	0.53201	0.63705	0.83459	0.51458	0.8417	0.075007	0.51761	0.77959	0.47417	67.044	-16.78	-17.747	-3.1618	22.28	-0.011004	-12.824	-2.0523	1.114	20.686	-2.8478	1.4817	-29.817	-32.147	-16.614
-61.52	-184.07	805.88	0.54784	0.86128	0.013887	0.56084	0.83767	0.069805	0.5022	0.77875	0.034707	0.58109	0.78744	0.48227	0.45322	0.79069	0.4767	0.57968	0.92891	0.031133	0.50938	0.9767	0.052425	0.53364	0.64808	0.83557	0.51385	0.84344	0.074698	0.51797	0.78955	0.47509	67.007	-17.602	-17.332	-4.3582	24.74	0.55582	-13.801	-2.0761	1.7987	28.827	-3.6139	2.6273	-23.031	-37.095	-18.72
-66.244	-197.18	854.72	0.54832	0.86458	0.01391	0.56049	0.83907	0.069705	0.50222	0.77921	0.03534	0.58137	0.79714	0.48296	0.45348	0.80039	0.47801	0.57979	0.92941	0.030235	0.50904	0.97802	0.050096	0.53526	0.65895	0.83663	0.51308	0.84488	0.074528	0.51828	0.79925	0.47601	67.19	-18.305	-16.853	-5.6964	27.106	1.1851	-14.77	-2.1387	2.418	37.012	-4.0315	3.8256	-16.273	-41.628	-20.541
-69.91	-207.76	900.01	0.54861	0.8674	0.01393	0.56012	0.84023	0.069669	0.50218	0.77959	0.035865	0.58161	0.80639	0.48357	0.45371	0.80983	0.47929	0.57989	0.92975	0.029664	0.50873	0.9791	0.048247	0.53686	0.66962	0.83777	0.51229	0.84605	0.074464	0.51854	0.80858	0.4769	67.56	-18.862	-16.32	-7.1355	29.327	1.8429	-15.694	-2.2354	2.9358	44.977	-4.0625	5.0154	-9.8296	-45.638	-22.053
-72.541	-215.54	941.38	0.54873	0.86973	0.013945	0.55973	0.84117	0.069678	0.5021	0.77989	0.036287	0.58184	0.81511	0.48407	0.45393	0.81888	0.48044	0.57997	0.92999	0.029349	0.50844	0.97996	0.046823	0.53839	0.6801	0.83897	0.51153	0.84702	0.074474	0.51877	0.81744	0.47768	68.08	-19.257	-15.749	-8.6292	31.349	2.4962	-16.541	-2.3563	3.3201	52.476	-3.7189	6.1373	-3.8982	-49.043	-23.235
-74.196	-220.3	978.28	0.54873	0.87157	0.013957	0.55935	0.84191	0.069711	0.50199	0.78012	0.036612	0.58207	0.82325	0.48446	0.45415	0.82743	0.48139	0.58003	0.93014	0.029228	0.50818	0.98065	0.045762	0.53984	0.69036	0.84021	0.51083	0.84783	0.074525	0.51897	0.82575	0.47834	68.711	-19.484	-15.16	-10.13	33.118	3.1138	-17.283	-2.4872	3.5458	59.279	-3.064	7.1379	1.3864	-51.786	-24.081
-74.981	-221.99	1010.1	0.54862	0.87294	0.013966	0.55899	0.84248	0.069756	0.50186	0.78029	0.036851	0.58229	0.83076	0.48473	0.45437	0.83537	0.4821	0.58008	0.93021	0.029243	0.50796	0.98116	0.045004	0.54119	0.7004	0.84149	0.5102	0.84851	0.074589	0.51913	0.83345	0.47883	69.417	-19.548	-14.574	-11.592	34.594	3.6676	-17.901	-2.6118	3.5972	65.202	-2.2082	7.9765	5.9554	-53.858	-24.601
-75.045	-220.67	1036.3	0.54845	0.8739	0.013972	0.55867	0.8429	0.069801	0.50172	0.7804	0.037017	0.58251	0.83766	0.48489	0.4546	0.84265	0.48255	0.58012	0.93024	0.029346	0.50778	0.98154	0.04449	0.54241	0.71021	0.8428	0.50966	0.84908	0.074643	0.51928	0.8405	0.47917	70.167	-19.465	-14.011	-12.976	35.75	4.1334	-18.384	-2.7146	3.4706	70.114	-1.2892	8.6299	9.8027	-55.296	-24.834
-74.554	-216.56	1056.4	0.54826	0.87448	0.013975	0.55838	0.84319	0.069841	0.50159	0.78046	0.03712	0.58273	0.84397	0.48496	0.45483	0.84921	0.48276	0.58015	0.93022	0.029501	0.50764	0.9818	0.044168	0.5435	0.71979	0.84415	0.50921	0.84957	0.074675	0.51942	0.84689	0.47935	70.933	-19.261	-13.489	-14.247	36.578	4.4942	-18.731	-2.7835	3.1754	73.943	-0.44347	9.0919	12.967	-56.174	-24.828
-73.661	-209.97	1070	0.54806	0.87477	0.013976	0.55815	0.84337	0.069873	0.50146	0.78048	0.037173	0.58296	0.84971	0.48494	0.45506	0.85504	0.48277	0.58019	0.93017	0.029676	0.50754	0.98196	0.043991	0.54443	0.72915	0.84552	0.50886	0.84998	0.074682	0.51955	0.85265	0.47941	71.692	-18.968	-13.023	-15.376	37.084	4.7418	-18.947	-2.8119	2.735	76.662	0.22099	9.3704	15.511	-56.577	-24.638
-72.508	-201.29	1077	0.54788	0.87483	0.013976	0.55796	0.84346	0.069897	0.50135	0.78046	0.037188	0.58318	0.85494	0.48487	0.45528	0.86017	0.48262	0.58022	0.9301	0.029852	0.50748	0.98204	0.04392	0.5452	0.73829	0.84692	0.5086	0.85031	0.074664	0.5197	0.85781	0.47937	72.426	-18.621	-12.623	-16.346	37.291	4.8746	-19.041	-2.7999	2.1855	78.291	0.63779	9.4828	17.51	-56.602	-24.313
-71.242	-190.93	1077.3	0.54774	0.87472	0.013975	0.55782	0.84349	0.069912	0.50126	0.78041	0.037174	0.5834	0.85971	0.48476	0.45549	0.86466	0.48237	0.58026	0.93002	0.030014	0.50745	0.98205	0.043922	0.54581	0.74722	0.84835	0.50842	0.85057	0.074631	0.51985	0.86242	0.47926	73.123	-18.255	-12.297	-17.146	37.23	4.8962	-19.025	-2.7529	1.5721	78.878	0.77795	9.4517	19.047	-56.359	-23.904
-70.002	-179.35	1071.2	0.54768	0.87451	0.013974	0.55773	0.84346	0.069921	0.50118	0.78034	0.037141	0.58361	0.86407	0.48463	0.45569	0.86859	0.48207	0.58031	0.92992	0.030154	0.50745	0.98201	0.043972	0.54626	0.75595	0.84981	0.50832	0.85077	0.074588	0.52003	0.86655	0.47912	73.772	-17.906	-12.048	-17.784	36.946	4.8141	-18.911	-2.6802	0.94412	78.496	0.64703	9.3016	20.206	-55.956	-23.457
-68.904	-166.97	1059.1	0.54769	0.87427	0.013972	0.55767	0.84339	0.069925	0.50112	0.78026	0.037097	0.58382	0.86807	0.48448	0.45588	0.87204	0.48176	0.58037	0.92981	0.030268	0.50748	0.98193	0.04405	0.54657	0.76452	0.85129	0.5083	0.8509	0.074545	0.52023	0.87026	0.47896	74.37	-17.6	-11.875	-18.279	36.485	4.6399	-18.712	-2.5931	0.34955	77.234	0.28104	9.0562	21.069	-55.489	-23.003
-68.024	-154.21	1041.5	0.5478	0.87407	0.013971	0.55765	0.84329	0.069927	0.50107	0.78016	0.037047	0.58402	0.87175	0.48434	0.45607	0.87511	0.48148	0.58044	0.9297	0.030353	0.50753	0.98181	0.044139	0.54675	0.77294	0.8528	0.50834	0.85098	0.074508	0.52045	0.87363	0.4788	74.912	-17.358	-11.773	-18.665	35.897	4.3881	-18.436	-2.5029	-0.16984	75.196	-0.26383	8.7354	21.711	-55.025	-22.561
-67.393	-141.41	1019.2	0.54803	0.87397	0.013971	0.55765	0.84318	0.069928	0.50104	0.78006	0.036998	0.58421	0.87514	0.48419	0.45625	0.87788	0.48125	0.58052	0.92959	0.030413	0.50761	0.98169	0.04423	0.54682	0.78126	0.85432	0.50843	0.85101	0.07448	0.5207	0.8767	0.47867	75.4	-17.194	-11.734	-18.985	35.225	4.074	-18.092	-2.4191	-0.58273	72.498	-0.92192	8.355	22.198	-54.6	-22.134
-66.995	-128.91	993.07	0.54837	0.87403	0.013972	0.55768	0.84306	0.069929	0.50101	0.77996	0.036954	0.5844	0.87828	0.48405	0.45643	0.88045	0.48107	0.5806	0.92948	0.030449	0.50769	0.98156	0.044315	0.54679	0.78948	0.85584	0.50856	0.85101	0.074464	0.52095	0.87954	0.47856	75.836	-17.108	-11.746	-19.288	34.507	3.7138	-17.689	-2.3488	-0.86998	69.259	-1.6238	7.9257	22.586	-54.21	-21.714
-66.763	-116.95	963.86	0.54883	0.87431	0.013976	0.55772	0.84293	0.06993	0.50099	0.77987	0.036918	0.58458	0.88119	0.48392	0.4566	0.88287	0.48095	0.58069	0.92937	0.030465	0.50779	0.98142	0.044388	0.54668	0.79764	0.85736	0.5087	0.85097	0.074459	0.52121	0.88217	0.47848	76.223	-17.094	-11.795	-19.626	33.774	3.3231	-17.234	-2.2962	-1.0251	65.601	-2.3001	7.4532	22.917	-53.817	-21.281
-66.6	-105.71	932.45	0.5494	0.87487	0.013981	0.55776	0.84282	0.069933	0.50096	0.77979	0.036893	0.58474	0.88389	0.4838	0.45675	0.8852	0.48087	0.58078	0.92927	0.030465	0.50789	0.9813	0.044447	0.54652	0.80575	0.85887	0.50886	0.85092	0.074465	0.52146	0.88465	0.47843	76.566	-17.138	-11.867	-20.044	33.051	2.9162	-16.732	-2.263	-1.0538	61.637	-2.8858	6.9398	23.217	-53.35	-20.808
-66.386	-95.33	899.69	0.55007	0.87576	0.013989	0.55781	0.84271	0.069938	0.50094	0.77972	0.036882	0.58487	0.8864	0.48368	0.45688	0.8875	0.48082	0.58087	0.92918	0.030454	0.50799	0.98119	0.044491	0.54632	0.81383	0.86035	0.509	0.85087	0.074479	0.52167	0.88699	0.4784	76.87	-17.22	-11.95	-20.583	32.356	2.5069	-16.191	-2.2487	-0.9712	57.472	-3.3245	6.3867	23.495	-52.728	-20.268
-66	-85.863	866.37	0.55082	0.87702	0.013999	0.55784	0.84262	0.069946	0.5009	0.77967	0.036885	0.58498	0.88873	0.48357	0.45699	0.88979	0.48077	0.58096	0.9291	0.030435	0.50808	0.9811	0.044519	0.54608	0.82189	0.86179	0.50912	0.85083	0.074502	0.52184	0.88923	0.4784	77.14	-17.316	-12.03	-21.276	31.699	2.1074	-15.615	-2.2508	-0.7995	53.198	-3.5703	5.7965	23.747	-51.865	-19.635
-65.334	-77.329	833.22	0.55164	0.87867	0.014012	0.55786	0.84254	0.06996	0.50085	0.77963	0.036903	0.58505	0.89092	0.48347	0.45706	0.8921	0.48071	0.58104	0.92904	0.030412	0.50817	0.98103	0.044531	0.54583	0.82994	0.86318	0.50922	0.85081	0.074533	0.52195	0.89139	0.47841	77.382	-17.404	-12.097	-22.148	31.088	1.7285	-15.01	-2.2663	-0.56479	48.886	-3.5889	5.1732	23.961	-50.689	-18.89
-64.306	-69.71	800.86	0.55251	0.88074	0.014028	0.55785	0.84248	0.069981	0.50077	0.77962	0.036938	0.58508	0.89296	0.48337	0.45709	0.89444	0.4806	0.58111	0.92899	0.030389	0.50825	0.98098	0.04453	0.54557	0.838	0.86451	0.50929	0.85082	0.074571	0.52199	0.89347	0.47845	77.601	-17.464	-12.145	-23.214	30.526	1.3791	-14.381	-2.2916	-0.29406	44.597	-3.3597	4.5243	24.124	-49.146	-18.024
-62.872	-62.973	769.83	0.55341	0.88325	0.014047	0.55781	0.84244	0.07001	0.50068	0.77962	0.03699	0.58507	0.89488	0.48328	0.45709	0.89681	0.48044	0.58117	0.92895	0.030367	0.50831	0.98096	0.044515	0.5453	0.84606	0.86576	0.50934	0.85086	0.074617	0.52194	0.8955	0.47849	77.801	-17.479	-12.168	-24.483	30.016	1.0661	-13.733	-2.323	-0.012	40.371	-2.8773	3.8599	24.229	-47.211	-17.043
-61.033	-57.067	740.54	0.55433	0.88622	0.014069	0.55775	0.84242	0.070049	0.50056	0.77964	0.037058	0.58501	0.89671	0.4832	0.45704	0.8992	0.48022	0.58121	0.92893	0.030348	0.50837	0.98097	0.04449	0.54502	0.85413	0.86692	0.50937	0.85093	0.07467	0.52182	0.89749	0.47854	77.986	-17.439	-12.167	-25.961	29.56	0.79399	-13.071	-2.357	0.2612	36.24	-2.1531	3.1931	24.272	-44.892	-15.965
-58.836	-51.935	713.34	0.55526	0.88963	0.014094	0.55766	0.84241	0.0701	0.50042	0.77969	0.037143	0.58491	0.89844	0.48314	0.45696	0.90161	0.47992	0.58123	0.92892	0.030334	0.50841	0.98101	0.044455	0.54474	0.8622	0.86799	0.50939	0.85103	0.074731	0.52161	0.89944	0.4786	78.159	-17.345	-12.141	-27.643	29.16	0.56512	-12.398	-2.3893	0.51143	32.22	-1.2166	2.5395	24.258	-42.234	-14.817
-56.373	-47.515	688.48	0.55621	0.8935	0.014122	0.55754	0.84243	0.070163	0.50025	0.77975	0.037245	0.58476	0.90012	0.48308	0.45685	0.90403	0.47956	0.58125	0.92892	0.030326	0.50844	0.98107	0.044413	0.54444	0.87027	0.86895	0.5094	0.85115	0.0748	0.52134	0.90137	0.47866	78.322	-17.2	-12.092	-29.524	28.819	0.37989	-11.719	-2.416	0.73164	28.322	-0.11429	1.9159	24.198	-39.317	-13.634
-53.768	-43.742	666.13	0.55717	0.89778	0.014153	0.5574	0.84246	0.070238	0.50006	0.77983	0.037362	0.58459	0.90175	0.48303	0.45671	0.90645	0.47913	0.58124	0.92894	0.030323	0.50845	0.98116	0.044365	0.54412	0.87833	0.8698	0.5094	0.85131	0.074879	0.52101	0.90329	0.47872	78.477	-17.017	-12.025	-31.591	28.541	0.2364	-11.039	-2.4332	0.92097	24.554	1.0952	1.3383	24.109	-36.246	-12.454
-51.168	-40.557	646.43	0.55816	0.90245	0.014186	0.55724	0.84251	0.070327	0.49984	0.77992	0.037493	0.58439	0.90336	0.48298	0.45655	0.90885	0.47865	0.58122	0.92898	0.030326	0.50846	0.98127	0.044314	0.54377	0.88638	0.87052	0.5094	0.85149	0.074967	0.52064	0.90521	0.47878	78.627	-16.812	-11.945	-33.831	28.332	0.13056	-10.361	-2.4376	1.0833	20.923	2.3476	0.8196	24.018	-33.144	-11.313
-48.721	-37.899	629.45	0.55917	0.90746	0.014222	0.55707	0.84258	0.07043	0.4996	0.78004	0.037639	0.58417	0.90497	0.48295	0.45638	0.91123	0.47813	0.58119	0.92902	0.030334	0.50846	0.9814	0.044261	0.54339	0.8944	0.87112	0.50938	0.85167	0.075067	0.52024	0.90714	0.47883	78.772	-16.604	-11.857	-36.23	28.203	0.056499	-9.6897	-2.4269	1.2251	17.435	3.5805	0.36822	23.955	-30.135	-10.243
-46.557	-35.705	615.22	0.5602	0.91274	0.01426	0.55689	0.84267	0.070546	0.49934	0.78017	0.037797	0.58393	0.90661	0.48291	0.45621	0.91359	0.47758	0.58115	0.92908	0.030347	0.50845	0.98155	0.04421	0.54297	0.9024	0.87159	0.50936	0.85187	0.075179	0.51983	0.90909	0.47887	78.916	-16.411	-11.766	-38.772	28.164	0.00789	-9.0295	-2.4006	1.3533	14.1	4.7417	-0.012512	23.949	-27.332	-9.2699
-44.779	-33.903	603.77	0.56127	0.91822	0.014299	0.55671	0.84277	0.070676	0.49907	0.78031	0.037968	0.58369	0.9083	0.48286	0.45603	0.91591	0.47702	0.5811	0.92915	0.030364	0.50845	0.98172	0.04416	0.54252	0.91037	0.87194	0.50932	0.85207	0.075305	0.51943	0.91107	0.4789	79.062	-16.248	-11.68	-41.444	28.226	-0.021222	-8.3847	-2.3592	1.4728	10.923	5.7945	-0.32389	24.024	-24.822	-8.4087
-43.453	-32.413	595.13	0.56236	0.92382	0.014338	0.55651	0.84289	0.070819	0.49879	0.78047	0.038152	0.58345	0.91006	0.48282	0.45585	0.91822	0.47647	0.58105	0.92922	0.030383	0.50844	0.9819	0.044115	0.54204	0.91831	0.87216	0.50928	0.85226	0.075444	0.51904	0.91308	0.47891	79.21	-16.124	-11.601	-44.233	28.401	-0.03608	-7.7592	-2.3046	1.5851	7.9076	6.7185	-0.57106	24.198	-22.665	-7.665
-42.606	-31.151	589.34	0.56345	0.92943	0.014378	0.55632	0.84303	0.070974	0.49849	0.78065	0.038348	0.58322	0.9119	0.48276	0.45566	0.9205	0.47594	0.58099	0.92931	0.030406	0.50843	0.9821	0.044073	0.54153	0.92622	0.87226	0.50922	0.85244	0.075597	0.51868	0.91515	0.47891	79.364	-16.044	-11.533	-47.134	28.697	-0.041022	-7.1564	-2.2397	1.6877	5.0533	7.5097	-0.76192	24.483	-20.891	-7.0365
-42.232	-30.037	586.42	0.56453	0.93495	0.014417	0.55611	0.84318	0.071141	0.49818	0.78085	0.038559	0.58299	0.91386	0.48269	0.45549	0.92277	0.47543	0.58093	0.9294	0.030431	0.50842	0.98231	0.044035	0.54099	0.9341	0.87224	0.50915	0.85263	0.075765	0.51836	0.91728	0.47888	79.525	-16.004	-11.476	-50.146	29.116	-0.039197	-6.579	-2.1675	1.7749	2.359	8.1763	-0.90532	24.891	-19.5	-6.5147
-42.296	-28.99	586.4	0.56555	0.94029	0.014455	0.5559	0.84335	0.071319	0.49786	0.78106	0.038787	0.58278	0.91594	0.4826	0.45531	0.92504	0.47496	0.58086	0.92949	0.030458	0.50842	0.98252	0.044	0.54043	0.94195	0.8721	0.50908	0.85281	0.075949	0.51807	0.91949	0.47884	79.695	-15.999	-11.431	-53.269	29.654	-0.032274	-6.0299	-2.0908	1.8387	-0.17658	8.7359	-1.0098	25.431	-18.472	-6.0873
-42.744	-27.939	589.28	0.56649	0.94537	0.014491	0.55568	0.84353	0.071508	0.49753	0.78128	0.039038	0.58258	0.91815	0.4825	0.45514	0.92734	0.47452	0.58079	0.92958	0.030487	0.50841	0.98274	0.043967	0.53986	0.94978	0.87184	0.50899	0.85301	0.076147	0.51782	0.92178	0.47878	79.875	-16.018	-11.396	-56.506	30.301	-0.020602	-5.5121	-2.0125	1.8707	-2.554	9.2123	-1.0831	26.117	-17.767	-5.7408
-43.514	-26.821	595.03	0.56731	0.95012	0.014525	0.55545	0.84372	0.071709	0.49719	0.78151	0.039316	0.58239	0.9205	0.48238	0.45496	0.92967	0.47413	0.58072	0.92968	0.030517	0.50841	0.98296	0.043934	0.53929	0.9576	0.87147	0.50891	0.85321	0.07636	0.5176	0.92417	0.4787	80.067	-16.051	-11.369	-59.864	31.045	-0.003478	-5.0288	-1.9353	1.8633	-4.7724	9.6321	-1.1317	26.966	-17.338	-5.4611
-44.54	-25.581	603.6	0.568	0.95447	0.014555	0.55521	0.84392	0.071921	0.49683	0.78175	0.039629	0.58221	0.923	0.48224	0.45479	0.93205	0.47377	0.58064	0.92978	0.030548	0.50841	0.98318	0.0439	0.53873	0.9654	0.87099	0.50881	0.85343	0.076588	0.51741	0.92667	0.4786	80.271	-16.088	-11.35	-63.344	31.869	0.02081	-4.583	-1.8611	1.8116	-6.8279	10.021	-1.1604	27.995	-17.134	-5.235
-45.755	-24.166	614.87	0.56852	0.9584	0.014582	0.55495	0.84413	0.072147	0.49647	0.782	0.039981	0.58205	0.92566	0.48208	0.45462	0.93452	0.47343	0.58055	0.92988	0.030579	0.50841	0.9834	0.043861	0.53818	0.9732	0.87041	0.50871	0.85366	0.076833	0.51724	0.92929	0.47849	80.489	-16.12	-11.339	-66.943	32.756	0.055105	-4.1771	-1.7914	1.714	-8.716	10.403	-1.1714	29.223	-17.1	-5.0491
-47.1	-22.525	628.7	0.56888	0.96188	0.014606	0.55467	0.84434	0.072386	0.49609	0.78224	0.040379	0.58189	0.92848	0.48191	0.45446	0.93708	0.47311	0.58046	0.92997	0.03061	0.5084	0.98361	0.043818	0.53766	0.98101	0.86973	0.50861	0.8539	0.077097	0.51709	0.93205	0.47837	80.721	-16.142	-11.335	-70.657	33.689	0.1018	-3.813	-1.727	1.5724	-10.431	10.798	-1.1662	30.664	-17.188	-4.8918
-48.523	-20.609	644.9	0.56909	0.96492	0.014627	0.55437	0.84455	0.07264	0.4957	0.78247	0.04083	0.58175	0.93146	0.48171	0.4543	0.93976	0.47281	0.58036	0.93006	0.030642	0.50839	0.98381	0.043769	0.53716	0.98881	0.86896	0.5085	0.85416	0.077381	0.51695	0.93495	0.47824	80.964	-16.151	-11.338	-74.473	34.655	0.16147	-3.4921	-1.6685	1.3928	-11.967	11.221	-1.147	32.327	-17.354	-4.7551
-49.987	-18.372	663.26	0.56914	0.96752	0.014644	0.55405	0.84478	0.072913	0.49531	0.7827	0.041339	0.58161	0.93461	0.4815	0.45415	0.94257	0.47251	0.58026	0.93014	0.030674	0.50838	0.984	0.043715	0.5367	0.99664	0.86811	0.50839	0.85444	0.07769	0.51682	0.93802	0.47809	81.218	-16.145	-11.349	-78.375	35.641	0.23352	-3.2156	-1.6158	1.1842	-13.314	11.681	-1.1161	34.224	-17.563	-4.6337
-51.471	-15.77	683.57	0.56907	0.9697	0.014658	0.55372	0.845	0.073208	0.49492	0.78292	0.041916	0.58148	0.93792	0.48126	0.454	0.94555	0.47221	0.58016	0.93022	0.030706	0.50836	0.98417	0.043657	0.53626	1.0045	0.86718	0.50827	0.85474	0.078026	0.51669	0.94125	0.47793	81.481	-16.124	-11.368	-82.343	36.643	0.31624	-2.9842	-1.569	0.95829	-14.463	12.184	-1.0764	36.359	-17.79	-4.5251
-52.98	-12.761	705.54	0.5689	0.9715	0.014669	0.55338	0.84523	0.073532	0.49454	0.78314	0.042569	0.58136	0.94141	0.48102	0.45387	0.94871	0.4719	0.58005	0.93029	0.030739	0.50833	0.98433	0.043596	0.53587	1.0123	0.86618	0.50815	0.85505	0.078395	0.51657	0.94466	0.47776	81.75	-16.091	-11.397	-86.353	37.655	0.40663	-2.7982	-1.5278	0.72843	-15.405	12.724	-1.0314	38.731	-18.03	-4.4297
-54.542	-9.3068	728.91	0.56866	0.97296	0.014678	0.55305	0.84546	0.073891	0.49418	0.78334	0.043307	0.58125	0.94506	0.48076	0.45375	0.95208	0.47158	0.57996	0.93036	0.030773	0.50831	0.98446	0.043535	0.5355	1.0202	0.86513	0.50804	0.85538	0.078801	0.51646	0.94826	0.47758	82.022	-16.046	-11.435	-90.382	38.675	0.50041	-2.6577	-1.4919	0.50838	-16.134	13.284	-0.98537	41.336	-18.293	-4.3502
-56.207	-5.3762	753.36	0.56839	0.97411	0.014685	0.55273	0.8457	0.074298	0.49386	0.78353	0.044137	0.58117	0.94888	0.48049	0.45366	0.95568	0.47124	0.57987	0.93042	0.030806	0.50829	0.98458	0.043474	0.53517	1.0281	0.86403	0.50794	0.85572	0.079251	0.51637	0.95206	0.47739	82.295	-15.988	-11.484	-94.406	39.695	0.59208	-2.562	-1.4612	0.31108	-16.646	13.836	-0.9437	44.162	-18.611	-4.2915
-58.041	-0.94844	778.57	0.56812	0.975	0.01469	0.55244	0.84595	0.074765	0.49357	0.78371	0.045071	0.5811	0.95288	0.48022	0.45359	0.95952	0.47087	0.5798	0.93048	0.030839	0.50827	0.98468	0.043417	0.53486	1.0361	0.8629	0.50787	0.85608	0.079752	0.51629	0.95606	0.47718	82.565	-15.919	-11.544	-98.401	40.706	0.67635	-2.5104	-1.4355	0.14771	-16.936	14.342	-0.91133	47.196	-19.032	-4.2587
-60.118	3.9841	804.21	0.56785	0.97568	0.014694	0.55219	0.84623	0.075303	0.49335	0.78389	0.046115	0.58105	0.95703	0.47995	0.45354	0.96362	0.47048	0.57975	0.93054	0.030872	0.50826	0.98476	0.043366	0.53457	1.0441	0.86174	0.50784	0.85646	0.080309	0.51623	0.96028	0.47695	82.829	-15.835	-11.614	-102.34	41.693	0.74891	-2.5015	-1.4151	0.027042	-17	14.761	-0.89222	50.423	-19.609	-4.2558
-62.5	9.4213	829.93	0.56761	0.9762	0.014696	0.55201	0.84653	0.075925	0.49319	0.78407	0.04728	0.58103	0.96135	0.47968	0.45354	0.96799	0.47006	0.57972	0.9306	0.030904	0.50827	0.98482	0.043321	0.5343	1.0521	0.86057	0.50787	0.85687	0.080931	0.5162	0.96472	0.47671	83.083	-15.734	-11.696	-106.2	42.637	0.80702	-2.5341	-1.4002	-0.04498	-16.834	15.052	-0.8887	53.824	-20.392	-4.2837
-65.226	15.36	855.4	0.56741	0.97658	0.014698	0.55191	0.84687	0.07664	0.49311	0.78425	0.048575	0.58104	0.96583	0.47942	0.45358	0.97263	0.4696	0.57972	0.93066	0.030935	0.50829	0.98487	0.043283	0.53403	1.0603	0.85939	0.50796	0.85732	0.081622	0.51621	0.96937	0.47646	83.323	-15.614	-11.79	-109.95	43.513	0.85016	-2.6067	-1.3915	-0.065093	-16.435	15.185	-0.90064	57.374	-21.418	-4.3386
-68.31	21.793	880.27	0.56724	0.97686	0.0147	0.55188	0.84725	0.077457	0.49311	0.78444	0.050009	0.58108	0.97048	0.47918	0.45365	0.97756	0.46911	0.57975	0.93072	0.030966	0.50832	0.98491	0.043253	0.53376	1.0684	0.85823	0.50812	0.85781	0.082391	0.51625	0.97425	0.47619	83.545	-15.472	-11.897	-113.56	44.296	0.87965	-2.7173	-1.3899	-0.0327	-15.8	15.137	-0.92556	61.043	-22.706	-4.4117
-71.733	28.706	904.18	0.56711	0.97707	0.014701	0.55194	0.84768	0.078385	0.49319	0.78465	0.051592	0.58115	0.97529	0.47895	0.45377	0.98276	0.46859	0.57981	0.9308	0.030997	0.50838	0.98494	0.043231	0.53348	1.0767	0.85708	0.50837	0.85834	0.083246	0.51632	0.97934	0.47591	83.747	-15.307	-12.017	-116.99	44.957	0.89808	-2.8639	-1.3962	0.050405	-14.928	14.903	-0.95909	64.798	-24.253	-4.4893
-75.439	36.081	926.8	0.56701	0.97723	0.014701	0.55208	0.84816	0.079429	0.49337	0.78489	0.053332	0.58124	0.98026	0.47874	0.45392	0.98822	0.46804	0.57991	0.93089	0.03103	0.50844	0.98497	0.043216	0.53318	1.085	0.85594	0.5087	0.85894	0.084193	0.51643	0.98465	0.47563	83.925	-15.117	-12.151	-120.21	45.47	0.90908	-3.0443	-1.4111	0.18037	-13.817	14.488	-0.99525	68.599	-26.032	-4.5534
-79.344	43.885	947.76	0.56693	0.97735	0.014702	0.55231	0.8487	0.080598	0.49364	0.78517	0.055236	0.58135	0.9854	0.47854	0.45409	0.99395	0.46746	0.58003	0.931	0.031065	0.50853	0.985	0.043209	0.53285	1.0935	0.85481	0.50912	0.85959	0.085241	0.51655	0.99018	0.47533	84.079	-14.901	-12.298	-123.17	45.809	0.91736	-3.2564	-1.4353	0.35147	-12.468	13.915	-1.0266	72.405	-27.99	-4.5825
-83.334	52.082	966.74	0.56686	0.97745	0.014702	0.55262	0.84932	0.081897	0.494	0.78549	0.057314	0.58146	0.99072	0.47837	0.45429	0.99991	0.46686	0.58018	0.93113	0.031103	0.50863	0.98503	0.043209	0.5325	1.1021	0.85368	0.50961	0.86032	0.086396	0.51669	0.99591	0.47503	84.207	-14.662	-12.459	-125.84	45.95	0.92816	-3.499	-1.469	0.55656	-10.886	13.215	-1.0452	76.166	-30.058	-4.5552
-87.283	60.63	983.43	0.56679	0.97754	0.014703	0.55302	0.85002	0.083333	0.49444	0.78586	0.059569	0.58157	0.99622	0.47822	0.45449	1.0061	0.46624	0.58035	0.93129	0.031148	0.50874	0.98508	0.043214	0.5321	1.1108	0.85257	0.51016	0.86111	0.087667	0.51684	1.0018	0.47474	84.307	-14.401	-12.634	-128.18	45.875	0.94602	-3.7712	-1.5125	0.78739	-9.0803	12.426	-1.0442	79.822	-32.151	-4.4522
-91.053	69.486	997.58	0.56671	0.97764	0.014703	0.55348	0.85081	0.084909	0.49495	0.78631	0.062006	0.58167	1.0019	0.47808	0.4547	1.0125	0.46561	0.58054	0.93147	0.0312	0.50886	0.98514	0.043223	0.53166	1.1196	0.85146	0.51077	0.86199	0.089058	0.51697	1.008	0.47444	84.379	-14.12	-12.822	-130.16	45.572	0.97376	-4.073	-1.5652	1.0351	-7.0663	11.591	-1.0183	83.31	-34.179	-4.2592
-94.512	78.604	1009	0.56659	0.97774	0.014703	0.55402	0.85169	0.086629	0.49554	0.78682	0.06463	0.58174	1.0078	0.47796	0.45489	1.0191	0.46497	0.58075	0.93168	0.031262	0.50899	0.98523	0.043235	0.53116	1.1286	0.85035	0.51142	0.86296	0.090574	0.51709	1.0143	0.47414	84.422	-13.824	-13.022	-131.75	45.034	1.0123	-4.4043	-1.6265	1.2907	-4.8664	10.754	-0.96553	86.561	-36.052	-3.9685
-97.546	87.935	1017.4	0.56644	0.97785	0.014704	0.55461	0.85268	0.088494	0.49617	0.78743	0.06744	0.58179	1.0139	0.47785	0.45506	1.0259	0.46431	0.58097	0.93193	0.031337	0.50911	0.98533	0.043246	0.53061	1.1377	0.84926	0.5121	0.86403	0.092217	0.51719	1.0209	0.47384	84.434	-13.515	-13.234	-132.91	44.26	1.0607	-4.7655	-1.6957	1.5465	-2.5075	9.9517	-0.88565	89.509	-37.693	-3.578
-100.06	97.426	1022.8	0.56624	0.97797	0.014704	0.55525	0.85379	0.090503	0.49685	0.78814	0.070437	0.58181	1.0201	0.47774	0.45521	1.0329	0.46365	0.58119	0.93221	0.031428	0.50924	0.98547	0.043255	0.52999	1.147	0.84818	0.5128	0.8652	0.093988	0.51726	1.0276	0.47354	84.416	-13.197	-13.457	-133.63	43.255	1.117	-5.1568	-1.7713	1.7958	-0.021363	9.2119	-0.78066	92.091	-39.041	-3.0908
-102	107.03	1024.9	0.56599	0.9781	0.014704	0.55593	0.85501	0.092654	0.49757	0.78896	0.07362	0.58179	1.0266	0.47763	0.45532	1.0401	0.46298	0.58141	0.93252	0.031537	0.50937	0.98563	0.043257	0.52931	1.1564	0.84711	0.51351	0.86649	0.095885	0.51729	1.0345	0.47324	84.364	-12.87	-13.69	-133.88	42.03	1.178	-5.5788	-1.8523	2.0337	2.5565	8.5552	-0.65447	94.24	-40.05	-2.5152
-103.33	116.67	1023.9	0.56568	0.97822	0.014704	0.55663	0.85635	0.094942	0.49831	0.78991	0.076985	0.58175	1.0334	0.47752	0.45541	1.0474	0.46229	0.58163	0.93286	0.031671	0.50949	0.98583	0.04325	0.52855	1.166	0.84607	0.51422	0.86789	0.097904	0.51729	1.0417	0.47292	84.278	-12.538	-13.933	-133.66	40.602	1.24	-6.0326	-1.937	2.2567	5.1911	7.9925	-0.51264	95.901	-40.694	-1.8637
-104.04	126.29	1019.5	0.56533	0.97834	0.014704	0.55736	0.85783	0.097362	0.49906	0.791	0.08053	0.58168	1.0403	0.4774	0.45547	1.0549	0.46158	0.58184	0.93323	0.031833	0.50961	0.98606	0.043229	0.52771	1.1757	0.84504	0.51493	0.86943	0.10004	0.51727	1.049	0.47259	84.154	-12.201	-14.186	-132.94	38.988	1.2985	-6.5192	-2.0239	2.4628	7.8485	7.5241	-0.36165	97.02	-40.964	-1.1516
-104.14	135.8	1011.6	0.56493	0.97845	0.014703	0.5581	0.85944	0.099905	0.49981	0.79226	0.084254	0.58158	1.0475	0.47726	0.45551	1.0626	0.46084	0.58203	0.93364	0.03203	0.50971	0.98632	0.04319	0.52678	1.1854	0.84405	0.51563	0.87111	0.10229	0.51722	1.0565	0.47223	83.988	-11.859	-14.449	-131.71	37.209	1.3493	-7.04	-2.1114	2.6507	10.497	7.1427	-0.20822	97.551	-40.866	-0.39538
-103.66	145.08	1000.2	0.56449	0.97853	0.014703	0.55882	0.86119	0.10256	0.50053	0.7937	0.088154	0.58146	1.0548	0.47709	0.45554	1.0704	0.46005	0.5822	0.93407	0.032269	0.50981	0.98661	0.04313	0.52577	1.1953	0.84308	0.51632	0.87294	0.10465	0.51715	1.0643	0.47185	83.777	-11.511	-14.722	-129.93	35.282	1.3889	-7.5967	-2.1981	2.8197	13.109	6.8367	-0.058965	97.458	-40.414	0.38923
-102.6	153.99	984.93	0.56402	0.97859	0.014702	0.55953	0.86309	0.10533	0.50121	0.79535	0.092231	0.58134	1.0624	0.47689	0.45556	1.0785	0.45922	0.58234	0.93453	0.03256	0.50989	0.98692	0.043044	0.52466	1.2054	0.84215	0.51698	0.87494	0.10711	0.51707	1.0722	0.47142	83.515	-11.155	-15.006	-127.58	33.223	1.4141	-8.1913	-2.2825	2.9698	15.664	6.5927	0.079383	96.718	-39.626	1.1859
-101	162.33	965.73	0.56354	0.97861	0.014701	0.56021	0.86515	0.1082	0.50183	0.79724	0.096486	0.58121	1.0703	0.47666	0.45559	1.0868	0.45832	0.58245	0.93502	0.032911	0.50995	0.98726	0.042928	0.52346	1.2155	0.84125	0.51763	0.87713	0.10966	0.51699	1.0804	0.47094	83.195	-10.786	-15.301	-124.63	31.047	1.4227	-8.8266	-2.3633	3.101	18.143	6.3988	0.20085	95.321	-38.519	1.9783
-98.838	169.88	942.31	0.56303	0.97861	0.014699	0.56084	0.86739	0.11118	0.50237	0.7994	0.10093	0.58109	1.0784	0.47639	0.45564	1.0954	0.45734	0.58253	0.93552	0.033335	0.51	0.98762	0.04278	0.52216	1.2257	0.84038	0.51824	0.87953	0.11231	0.51693	1.0888	0.4704	82.81	-10.401	-15.608	-121.04	28.764	1.4137	-9.5065	-2.4398	3.2127	20.533	6.2466	0.30041	93.274	-37.108	2.749
-96.122	176.36	914.43	0.56251	0.97859	0.014697	0.56142	0.86983	0.11427	0.50279	0.80188	0.10555	0.58099	1.0867	0.47608	0.45572	1.1042	0.45626	0.58258	0.93605	0.033844	0.51002	0.988	0.042598	0.52076	1.2359	0.83954	0.51881	0.88216	0.11505	0.51689	1.0975	0.46979	82.352	-9.9947	-15.926	-116.8	26.389	1.3875	-10.236	-2.5114	3.3038	22.827	6.1326	0.37409	90.601	-35.405	3.4786
-92.838	181.45	881.89	0.56198	0.97856	0.014696	0.56192	0.87249	0.11746	0.50308	0.80471	0.11038	0.58092	1.0953	0.47571	0.45587	1.1134	0.45508	0.58259	0.9366	0.034457	0.51002	0.98839	0.042383	0.51926	1.2463	0.83874	0.51933	0.88506	0.11789	0.5169	1.1066	0.46909	81.811	-9.5601	-16.255	-111.86	23.938	1.3463	-11.023	-2.5784	3.3721	25.015	6.057	0.41981	87.34	-33.425	4.1478
-88.98	184.83	844.48	0.56145	0.97853	0.014694	0.56233	0.87541	0.12078	0.5032	0.80795	0.11541	0.58089	1.1041	0.4753	0.45609	1.1229	0.45377	0.58256	0.93718	0.035193	0.51	0.9888	0.042142	0.51767	1.2567	0.83797	0.51978	0.88824	0.12081	0.51697	1.1159	0.46829	81.178	-9.0925	-16.594	-106.22	21.434	1.294	-11.876	-2.6415	3.4139	27.078	6.0221	0.43719	83.538	-31.187	4.737
-84.547	186.16	802.1	0.56092	0.97852	0.014692	0.56263	0.87862	0.12422	0.50313	0.81164	0.12066	0.58091	1.1134	0.47483	0.4564	1.1329	0.45232	0.58248	0.93779	0.036079	0.50995	0.98924	0.041881	0.51599	1.2672	0.83725	0.52015	0.89175	0.12384	0.51711	1.1256	0.46738	80.443	-8.588	-16.938	-99.88	18.909	1.2351	-12.804	-2.7023	3.4246	28.991	6.0291	0.42667	79.251	-28.722	5.2279
-79.558	185.12	754.78	0.56039	0.97857	0.014691	0.56279	0.88216	0.12781	0.50284	0.81584	0.12615	0.58099	1.1229	0.4743	0.45683	1.1433	0.45071	0.58236	0.93844	0.037148	0.50989	0.98971	0.041616	0.51423	1.2777	0.83658	0.52043	0.89562	0.12697	0.51734	1.1358	0.46633	79.596	-8.0453	-17.282	-92.858	16.401	1.1731	-13.82	-2.7626	3.3985	30.712	6.0744	0.38888	74.546	-26.072	5.6051
-74.057	181.46	702.69	0.55988	0.97871	0.014691	0.56281	0.88608	0.13156	0.50232	0.82061	0.13187	0.58114	1.1329	0.47369	0.45738	1.1543	0.44893	0.58219	0.93917	0.038439	0.50982	0.99023	0.041367	0.51239	1.2883	0.83596	0.52058	0.89989	0.13022	0.51766	1.1464	0.46515	78.628	-7.4668	-17.619	-85.212	13.959	1.1112	-14.937	-2.8246	3.3293	32.182	6.1482	0.32559	69.492	-23.297	5.8571
-68.116	175.02	646.26	0.55938	0.97896	0.014691	0.56267	0.89043	0.13549	0.50153	0.82601	0.13786	0.58136	1.1433	0.47302	0.45807	1.1659	0.44698	0.58196	0.93998	0.040002	0.50975	0.99084	0.041161	0.51047	1.2988	0.83541	0.5206	0.9046	0.1336	0.51808	1.1576	0.46381	77.532	-6.8603	-17.936	-77.038	11.64	1.052	-16.167	-2.8911	3.2108	33.323	6.2323	0.24025	64.167	-20.471	5.9788
-61.842	165.79	586.19	0.55892	0.97938	0.014692	0.56233	0.89524	0.13962	0.50046	0.83208	0.1441	0.58166	1.1541	0.47226	0.45891	1.178	0.44486	0.58166	0.94093	0.04189	0.50968	0.99156	0.041033	0.50848	1.3092	0.83493	0.52045	0.90979	0.13712	0.51861	1.1693	0.46231	76.306	-6.2395	-18.223	-68.476	9.5025	0.99692	-17.522	-2.965	3.0382	34.041	6.3004	0.13825	58.646	-17.679	5.9712
-55.366	153.94	523.46	0.55849	0.98	0.014695	0.56179	0.90058	0.14397	0.49909	0.83888	0.1506	0.58203	1.1655	0.47143	0.4599	1.1908	0.44257	0.58129	0.94205	0.044159	0.50963	0.99245	0.041026	0.50642	1.3196	0.83453	0.52012	0.9155	0.14081	0.51925	1.1815	0.46066	74.953	-5.6241	-18.464	-59.709	7.5994	0.94567	-19.012	-3.0499	2.8084	34.234	6.3187	0.027164	52.994	-15.016	5.8403
-48.845	139.86	459.33	0.55812	0.98085	0.0147	0.56102	0.90648	0.14855	0.49741	0.84644	0.15737	0.58248	1.1775	0.47051	0.46103	1.2043	0.44013	0.58083	0.94343	0.046869	0.50962	0.99359	0.041191	0.50431	1.3299	0.83421	0.51959	0.92177	0.14467	0.51999	1.1944	0.45885	73.483	-5.0406	-18.649	-50.955	5.9713	0.89522	-20.645	-3.1493	2.5217	33.798	6.2478	-0.082684	47.258	-12.569	5.5951
-42.438	124.18	395.22	0.55782	0.98194	0.014706	0.56001	0.913	0.15337	0.49541	0.85481	0.16437	0.58298	1.19	0.4695	0.4623	1.2184	0.43758	0.58028	0.94515	0.050071	0.50965	0.99505	0.041579	0.50214	1.3401	0.83397	0.51883	0.92865	0.14873	0.52083	1.2079	0.4569	71.917	-4.5199	-18.769	-42.453	4.6371	0.84022	-22.423	-3.267	2.1823	32.638	6.0455	-0.17841	41.448	-10.41	5.2431
-36.297	107.67	332.64	0.55761	0.98325	0.014714	0.55875	0.92018	0.15844	0.49311	0.86399	0.17157	0.58352	1.2031	0.46842	0.46368	1.2332	0.43494	0.57964	0.9473	0.053803	0.50975	0.99697	0.042243	0.49993	1.3501	0.83381	0.51782	0.93617	0.15298	0.52174	1.2221	0.45483	70.285	-4.0957	-18.821	-34.443	3.5901	0.77348	-24.344	-3.4063	1.7982	30.682	5.6702	-0.24367	35.537	-8.5911	4.7884
-30.55	91.139	273.04	0.55754	0.98475	0.014724	0.55724	0.92807	0.16375	0.49051	0.87401	0.17893	0.58409	1.2168	0.46726	0.46514	1.2487	0.43226	0.57888	0.95001	0.058084	0.50992	0.99945	0.043228	0.49769	1.36	0.83374	0.51655	0.94437	0.15743	0.52271	1.2368	0.45267	68.629	-3.8021	-18.811	-27.14	2.7978	0.68842	-26.398	-3.5699	1.3814	27.916	5.0935	-0.26057	29.515	-7.1254	4.2354
-25.277	75.221	217.76	0.55762	0.98642	0.014735	0.55547	0.93669	0.16927	0.48761	0.88488	0.18637	0.58466	1.2311	0.46606	0.46664	1.2648	0.42959	0.57801	0.95342	0.062907	0.51018	1.0026	0.044569	0.49543	1.3698	0.83374	0.51502	0.9533	0.16205	0.5237	1.2522	0.45046	66.997	-3.6702	-18.753	-20.707	2.2057	0.58566	-28.57	-3.7585	0.94671	24.441	4.3328	-0.21883	23.52	-5.9688	3.6043
-20.522	60.363	167.93	0.55792	0.98833	0.014748	0.55346	0.9461	0.17496	0.48445	0.89658	0.19379	0.5852	1.246	0.46484	0.46815	1.2814	0.42699	0.57702	0.95766	0.068235	0.51052	1.0067	0.046282	0.49317	1.3794	0.83382	0.51321	0.963	0.16682	0.52468	1.2681	0.44824	65.443	-3.7253	-18.668	-15.271	1.7528	0.46564	-30.836	-3.97	0.51024	20.488	3.4287	-0.11065	17.771	-5.088	2.9331
-16.303	46.878	124.37	0.55851	0.99061	0.014765	0.55122	0.95631	0.18076	0.48103	0.90908	0.20109	0.5857	1.2614	0.46362	0.46962	1.2986	0.42453	0.57593	0.96287	0.074003	0.51096	1.0118	0.048373	0.49092	1.389	0.83397	0.51113	0.9735	0.17167	0.52561	1.2845	0.44608	64.024	-3.9845	-18.577	-10.829	1.3772	0.33514	-33.169	-4.1999	0.087421	16.274	2.4629	0.039005	12.527	-4.3683	2.2597
-12.614	34.985	87.471	0.55952	0.99358	0.014787	0.54876	0.96734	0.18662	0.47739	0.92235	0.20817	0.58612	1.2772	0.46247	0.47101	1.3163	0.42226	0.57473	0.96919	0.080123	0.51149	1.018	0.05083	0.48871	1.3984	0.83418	0.50878	0.98485	0.17656	0.52647	1.3014	0.44402	62.793	-4.454	-18.501	-7.3181	1.0313	0.20033	-35.536	-4.4409	-0.30923	12.023	1.5154	0.19943	7.9773	-3.7128	1.6179
-9.4338	24.814	57.234	0.56132	0.99788	0.01482	0.54611	0.97918	0.19245	0.47356	0.93632	0.21491	0.58644	1.2935	0.46141	0.47226	1.3343	0.42026	0.57345	0.97673	0.08649	0.5121	1.0255	0.05363	0.48657	1.4077	0.83446	0.50617	0.99706	0.18142	0.52722	1.3186	0.44214	61.797	-5.1266	-18.45	-5.0124	0.7108	0.03203	-37.905	-4.684	-0.67297	8.3223	0.51287	0.46507	4.0147	-3.51	1.065
-6.7372	16.413	33.344	0.56491	1.0053	0.014879	0.5433	0.99181	0.1982	0.4696	0.95092	0.22123	0.58665	1.3102	0.4605	0.47335	1.3526	0.41859	0.5721	0.98559	0.09298	0.51277	1.0343	0.056738	0.48452	1.417	0.8348	0.50332	1.0101	0.18617	0.52782	1.3362	0.44049	61.073	-5.9807	-18.421	-2.5638	0.33767	-0.047217	-40.246	-4.9194	-1.0042	4.0834	-0.02899	0.39971	1.3309	-2.2203	0.51387
0	0	0	NaN	NaN	NaN	0.54035	1.0052	0.20379	0.46557	0.96605	0.22703	0.58672	1.3272	0.45977	0.47423	1.3711	0.4173	0.57069	0.99583	0.099462	0.51345	1.0447	0.060106	0.48259	1.4262	0.8352	0.50027	1.024	0.19076	0.52825	1.354	0.43911	60.646	-6.9798	-18.402	0.026718	-7.1e-05	0.006688	-42.531	-5.1373	-1.3104	0.057577	0.076766	-0.04997	0.36943	0.10866	0.057097
