4.9329	-1.2727	71.655	0.52016	0.87962	0.013929	0.56501	0.87734	0.079752	0.50258	0.83329	0.027958	0.58378	0.76525	0.48303	0.4564	0.77776	0.47986	0.58454	0.97795	0.063425	0.51863	1.0166	0.099117	0.52971	0.60381	0.8361	0.51788	0.87945	0.088694	0.52106	0.77152	0.47693	76.894	-9.1252	-18.147	-0.081879	0.4658	-0.026271	-9.8087	-2.1	-3.4095	-7.4383	1.6035	-0.60162	-19.13	2.651	2.3442
5.7721	-4.6323	109.72	0.52479	0.88901	0.014003	0.56465	0.88569	0.078667	0.5027	0.84081	0.027647	0.58324	0.77384	0.48177	0.45578	0.78541	0.47835	0.58356	0.98615	0.06139	0.51758	1.0248	0.096783	0.52957	0.61381	0.83522	0.51759	0.88766	0.087242	0.52049	0.7796	0.4756	76.22	-9.3081	-18.13	-0.12427	1.1115	-0.19295	-9.5712	-2.137	-3.2625	-9.9922	2.3016	-0.98649	-26.665	3.3109	2.7487
6.424	-9.2603	155.72	0.52778	0.89553	0.014055	0.56427	0.89287	0.077491	0.5028	0.84693	0.027537	0.58276	0.78248	0.48066	0.45524	0.79327	0.47703	0.58259	0.99304	0.058817	0.51655	1.032	0.093735	0.52949	0.6239	0.83446	0.51726	0.89479	0.085631	0.51999	0.78786	0.47446	75.424	-9.5629	-18.1	0.074954	1.9787	-0.39042	-9.4976	-2.1751	-3.0454	-12.5	3.1738	-1.4362	-34.999	3.9753	3.1259
6.7234	-15.327	208.9	0.52998	0.90068	0.014095	0.56388	0.899	0.07628	0.50289	0.85181	0.02764	0.58235	0.79121	0.47974	0.45478	0.80136	0.47593	0.58169	0.99872	0.055806	0.51559	1.0382	0.090063	0.52947	0.63408	0.83386	0.5169	0.90094	0.083926	0.51955	0.79628	0.47353	74.514	-9.8977	-18.054	0.4489	3.0942	-0.62003	-9.5783	-2.2155	-2.753	-14.556	4.148	-1.9289	-43.301	4.4642	3.3249
6.4553	-22.973	267.4	0.53179	0.90521	0.014129	0.56351	0.9042	0.075089	0.50297	0.85564	0.027951	0.58199	0.80005	0.47904	0.45439	0.80969	0.47508	0.58092	1.0033	0.05249	0.51474	1.0435	0.085897	0.52952	0.64434	0.83341	0.51655	0.90627	0.082207	0.51916	0.8049	0.47282	73.512	-10.319	-17.991	0.9652	4.4312	-0.85155	-9.8025	-2.2584	-2.3821	-15.875	5.1729	-2.4212	-51.032	4.6843	3.3135
5.3584	-32.337	328.85	0.53342	0.90953	0.014162	0.56316	0.9086	0.07397	0.50306	0.85858	0.028451	0.58169	0.80901	0.47857	0.45407	0.81828	0.47449	0.5803	1.007	0.049027	0.514	1.048	0.081395	0.52965	0.65467	0.83313	0.51618	0.91089	0.080551	0.51883	0.81372	0.47234	72.46	-10.832	-17.908	1.5137	5.9626	-1.0575	-10.158	-2.3033	-1.9312	-16.083	6.1299	-2.8545	-57.332	4.4365	2.9741
3.1945	-43.552	391.31	0.535	0.91387	0.014195	0.56283	0.91233	0.072961	0.50316	0.86082	0.029103	0.58144	0.81812	0.47835	0.4538	0.82713	0.4742	0.57985	1.0099	0.045586	0.51339	1.0519	0.076736	0.52985	0.66506	0.83303	0.51581	0.91491	0.079027	0.51855	0.82273	0.47211	71.41	-11.434	-17.8	1.9803	7.6616	-1.2039	-10.632	-2.3498	-1.4014	-14.935	6.905	-3.164	-61.605	3.5386	2.2205
-0.144	-56.632	453.28	0.53658	0.91834	0.014229	0.56254	0.9155	0.072088	0.50326	0.86252	0.029866	0.58124	0.82739	0.47839	0.45359	0.8362	0.47421	0.57957	1.0121	0.042317	0.51289	1.0552	0.072091	0.53016	0.67552	0.83312	0.51542	0.91843	0.077686	0.51831	0.83193	0.47213	70.418	-12.12	-17.66	2.2592	9.5068	-1.2584	-11.212	-2.398	-0.79829	-12.312	7.4275	-3.2925	-63.509	1.8859	1.0254
-4.5741	-71.351	513.75	0.53815	0.92295	0.014264	0.56226	0.9182	0.07136	0.50338	0.8638	0.03069	0.58107	0.83679	0.47865	0.45341	0.84546	0.47452	0.57945	1.0138	0.039343	0.51245	1.058	0.06761	0.53056	0.68605	0.83339	0.515	0.92151	0.076556	0.51812	0.84128	0.47238	69.539	-12.874	-17.482	2.2669	11.484	-1.1965	-11.883	-2.4491	-0.13316	-8.2483	7.6917	-3.2031	-63.004	-0.51548	-0.56562
-9.8232	-87.238	572.33	0.53968	0.92761	0.014299	0.56199	0.92052	0.070777	0.5035	0.86476	0.031533	0.58093	0.84629	0.47911	0.45326	0.85486	0.4751	0.57945	1.015	0.036747	0.51206	1.0604	0.063411	0.53106	0.69666	0.83384	0.51454	0.9242	0.075642	0.51797	0.85075	0.47285	68.815	-13.676	-17.26	1.9567	13.583	-1.004	-12.63	-2.5054	0.57578	-2.9286	7.7634	-2.8864	-60.381	-3.5386	-2.4331
-15.484	-103.68	629.04	0.54111	0.93223	0.014333	0.56171	0.92251	0.070328	0.50361	0.86549	0.032353	0.58081	0.85584	0.47971	0.45312	0.86432	0.47591	0.57953	1.016	0.034572	0.51166	1.0623	0.059578	0.53167	0.70736	0.83446	0.51404	0.92653	0.074931	0.51786	0.86027	0.47349	68.278	-14.504	-16.989	1.3253	15.792	-0.67604	-13.433	-2.5696	1.3037	3.3867	7.7601	-2.3581	-56.104	-6.9686	-4.4118
-21.115	-120.03	683.98	0.54237	0.93667	0.014366	0.56142	0.92422	0.07	0.5037	0.86604	0.033121	0.5807	0.86537	0.4804	0.45299	0.87375	0.47688	0.57966	1.0167	0.032825	0.51123	1.064	0.056166	0.53239	0.71814	0.83522	0.5135	0.92852	0.0744	0.51776	0.86975	0.47424	67.944	-15.331	-16.665	0.40113	18.089	-0.21629	-14.269	-2.6427	2.0202	10.429	7.8068	-1.6507	-50.645	-10.568	-6.3406
-26.363	-135.69	737.23	0.54343	0.94083	0.014396	0.56112	0.92569	0.069776	0.50377	0.86647	0.033815	0.58059	0.8748	0.4811	0.45287	0.88304	0.47793	0.57979	1.0172	0.031485	0.51077	1.0653	0.053204	0.5332	0.72899	0.83613	0.5129	0.93019	0.074019	0.51768	0.87912	0.47504	67.815	-16.132	-16.288	-0.77032	20.444	0.36283	-15.111	-2.7236	2.6919	17.942	7.9964	-0.80396	-44.427	-14.137	-8.101
-31.026	-150.13	788.81	0.54428	0.94461	0.014423	0.5608	0.92693	0.069636	0.50382	0.86679	0.034423	0.58049	0.88404	0.48178	0.45275	0.8921	0.47899	0.5799	1.0175	0.030512	0.51028	1.0664	0.050694	0.53411	0.73989	0.83716	0.51227	0.93158	0.073759	0.51761	0.88826	0.47584	67.882	-16.881	-15.861	-2.1389	22.821	1.0407	-15.932	-2.808	3.2845	25.683	8.3664	0.14105	-37.816	-17.55	-9.6368
-35.013	-162.86	838.59	0.54494	0.94798	0.014447	0.56047	0.92799	0.06956	0.50384	0.86703	0.03494	0.5804	0.89301	0.48238	0.45264	0.90083	0.47996	0.58	1.0178	0.029852	0.50976	1.0672	0.048622	0.53508	0.7508	0.83829	0.51161	0.93274	0.073594	0.51755	0.8971	0.47657	68.124	-17.556	-15.393	-3.6542	25.18	1.7906	-16.703	-2.8895	3.7666	33.407	8.9083	1.1435	-31.139	-20.735	-10.929
-38.284	-173.43	886.16	0.54542	0.9509	0.014467	0.56016	0.92887	0.06953	0.50385	0.86721	0.035366	0.58032	0.90162	0.48289	0.45254	0.90914	0.48079	0.58006	1.0179	0.029449	0.50924	1.0679	0.046956	0.53611	0.76168	0.83951	0.51095	0.93369	0.073498	0.51748	0.90555	0.4772	68.514	-18.14	-14.898	-5.2714	27.474	2.5833	-17.399	-2.9602	4.1122	40.878	9.5852	2.1628	-24.654	-23.633	-11.971
-40.848	-181.54	930.89	0.54576	0.95338	0.014485	0.55985	0.9296	0.069532	0.50384	0.86735	0.035708	0.58026	0.90983	0.48328	0.45245	0.91695	0.48144	0.58009	1.0181	0.029247	0.50873	1.0685	0.045655	0.53716	0.7725	0.84082	0.51032	0.9345	0.073452	0.51741	0.91354	0.4777	69.02	-18.616	-14.388	-6.955	29.653	3.3879	-17.999	-3.0122	4.3024	47.891	10.338	3.1614	-18.533	-26.202	-12.77
-42.767	-187.04	971.99	0.54599	0.95546	0.014499	0.55957	0.93019	0.069553	0.50381	0.86744	0.035973	0.58022	0.91759	0.48356	0.45238	0.92422	0.48187	0.58009	1.0182	0.029192	0.50824	1.0689	0.044673	0.53822	0.7832	0.84218	0.50973	0.9352	0.073436	0.51734	0.92104	0.47805	69.614	-18.98	-13.879	-8.6813	31.672	4.1732	-18.491	-3.0382	4.327	54.28	11.087	4.1076	-12.858	-28.429	-13.356
-44.171	-189.95	1008.7	0.54616	0.95719	0.014511	0.55932	0.93065	0.069583	0.50379	0.8675	0.036171	0.58021	0.92489	0.48373	0.45234	0.93092	0.4821	0.58007	1.0182	0.02924	0.50779	1.0692	0.04396	0.53925	0.79375	0.84361	0.5092	0.93582	0.073436	0.51729	0.92802	0.47827	70.267	-19.23	-13.385	-10.438	33.495	4.9076	-18.87	-3.033	4.1859	59.919	11.732	4.9794	-7.6537	-30.349	-13.782
-45.217	-190.38	1040.3	0.54631	0.95866	0.014521	0.5591	0.93101	0.069616	0.50376	0.86753	0.036314	0.58023	0.93171	0.4838	0.45232	0.93702	0.48214	0.58004	1.0183	0.029352	0.5074	1.0694	0.043469	0.54025	0.80411	0.84506	0.50875	0.93638	0.073442	0.51726	0.93448	0.47836	70.954	-19.375	-12.917	-12.219	35.099	5.5635	-19.135	-2.994	3.8896	64.716	12.178	5.7637	-2.9226	-32.022	-14.109
-46.053	-188.56	1066.4	0.54646	0.95993	0.014529	0.55892	0.93128	0.069648	0.50373	0.86754	0.036411	0.58028	0.93808	0.48379	0.45235	0.94256	0.48203	0.58	1.0183	0.029496	0.50705	1.0695	0.043153	0.54118	0.81427	0.84654	0.50838	0.93688	0.073445	0.51727	0.94043	0.47835	71.655	-19.427	-12.483	-14.019	36.47	6.1202	-19.295	-2.9216	3.4592	68.611	12.355	6.4528	1.3468	-33.51	-14.389
-46.795	-184.76	1086.5	0.54665	0.96106	0.014537	0.55878	0.93146	0.069675	0.50371	0.86753	0.036475	0.58037	0.94402	0.48371	0.45241	0.94755	0.48182	0.57997	1.0183	0.02965	0.50678	1.0696	0.042971	0.54203	0.82421	0.84803	0.50808	0.93734	0.073443	0.51733	0.94591	0.47825	72.354	-19.405	-12.089	-15.837	37.61	6.5647	-19.356	-2.82	2.9262	71.57	12.233	7.0415	5.172	-34.862	-14.657
-47.538	-179.28	1100.7	0.54689	0.96213	0.014545	0.55867	0.93158	0.069697	0.5037	0.86751	0.036513	0.5805	0.94953	0.48357	0.45252	0.95206	0.48153	0.57995	1.0183	0.029798	0.50656	1.0697	0.042888	0.5428	0.83395	0.84952	0.50786	0.93774	0.073434	0.51743	0.95093	0.47809	73.037	-19.331	-11.741	-17.67	38.529	6.8902	-19.331	-2.6958	2.3299	73.583	11.819	7.5255	8.5699	-36.114	-14.935
-48.357	-172.45	1108.8	0.5472	0.96319	0.014553	0.5586	0.93165	0.069713	0.50368	0.86747	0.036534	0.58066	0.95464	0.48338	0.45267	0.95615	0.4812	0.57995	1.0183	0.029928	0.50641	1.0697	0.042875	0.54347	0.84348	0.851	0.5077	0.93808	0.07342	0.51759	0.95556	0.4779	73.697	-19.226	-11.439	-19.514	39.248	7.0949	-19.227	-2.5574	1.7136	74.655	11.147	7.9012	11.556	-37.293	-15.231
-49.295	-164.55	1111.2	0.5476	0.96429	0.014561	0.55856	0.93167	0.069724	0.50367	0.86743	0.036544	0.58087	0.95937	0.48316	0.45286	0.95989	0.48087	0.57996	1.0183	0.030035	0.50633	1.0696	0.042907	0.54405	0.85283	0.85246	0.5076	0.93837	0.073406	0.51781	0.95982	0.47769	74.323	-19.11	-11.185	-21.366	39.792	7.1818	-19.052	-2.4141	1.1201	74.81	10.277	8.1655	14.149	-38.408	-15.54
-50.349	-155.88	1108.1	0.54809	0.96547	0.01457	0.55855	0.93166	0.069728	0.50365	0.86738	0.036548	0.5811	0.96374	0.48291	0.4531	0.96335	0.48055	0.58	1.0183	0.030117	0.50629	1.0696	0.042966	0.54454	0.86202	0.85389	0.50755	0.93861	0.073394	0.51807	0.96375	0.47747	74.912	-19	-10.976	-23.224	40.186	7.1586	-18.81	-2.2748	0.58778	74.09	9.2901	8.315	16.377	-39.443	-15.843
-51.477	-146.69	1100.2	0.54867	0.96677	0.014581	0.55856	0.93163	0.069728	0.50363	0.86733	0.036551	0.58137	0.96776	0.48266	0.45338	0.96659	0.48026	0.58006	1.0182	0.030173	0.5063	1.0695	0.043038	0.54494	0.87109	0.85529	0.50754	0.93879	0.073386	0.51837	0.96739	0.47726	75.458	-18.907	-10.807	-25.086	40.458	7.0369	-18.506	-2.1475	0.14562	72.555	8.2745	8.3475	18.27	-40.36	-16.111
-52.61	-137.22	1087.9	0.54933	0.96821	0.014592	0.55858	0.93158	0.069723	0.5036	0.86728	0.036557	0.58167	0.97145	0.4824	0.45368	0.96966	0.47999	0.58013	1.0182	0.030206	0.50635	1.0695	0.043114	0.54527	0.88004	0.85666	0.50756	0.93893	0.073385	0.51869	0.97077	0.47706	75.961	-18.836	-10.674	-26.956	40.632	6.8312	-18.143	-2.0385	-0.18809	70.283	7.3163	8.2626	19.861	-41.108	-16.311
-53.662	-127.66	1071.8	0.55008	0.96983	0.014605	0.55861	0.93152	0.069715	0.50357	0.86723	0.036568	0.58198	0.97484	0.48214	0.45399	0.97262	0.47975	0.58022	1.0181	0.030219	0.50642	1.0694	0.043186	0.54553	0.88892	0.85799	0.5076	0.93903	0.07339	0.51903	0.97393	0.47689	76.42	-18.785	-10.569	-28.839	40.729	6.5572	-17.723	-1.9524	-0.40657	67.362	6.491	8.0622	21.186	-41.628	-16.41
-54.545	-118.18	1052.4	0.5509	0.97166	0.014619	0.55864	0.93145	0.069704	0.50352	0.86718	0.036586	0.58229	0.97794	0.4819	0.45431	0.9755	0.47954	0.58032	1.0181	0.030216	0.50652	1.0694	0.04325	0.54573	0.89774	0.85929	0.50766	0.9391	0.073404	0.51936	0.97687	0.47674	76.836	-18.749	-10.488	-30.744	40.765	6.231	-17.248	-1.8911	-0.51385	63.892	5.8551	7.752	22.287	-41.865	-16.38
-55.189	-108.95	1030.3	0.55178	0.97371	0.014635	0.55866	0.93137	0.069693	0.50345	0.86714	0.036615	0.58261	0.98077	0.48167	0.45463	0.97831	0.47935	0.58042	1.018	0.0302	0.50663	1.0693	0.043303	0.54588	0.90653	0.86055	0.50773	0.93916	0.073424	0.51968	0.97964	0.47662	77.213	-18.718	-10.422	-32.684	40.747	5.8675	-16.722	-1.8544	-0.52216	59.974	5.4383	7.3426	23.204	-41.78	-16.203
-55.546	-100.1	1006.1	0.55273	0.97603	0.014653	0.55868	0.9313	0.069683	0.50338	0.86711	0.036654	0.58291	0.98337	0.48147	0.45493	0.98109	0.47917	0.58052	1.018	0.030176	0.50675	1.0693	0.043345	0.54598	0.91532	0.86175	0.50781	0.93921	0.073454	0.51997	0.98225	0.47653	77.552	-18.679	-10.367	-34.671	40.679	5.4807	-16.147	-1.8398	-0.4492	55.708	5.2456	6.8491	23.978	-41.353	-15.87
-55.602	-91.731	980.09	0.55373	0.97862	0.014673	0.55868	0.93122	0.069677	0.50328	0.8671	0.036707	0.5832	0.98576	0.48128	0.45521	0.98383	0.47897	0.58061	1.0179	0.030147	0.50687	1.0692	0.043375	0.54604	0.92411	0.8629	0.50791	0.93926	0.073492	0.52022	0.98471	0.47646	77.858	-18.624	-10.318	-36.72	40.561	5.0834	-15.527	-1.8435	-0.31517	51.189	5.2606	6.291	24.647	-40.591	-15.386
-55.377	-83.94	952.89	0.55478	0.98153	0.014695	0.55867	0.93115	0.069678	0.50316	0.86709	0.036774	0.58347	0.98797	0.48112	0.45547	0.98653	0.47876	0.58071	1.0179	0.030115	0.50699	1.0692	0.043393	0.54607	0.93293	0.86399	0.50802	0.9393	0.073541	0.52044	0.98706	0.47642	78.135	-18.544	-10.272	-38.836	40.392	4.6866	-14.867	-1.8601	-0.13993	46.505	5.4495	5.6907	25.239	-39.524	-14.767
-54.922	-76.775	924.96	0.55588	0.98475	0.014719	0.55864	0.93109	0.06969	0.50303	0.8671	0.036857	0.58371	0.99003	0.48098	0.45571	0.9892	0.47852	0.58079	1.0178	0.030084	0.50711	1.0692	0.043401	0.54605	0.94179	0.865	0.50815	0.93935	0.073603	0.52061	0.9893	0.4764	78.386	-18.434	-10.228	-41.022	40.174	4.2989	-14.171	-1.8838	0.058903	41.732	5.7652	5.071	25.774	-38.207	-14.04
-54.311	-70.258	896.78	0.55702	0.9883	0.014745	0.5586	0.93103	0.069715	0.50288	0.86712	0.036959	0.58394	0.99195	0.48087	0.45594	0.99183	0.47825	0.58087	1.0178	0.030054	0.50723	1.0692	0.0434	0.54601	0.95068	0.86593	0.50829	0.9394	0.07368	0.52074	0.99145	0.4764	78.614	-18.296	-10.186	-43.277	39.911	3.9254	-13.444	-1.9083	0.26738	36.936	6.1552	4.4525	26.258	-36.714	-13.237
-53.631	-64.385	868.83	0.55822	0.99219	0.014774	0.55855	0.93099	0.069756	0.50271	0.86716	0.03708	0.58415	0.99377	0.48078	0.45615	0.9944	0.47794	0.58093	1.0177	0.030026	0.50734	1.0692	0.043392	0.54594	0.9596	0.86677	0.50844	0.93946	0.073774	0.52084	0.99352	0.47642	78.823	-18.133	-10.145	-45.597	39.615	3.5678	-12.692	-1.9274	0.47522	32.172	6.5674	3.8517	26.69	-35.125	-12.395
-52.969	-59.13	841.6	0.55946	0.9964	0.014805	0.55848	0.93095	0.069816	0.50252	0.86722	0.037224	0.58434	0.99551	0.48071	0.45636	0.99692	0.47759	0.58099	1.0177	0.030002	0.50745	1.0692	0.043377	0.54583	0.96854	0.86753	0.5086	0.93953	0.073887	0.52091	0.99553	0.47647	79.014	-17.952	-10.108	-47.976	39.301	3.2253	-11.921	-1.9356	0.6751	27.487	6.9556	3.2807	27.067	-33.524	-11.552
-52.399	-54.452	815.59	0.56074	1.0009	0.014838	0.5584	0.93093	0.069896	0.50231	0.86729	0.037393	0.58452	0.99719	0.48066	0.45656	0.99937	0.4772	0.58104	1.0177	0.029981	0.50755	1.0693	0.043357	0.5457	0.97749	0.86821	0.50876	0.93961	0.074023	0.52096	0.9975	0.47653	79.19	-17.763	-10.075	-50.41	38.985	2.8955	-11.138	-1.9287	0.86183	22.917	7.2852	2.7466	27.385	-31.983	-10.74
-51.975	-50.295	791.28	0.56205	1.0057	0.014873	0.55831	0.93093	0.069998	0.50208	0.86738	0.037589	0.58469	0.99884	0.48063	0.45676	1.0017	0.4768	0.58108	1.0177	0.029963	0.50766	1.0693	0.043334	0.54553	0.98644	0.86879	0.50891	0.93969	0.074183	0.52099	0.99943	0.47661	79.351	-17.575	-10.05	-52.899	38.688	2.576	-10.35	-1.9038	1.0308	18.494	7.5365	2.2523	27.645	-30.561	-9.983
-51.728	-46.587	769.12	0.56337	1.0107	0.01491	0.55819	0.93094	0.070125	0.50183	0.86748	0.037814	0.58486	1.0005	0.48062	0.45695	1.004	0.47638	0.58111	1.0177	0.02995	0.50776	1.0694	0.043309	0.54533	0.99536	0.8693	0.50904	0.93979	0.07437	0.52102	1.0013	0.47672	79.5	-17.398	-10.033	-55.439	38.432	2.2642	-9.562	-1.8601	1.1771	14.243	7.7052	1.7972	27.854	-29.297	-9.2965
-51.662	-43.242	749.56	0.56468	1.0158	0.014947	0.55806	0.93096	0.070277	0.50155	0.86761	0.038072	0.58501	1.0021	0.48062	0.45714	1.0063	0.47597	0.58113	1.0177	0.02994	0.50786	1.0695	0.043282	0.5451	1.0042	0.86972	0.50916	0.93989	0.074585	0.52106	1.0032	0.47684	79.639	-17.237	-10.028	-58.03	38.233	1.9585	-8.7815	-1.7984	1.2947	10.184	7.8007	1.3781	28.024	-28.208	-8.6893
-51.762	-40.17	732.94	0.56594	1.021	0.014985	0.55791	0.931	0.070457	0.50124	0.86775	0.038366	0.58516	1.0038	0.48064	0.45732	1.0084	0.47557	0.58115	1.0177	0.029936	0.50796	1.0696	0.043254	0.54484	1.0131	0.87005	0.50926	0.94002	0.07483	0.52109	1.0051	0.47698	79.77	-17.096	-10.035	-60.671	38.106	1.6586	-8.0145	-1.721	1.3772	6.3358	7.8434	0.99167	28.175	-27.293	-8.1627
-52	-37.277	719.56	0.56712	1.0261	0.015021	0.55773	0.93107	0.070667	0.50089	0.86791	0.038697	0.5853	1.0055	0.48068	0.45749	1.0105	0.47519	0.58115	1.0177	0.029936	0.50805	1.0697	0.043227	0.54455	1.0218	0.8703	0.50933	0.94015	0.075106	0.52112	1.007	0.47713	79.894	-16.974	-10.057	-63.359	38.059	1.3663	-7.267	-1.6319	1.4184	2.7117	7.8608	0.63509	28.336	-26.537	-7.7132
-52.343	-34.469	709.6	0.56818	1.031	0.015057	0.55753	0.93114	0.070909	0.50052	0.86809	0.039069	0.58543	1.0073	0.48072	0.45765	1.0126	0.47486	0.58113	1.0177	0.029942	0.50814	1.0699	0.043198	0.54425	1.0305	0.87045	0.50938	0.9403	0.075414	0.52116	1.009	0.4773	80.015	-16.868	-10.094	-66.091	38.097	1.0846	-6.5451	-1.5354	1.4136	-0.67775	7.8813	0.30652	28.541	-25.917	-7.3341
-52.761	-31.651	703.15	0.5691	1.0356	0.01509	0.55731	0.93124	0.071185	0.5001	0.8683	0.039483	0.58555	1.0092	0.48078	0.45779	1.0146	0.47457	0.58111	1.0178	0.029953	0.50822	1.07	0.043169	0.54392	1.0392	0.87051	0.5094	0.94047	0.075756	0.52119	1.011	0.47748	80.135	-16.774	-10.146	-68.866	38.219	0.81663	-5.8549	-1.436	1.3605	-3.8268	7.9283	0.004892	28.818	-25.41	-7.0175
-53.236	-28.74	700.22	0.56986	1.0399	0.01512	0.55706	0.93135	0.071497	0.49966	0.86852	0.039945	0.58565	1.0113	0.48086	0.45791	1.0167	0.47434	0.58107	1.0178	0.029969	0.5083	1.0702	0.043139	0.54359	1.0477	0.87048	0.50941	0.94066	0.076134	0.52122	1.0131	0.47768	80.257	-16.684	-10.213	-71.68	38.416	0.56493	-5.2029	-1.3378	1.2606	-6.731	8.0142	-0.27025	29.197	-25	-6.757
-53.755	-25.666	700.75	0.57043	1.0437	0.015146	0.55679	0.93148	0.071846	0.49919	0.86875	0.040461	0.58574	1.0134	0.48094	0.458	1.0188	0.47414	0.58101	1.0178	0.029991	0.50837	1.0703	0.043108	0.54326	1.0562	0.87035	0.5094	0.94086	0.076549	0.52125	1.0153	0.47788	80.384	-16.595	-10.294	-74.534	38.677	0.3318	-4.5958	-1.244	1.1187	-9.3847	8.1437	-0.51935	29.712	-24.678	-6.5462
-54.311	-22.38	704.59	0.57081	1.047	0.015169	0.55651	0.93163	0.072233	0.49871	0.869	0.041037	0.58581	1.0157	0.48102	0.45808	1.021	0.47399	0.58095	1.0179	0.030019	0.50843	1.0705	0.043073	0.54292	1.0646	0.87013	0.50937	0.94107	0.077002	0.52128	1.0177	0.47808	80.517	-16.5	-10.387	-77.425	38.99	0.11913	-4.0396	-1.157	0.94334	-11.781	8.3166	-0.74308	30.399	-24.434	-6.3795
-54.899	-18.85	711.56	0.571	1.0499	0.015188	0.55621	0.93179	0.072658	0.49821	0.86926	0.041683	0.58587	1.0182	0.48111	0.45815	1.0234	0.47388	0.58087	1.0179	0.030051	0.50848	1.0707	0.043035	0.5426	1.0729	0.8698	0.50933	0.94129	0.077494	0.52131	1.0202	0.47828	80.658	-16.397	-10.491	-80.356	39.344	-0.071545	-3.5396	-1.0788	0.74552	-13.911	8.5296	-0.94239	31.296	-24.262	-6.2513
-55.519	-15.064	721.44	0.571	1.0522	0.015204	0.55591	0.93197	0.073122	0.49772	0.86953	0.042408	0.58592	1.0209	0.48119	0.45821	1.026	0.47379	0.58079	1.0179	0.030088	0.50853	1.0708	0.042992	0.54229	1.0811	0.86938	0.50929	0.94153	0.078024	0.52133	1.0229	0.47846	80.806	-16.284	-10.605	-83.331	39.73	-0.23937	-3.0989	-1.0101	0.5376	-15.77	8.7779	-1.1187	32.441	-24.153	-6.1562
-56.176	-11.021	734	0.57086	1.0541	0.015216	0.55561	0.93217	0.073624	0.49724	0.86979	0.043221	0.58596	1.0238	0.48127	0.45826	1.0287	0.4737	0.5807	1.0179	0.030128	0.50856	1.071	0.042945	0.542	1.0894	0.86885	0.50925	0.94178	0.078591	0.52135	1.0258	0.47863	80.96	-16.16	-10.726	-86.354	40.142	-0.38433	-2.7192	-0.95156	0.33208	-17.349	9.0536	-1.2738	33.873	-24.105	-6.0899
-56.886	-6.7315	748.96	0.57058	1.0556	0.015225	0.5553	0.93239	0.074165	0.49679	0.87005	0.044126	0.586	1.0268	0.48134	0.45831	1.0317	0.47362	0.58061	1.018	0.030171	0.50859	1.0711	0.042894	0.54173	1.0975	0.86823	0.50921	0.94205	0.079194	0.52137	1.0289	0.47878	81.12	-16.029	-10.851	-89.432	40.577	-0.50711	-2.4001	-0.90296	0.14087	-18.644	9.3452	-1.4095	35.625	-24.122	-6.0494
-57.68	-2.2048	766.09	0.5702	1.0568	0.015232	0.55501	0.93263	0.074745	0.49637	0.87031	0.045128	0.58605	1.0301	0.4814	0.45836	1.035	0.47352	0.58052	1.018	0.030217	0.50861	1.0712	0.042839	0.54149	1.1057	0.86752	0.50919	0.94236	0.079833	0.5214	1.0322	0.47889	81.282	-15.891	-10.98	-92.571	41.033	-0.60873	-2.14	-0.86406	-0.025456	-19.652	9.6373	-1.5279	37.725	-24.219	-6.0328
-58.596	2.5495	785.14	0.56975	1.0578	0.015236	0.55473	0.93289	0.075364	0.496	0.87055	0.046227	0.5861	1.0336	0.48144	0.45842	1.0385	0.4734	0.58045	1.018	0.030266	0.50862	1.0714	0.04278	0.54129	1.1139	0.86672	0.50919	0.94269	0.080505	0.52143	1.0358	0.47897	81.446	-15.751	-11.108	-95.773	41.512	-0.68955	-1.9361	-0.83443	-0.158	-20.369	9.9123	-1.63	40.198	-24.417	-6.0371
-59.676	7.5225	805.86	0.56925	1.0585	0.01524	0.55447	0.93317	0.076024	0.49568	0.8708	0.047424	0.58616	1.0373	0.48145	0.4585	1.0423	0.47324	0.58038	1.018	0.030317	0.50863	1.0715	0.042719	0.54111	1.1221	0.86582	0.50922	0.94307	0.081211	0.52148	1.0396	0.47901	81.611	-15.611	-11.234	-99.039	42.015	-0.74918	-1.7851	-0.81351	-0.25035	-20.791	10.153	-1.7163	43.065	-24.74	-6.0587
-60.96	12.711	828.02	0.56875	1.0591	0.015242	0.55425	0.93349	0.07673	0.49543	0.87104	0.048716	0.58624	1.0412	0.48144	0.4586	1.0464	0.47305	0.58033	1.018	0.030371	0.50864	1.0716	0.042658	0.54097	1.1303	0.86484	0.50929	0.94349	0.081951	0.52154	1.0437	0.47901	81.774	-15.473	-11.358	-102.36	42.543	-0.78741	-1.6831	-0.80061	-0.29884	-20.914	10.344	-1.7867	46.342	-25.209	-6.0932
-62.483	18.121	851.38	0.56825	1.0595	0.015244	0.55407	0.93383	0.077485	0.49525	0.87129	0.050102	0.58634	1.0452	0.48141	0.45872	1.0507	0.47281	0.5803	1.0181	0.030426	0.50865	1.0716	0.042599	0.54086	1.1385	0.86377	0.50939	0.94395	0.082726	0.52163	1.0479	0.47896	81.937	-15.338	-11.478	-105.74	43.093	-0.805	-1.626	-0.795	-0.30267	-20.738	10.469	-1.842	50.032	-25.848	-6.1366
-64.272	23.773	875.68	0.56777	1.0599	0.015245	0.55394	0.93422	0.078296	0.49514	0.87154	0.051579	0.58645	1.0495	0.48135	0.45886	1.0553	0.47252	0.58029	1.0181	0.030483	0.50866	1.0717	0.042545	0.54078	1.1469	0.86262	0.50955	0.94445	0.083539	0.52173	1.0524	0.47888	82.096	-15.205	-11.594	-109.16	43.657	-0.80305	-1.6106	-0.79624	-0.26396	-20.266	10.514	-1.883	54.117	-26.673	-6.187
-66.341	29.701	900.67	0.56732	1.0602	0.015245	0.55389	0.93465	0.079171	0.49511	0.87181	0.053146	0.58659	1.054	0.48127	0.45903	1.0601	0.4722	0.5803	1.0182	0.030541	0.50868	1.0718	0.042496	0.54072	1.1552	0.86141	0.50975	0.945	0.084393	0.52185	1.0571	0.47875	82.25	-15.071	-11.705	-112.59	44.223	-0.7835	-1.6337	-0.80422	-0.18722	-19.508	10.47	-1.9116	58.562	-27.695	-6.2444
-68.687	35.954	926.05	0.56691	1.0604	0.015246	0.5539	0.93513	0.080115	0.49515	0.87209	0.054805	0.58674	1.0586	0.48117	0.45923	1.0651	0.47183	0.58034	1.0183	0.030598	0.5087	1.0718	0.042455	0.54068	1.1636	0.86017	0.51001	0.94559	0.085291	0.52201	1.062	0.47859	82.399	-14.934	-11.814	-116.02	44.778	-0.74905	-1.6929	-0.81901	-0.078487	-18.481	10.333	-1.93	63.306	-28.914	-6.311
-71.295	42.593	951.54	0.56655	1.0606	0.015246	0.55399	0.93566	0.081133	0.49527	0.8724	0.056557	0.58692	1.0634	0.48105	0.45944	1.0703	0.47142	0.5804	1.0184	0.030654	0.50874	1.0719	0.042423	0.54065	1.1721	0.85891	0.51032	0.94623	0.086239	0.52218	1.067	0.4784	82.539	-14.79	-11.92	-119.42	45.302	-0.70295	-1.7858	-0.84077	0.055521	-17.207	10.105	-1.9403	68.272	-30.321	-6.3892
-74.136	49.689	976.8	0.56623	1.0608	0.015246	0.55415	0.93624	0.08223	0.49547	0.87272	0.058405	0.58711	1.0683	0.48091	0.45968	1.0756	0.47099	0.58048	1.0185	0.03071	0.50879	1.0719	0.042399	0.54062	1.1806	0.85764	0.51068	0.94691	0.087243	0.52237	1.0722	0.47818	82.668	-14.636	-12.027	-122.76	45.776	-0.64853	-1.9091	-0.86959	0.20833	-15.72	9.7879	-1.9443	73.366	-31.898	-6.4782
-77.167	57.309	1001.5	0.56595	1.0609	0.015247	0.55439	0.93687	0.083411	0.49573	0.87308	0.060352	0.58732	1.0733	0.48076	0.45994	1.0811	0.47053	0.58058	1.0186	0.030766	0.50885	1.072	0.042384	0.54058	1.1891	0.85639	0.5111	0.94764	0.088307	0.52259	1.0776	0.47794	82.783	-14.469	-12.135	-125.98	46.174	-0.59022	-2.059	-0.90527	0.37446	-14.058	9.3879	-1.9438	78.485	-33.62	-6.5736
-80.329	65.517	1025.3	0.56571	1.0611	0.015247	0.5547	0.93757	0.08468	0.49607	0.87348	0.062404	0.58752	1.0784	0.48062	0.46021	1.0868	0.47006	0.5807	1.0187	0.030823	0.50892	1.072	0.042377	0.54053	1.1976	0.85514	0.51157	0.94842	0.089439	0.52282	1.0831	0.47769	82.882	-14.288	-12.246	-129.07	46.474	-0.53303	-2.2312	-0.94732	0.54944	-12.263	8.912	-1.941	83.527	-35.448	-6.6671
-83.556	74.361	1047.8	0.5655	1.0611	0.015246	0.55507	0.93832	0.086042	0.49647	0.87392	0.064564	0.58774	1.0837	0.48047	0.46048	1.0926	0.46958	0.58085	1.0188	0.030881	0.509	1.0721	0.042378	0.54046	1.2062	0.8539	0.51209	0.94925	0.090647	0.52305	1.0887	0.47744	82.963	-14.089	-12.364	-131.97	46.653	-0.48171	-2.4216	-0.99501	0.72949	-10.377	8.3708	-1.9376	88.389	-37.338	-6.7465
-86.772	83.873	1068.7	0.56532	1.0612	0.015246	0.55551	0.93914	0.0875	0.49693	0.8744	0.066839	0.58794	1.089	0.48034	0.46076	1.0984	0.4691	0.58101	1.019	0.030942	0.5091	1.0722	0.042384	0.54036	1.2149	0.85267	0.51265	0.95013	0.091937	0.52329	1.0944	0.47719	83.023	-13.874	-12.488	-134.65	46.691	-0.44055	-2.6263	-1.0474	0.91153	-8.4407	7.7765	-1.9345	92.977	-39.238	-6.7979
-89.899	94.065	1087.7	0.56514	1.0612	0.015246	0.55599	0.94002	0.089058	0.49743	0.87495	0.069233	0.58813	1.0944	0.48021	0.46102	1.1044	0.46862	0.58119	1.0192	0.031008	0.50921	1.0722	0.042396	0.54022	1.2237	0.85144	0.51324	0.95106	0.093314	0.52353	1.1002	0.47694	83.06	-13.641	-12.62	-137.08	46.568	-0.41273	-2.8422	-1.1034	1.093	-6.4913	7.1428	-1.9323	97.205	-41.093	-6.8071
-92.858	104.93	1104.6	0.56497	1.0612	0.015245	0.55652	0.94097	0.090718	0.49799	0.87556	0.071753	0.58831	1.1	0.48011	0.46128	1.1104	0.46814	0.58138	1.0194	0.031081	0.50932	1.0723	0.042409	0.54005	1.2325	0.8502	0.51386	0.95206	0.094784	0.52375	1.1061	0.47671	83.072	-13.391	-12.761	-139.21	46.268	-0.40075	-3.0677	-1.1622	1.2718	-4.5593	6.4837	-1.9311	101	-42.848	-6.7616
-95.575	116.43	1119.1	0.56479	1.0612	0.015245	0.55708	0.94199	0.09248	0.49858	0.87624	0.074402	0.58847	1.1056	0.48003	0.46152	1.1166	0.46768	0.58159	1.0196	0.031163	0.50944	1.0724	0.042424	0.53983	1.2414	0.84896	0.5145	0.95313	0.096351	0.52397	1.1121	0.47648	83.057	-13.123	-12.914	-141.02	45.777	-0.40688	-3.302	-1.2226	1.4463	-2.6671	5.813	-1.9316	104.3	-44.452	-6.6519
-97.99	128.52	1131.1	0.5646	1.0611	0.015244	0.55767	0.94308	0.094345	0.4992	0.87701	0.077188	0.58861	1.1113	0.47997	0.46175	1.1228	0.46722	0.5818	1.0198	0.031255	0.50957	1.0726	0.042436	0.53957	1.2505	0.84772	0.51515	0.95428	0.098015	0.52417	1.1182	0.47628	83.012	-12.837	-13.078	-142.48	45.085	-0.43205	-3.5463	-1.284	1.6155	-0.82827	5.1453	-1.9336	107.05	-45.858	-6.4716
-100.05	141.13	1140.3	0.56439	1.0611	0.015243	0.55828	0.94424	0.09631	0.49985	0.87787	0.080112	0.58874	1.1171	0.47994	0.46197	1.1292	0.46676	0.58202	1.0201	0.031362	0.5097	1.0727	0.042444	0.53926	1.2596	0.84649	0.51581	0.95552	0.099777	0.52435	1.1244	0.47608	82.937	-12.532	-13.255	-143.58	44.189	-0.47494	-3.8032	-1.3456	1.7792	0.9556	4.4938	-1.9356	109.24	-47.03	-6.2169
-101.73	154.15	1146.8	0.56416	1.061	0.015241	0.5589	0.94549	0.098375	0.50051	0.87885	0.08318	0.58884	1.123	0.47992	0.46217	1.1356	0.46628	0.58223	1.0203	0.031486	0.50983	1.0729	0.042444	0.5389	1.2688	0.84525	0.51648	0.95685	0.10164	0.52451	1.1308	0.47588	82.83	-12.209	-13.447	-144.29	43.087	-0.53198	-4.0766	-1.4076	1.9375	2.6942	3.872	-1.9347	110.83	-47.938	-5.8859
-103	167.47	1150.3	0.56391	1.0608	0.01524	0.55953	0.94683	0.10054	0.50119	0.87994	0.086395	0.58893	1.1291	0.47991	0.46237	1.1423	0.46579	0.58244	1.0206	0.031631	0.50995	1.0731	0.042433	0.53849	1.2781	0.84404	0.51715	0.9583	0.10359	0.52466	1.1373	0.47568	82.687	-11.865	-13.655	-144.59	41.785	-0.59743	-4.3715	-1.4703	2.091	4.4068	3.295	-1.9264	111.84	-48.56	-5.4782
-103.84	180.93	1150.8	0.56363	1.0607	0.015238	0.56018	0.94827	0.1028	0.50187	0.88118	0.089761	0.589	1.1354	0.4799	0.46256	1.1491	0.46525	0.58264	1.021	0.0318	0.51007	1.0733	0.042407	0.53802	1.2875	0.84284	0.51783	0.95988	0.10562	0.52479	1.1439	0.47546	82.508	-11.502	-13.879	-144.45	40.291	-0.66361	-4.6944	-1.5349	2.2396	6.1249	2.7791	-1.9051	112.26	-48.876	-4.9958
-104.23	194.34	1148	0.56334	1.0605	0.015236	0.56084	0.94983	0.10516	0.50254	0.88258	0.093281	0.58905	1.1419	0.47988	0.46274	1.1562	0.46466	0.58283	1.0213	0.031999	0.51018	1.0736	0.042363	0.53749	1.2971	0.84167	0.51851	0.96159	0.10775	0.52491	1.1508	0.47522	82.29	-11.118	-14.12	-143.83	38.611	-0.72275	-5.0523	-1.6022	2.3833	7.8869	2.342	-1.8651	112.11	-48.865	-4.4419
-104.11	207.47	1141.7	0.56303	1.0603	0.015234	0.56151	0.95152	0.10762	0.50321	0.88417	0.09696	0.5891	1.1486	0.47984	0.46293	1.1634	0.46401	0.583	1.0217	0.032233	0.51028	1.0739	0.042296	0.5369	1.3067	0.84053	0.51919	0.96346	0.10995	0.52502	1.1579	0.47493	82.029	-10.712	-14.381	-142.7	36.755	-0.7676	-5.4526	-1.673	2.5209	9.7353	2.0024	-1.8015	111.42	-48.503	-3.8219
-103.46	220.06	1131.5	0.56269	1.0601	0.015232	0.56218	0.95336	0.11017	0.50384	0.88597	0.1008	0.58912	1.1555	0.47975	0.46311	1.171	0.46326	0.58315	1.0221	0.032508	0.51037	1.0742	0.042202	0.53623	1.3164	0.83944	0.51986	0.9655	0.11223	0.52511	1.1653	0.47458	81.722	-10.286	-14.663	-140.99	34.731	-0.79155	-5.9033	-1.7476	2.6502	11.713	1.7814	-1.7109	110.2	-47.758	-3.1443
-102.19	231.79	1117.1	0.56234	1.0598	0.015229	0.56285	0.95537	0.11283	0.50444	0.88801	0.10482	0.58914	1.1628	0.47961	0.46331	1.1789	0.46241	0.58328	1.0225	0.032832	0.51044	1.0745	0.042077	0.53549	1.3261	0.8384	0.52051	0.96774	0.11459	0.52519	1.1731	0.47415	81.361	-9.8376	-14.965	-138.64	32.55	-0.78905	-6.4124	-1.8261	2.7676	13.856	1.702	-1.5919	108.47	-46.594	-2.4199
-100.25	242.27	1097.9	0.56197	1.0596	0.015226	0.56351	0.95759	0.11559	0.50498	0.89034	0.10902	0.58915	1.1703	0.4794	0.46351	1.1871	0.46144	0.58339	1.0229	0.033214	0.51049	1.0748	0.041918	0.53467	1.336	0.83741	0.52114	0.9702	0.11702	0.52527	1.1811	0.47364	80.941	-9.3668	-15.288	-135.58	30.221	-0.75621	-6.988	-1.9081	2.8682	16.188	1.7853	-1.4464	106.24	-44.971	-1.6638
-97.554	251.1	1073.4	0.56156	1.0594	0.015224	0.56414	0.96003	0.11845	0.50545	0.893	0.1134	0.58916	1.1782	0.47911	0.46373	1.1957	0.46033	0.58347	1.0234	0.033667	0.51052	1.0752	0.041725	0.53377	1.346	0.8365	0.52174	0.9729	0.11953	0.52534	1.1895	0.47302	80.451	-8.8718	-15.633	-131.72	27.758	-0.69088	-7.6382	-1.9932	2.9458	18.719	2.0482	-1.2797	103.53	-42.862	-0.89477
-94.048	257.83	1043.1	0.56112	1.0592	0.015221	0.56472	0.96273	0.12143	0.50581	0.89604	0.118	0.58917	1.1865	0.47872	0.46398	1.2047	0.45907	0.58351	1.0239	0.034206	0.51053	1.0755	0.0415	0.53279	1.356	0.83566	0.52229	0.97589	0.12212	0.52542	1.1983	0.47229	79.882	-8.3512	-15.995	-127	25.179	-0.59278	-8.3714	-2.081	2.9931	21.44	2.5008	-1.1005	100.33	-40.249	-0.13494
-89.699	262	1006.4	0.56063	1.059	0.015219	0.56525	0.96573	0.12453	0.50605	0.89951	0.1228	0.5892	1.1952	0.47825	0.46427	1.2142	0.45766	0.58352	1.0244	0.034851	0.51052	1.0759	0.041247	0.53172	1.3661	0.8349	0.52278	0.97919	0.1248	0.52551	1.2076	0.47143	79.221	-7.8039	-16.373	-121.36	22.512	-0.46424	-9.1963	-2.1705	3.0026	24.317	3.1405	-0.92182	96.66	-37.141	0.59113
-84.513	263.15	963.01	0.56011	1.0589	0.015217	0.5657	0.96907	0.12777	0.50614	0.90347	0.12784	0.58924	1.2043	0.47767	0.46461	1.2241	0.45607	0.58349	1.025	0.03563	0.51048	1.0764	0.040976	0.53056	1.3763	0.83424	0.52321	0.98285	0.12757	0.52563	1.2173	0.47042	78.455	-7.23	-16.76	-114.77	19.798	-0.30985	-10.122	-2.2611	2.9675	27.289	3.9488	-0.75931	92.54	-33.578	1.2587
-78.546	260.89	912.74	0.55954	1.059	0.015215	0.56605	0.9728	0.13117	0.50607	0.90799	0.13312	0.58932	1.214	0.47698	0.46503	1.2346	0.45431	0.58342	1.0256	0.036578	0.51043	1.0768	0.040704	0.5293	1.3866	0.83369	0.52355	0.98691	0.13046	0.5258	1.2276	0.46927	77.571	-6.6322	-17.149	-107.23	17.09	-0.13664	-11.158	-2.3518	2.8815	30.258	4.8891	-0.63014	87.99	-29.637	1.8442
-71.907	254.92	855.7	0.55893	1.0591	0.015214	0.56628	0.97695	0.13473	0.5058	0.91311	0.13866	0.58946	1.2241	0.47619	0.46553	1.2456	0.45237	0.58329	1.0263	0.037739	0.51038	1.0774	0.04045	0.52794	1.3969	0.83325	0.52379	0.99141	0.13347	0.52602	1.2384	0.46797	76.556	-6.0163	-17.533	-98.811	14.456	0.045791	-12.314	-2.4418	2.7399	33.097	5.9062	-0.5513	83.039	-25.434	2.3265
-64.764	245.11	792.34	0.55828	1.0594	0.015215	0.56638	0.98158	0.13848	0.50531	0.91891	0.14447	0.58965	1.2348	0.4753	0.46613	1.2573	0.45025	0.58311	1.0271	0.039165	0.51033	1.078	0.040246	0.52649	1.4072	0.83295	0.52392	0.99639	0.13662	0.52631	1.2498	0.4665	75.401	-5.3916	-17.9	-89.621	11.967	0.22584	-13.6	-2.5308	2.54	35.651	6.9285	-0.53663	77.73	-21.122	2.6909
-57.329	231.51	723.51	0.55761	1.0599	0.015216	0.5663	0.98673	0.14244	0.50458	0.92543	0.15056	0.58992	1.2461	0.47429	0.46687	1.2696	0.44795	0.58286	1.0281	0.040915	0.51029	1.0787	0.04013	0.52494	1.4176	0.83279	0.52392	1.0019	0.13993	0.5267	1.2619	0.46487	74.102	-4.7718	-18.239	-79.842	9.6972	0.39111	-15.024	-2.6195	2.2811	37.745	7.8727	-0.59267	72.106	-16.883	2.9314
-49.85	214.46	650.42	0.55692	1.0607	0.015219	0.56605	0.99245	0.14663	0.50359	0.93272	0.15692	0.59028	1.258	0.47318	0.46774	1.2826	0.44549	0.58255	1.0293	0.043052	0.51029	1.0797	0.040145	0.52329	1.428	0.83276	0.52378	1.008	0.14342	0.5272	1.2745	0.46307	72.66	-4.1748	-18.537	-69.71	7.7084	0.53	-16.593	-2.7092	1.965	39.19	8.6499	-0.71522	66.203	-12.907	3.0508
-42.581	194.55	574.63	0.55623	1.0617	0.015223	0.56558	0.99877	0.15105	0.50232	0.94081	0.16356	0.59073	1.2705	0.47196	0.46875	1.2964	0.44288	0.58217	1.0308	0.04564	0.51033	1.081	0.040345	0.52156	1.4383	0.83286	0.52346	1.0147	0.14709	0.52782	1.2879	0.46111	71.089	-3.6231	-18.78	-59.507	6.0447	0.63286	-18.31	-2.8028	1.5969	39.799	9.1728	-0.88733	60.037	-9.3789	3.0586
-35.76	172.62	497.97	0.55556	1.0629	0.01523	0.56489	1.0057	0.15574	0.50076	0.94975	0.17044	0.59126	1.2837	0.47063	0.46991	1.3108	0.44014	0.58171	1.0327	0.048737	0.51044	1.0826	0.040783	0.51975	1.4487	0.83307	0.52294	1.022	0.15098	0.52857	1.3019	0.45899	69.411	-3.1432	-18.956	-49.543	4.7215	0.69153	-20.176	-2.9042	1.1844	39.403	9.365	-1.0802	53.584	-6.445	2.9635
-29.573	149.71	422.34	0.55493	1.0643	0.015237	0.56397	1.0134	0.16068	0.49892	0.95954	0.17753	0.59187	1.2975	0.4692	0.4712	1.326	0.43731	0.58117	1.0351	0.052389	0.51063	1.0847	0.04151	0.51788	1.459	0.83339	0.5222	1.03	0.15507	0.52943	1.3167	0.45674	67.665	-2.7648	-19.062	-40.122	3.7213	0.70107	-22.186	-3.0182	0.73786	37.881	9.1697	-1.2544	46.804	-4.1967	2.7718
-24.134	126.84	349.64	0.55435	1.0659	0.015246	0.5628	1.0218	0.16588	0.49678	0.9702	0.18479	0.59254	1.312	0.4677	0.4726	1.3419	0.43442	0.58056	1.0381	0.056619	0.51092	1.0874	0.04257	0.51595	1.4692	0.83378	0.52123	1.0387	0.15936	0.53041	1.332	0.45437	65.897	-2.5183	-19.098	-31.52	2.9961	0.66183	-24.329	-3.1492	0.26972	35.211	8.5698	-1.3668	39.724	-2.6483	2.4924
-19.468	104.79	281.62	0.55382	1.0676	0.015256	0.56138	1.031	0.17129	0.49435	0.98173	0.19213	0.59325	1.3271	0.46613	0.47409	1.3586	0.43153	0.57985	1.0418	0.061423	0.51132	1.0909	0.043992	0.514	1.4794	0.83424	0.51999	1.0482	0.16385	0.53146	1.348	0.45193	64.166	-2.433	-19.074	-23.952	2.474	0.58074	-26.587	-3.2996	-0.20592	31.518	7.6052	-1.3816	32.529	-1.7275	2.1439
-15.529	84.165	219.77	0.55334	1.0696	0.015267	0.55972	1.041	0.17689	0.49164	0.99411	0.19946	0.59396	1.3427	0.46454	0.47562	1.3759	0.4287	0.57907	1.0466	0.066766	0.51183	1.0953	0.045791	0.51202	1.4895	0.83474	0.51847	1.0585	0.16848	0.53256	1.3646	0.44946	62.534	-2.5334	-19.01	-17.542	2.0756	0.46881	-28.939	-3.4685	-0.67455	27.052	6.3701	-1.2852	25.523	-1.2938	1.7546
-12.232	65.408	165.19	0.55286	1.072	0.015281	0.55781	1.0519	0.18261	0.48866	1.0073	0.20668	0.59466	1.3589	0.46296	0.47714	1.3937	0.42599	0.5782	1.0523	0.072581	0.51245	1.1009	0.047964	0.51006	1.4995	0.83527	0.51666	1.0696	0.17322	0.53367	1.3818	0.44702	61.065	-2.8364	-18.926	-12.346	1.7271	0.32888	-31.357	-3.6514	-1.123	22.129	4.9652	-1.0818	18.974	-1.2109	1.3498
-9.4765	48.838	118.47	0.55232	1.0749	0.015299	0.55567	1.0636	0.18839	0.48542	1.0213	0.21367	0.59531	1.3756	0.46143	0.47863	1.4121	0.42346	0.57726	1.0593	0.078777	0.51319	1.1076	0.050496	0.50811	1.5095	0.83583	0.51455	1.0816	0.178	0.53475	1.3994	0.44466	59.821	-3.3487	-18.842	-8.3025	1.3777	0.17613	-33.81	-3.8406	-1.541	17.044	3.5214	-0.80384	13.131	-1.2961	0.95755
-7.1649	34.648	79.758	0.55159	1.0789	0.015323	0.55332	1.0762	0.19416	0.48196	1.036	0.22033	0.59588	1.3927	0.45999	0.48001	1.4309	0.42118	0.57626	1.0676	0.085236	0.51402	1.1158	0.053356	0.50621	1.5194	0.83639	0.51215	1.0945	0.18275	0.53574	1.4174	0.44244	58.851	-4.0645	-18.767	-5.2925	1	0.022378	-36.268	-4.0266	-1.9229	12.073	2.1531	-0.49396	8.15	-1.4005	0.59874
-5.2207	22.905	48.782	0.55028	1.0854	0.015362	0.55079	1.0896	0.19983	0.47831	1.0514	0.22656	0.59634	1.4103	0.4587	0.48126	1.4501	0.41922	0.5752	1.0773	0.091826	0.51491	1.1254	0.056503	0.50438	1.5292	0.83697	0.50946	1.1083	0.18742	0.53663	1.4358	0.44043	58.195	-4.9635	-18.703	-3.407	0.55886	-0.21092	-38.702	-4.1994	-2.2694	7.6091	0.77246	-0.13344	3.8075	-1.7473	0.24335
-3.5141	13.251	24.465	0.54711	1.0991	0.015443	0.54811	1.1038	0.20533	0.47454	1.0673	0.23226	0.59669	1.4281	0.45759	0.48232	1.4695	0.41761	0.57409	1.0886	0.098397	0.51582	1.1366	0.059883	0.50262	1.5389	0.83755	0.50653	1.123	0.19194	0.53737	1.4544	0.43868	57.876	-6.01	-18.639	-1.6722	0.17924	-0.23633	-41.084	-4.3496	-2.5861	3.3358	0.006828	0.037434	1.0662	-1.239	0.040478
0	0	0	NaN	NaN	NaN	0.54531	1.1188	0.21056	0.47071	1.0837	0.23737	0.59689	1.4463	0.45668	0.48317	1.4891	0.4164	0.57294	1.1013	0.10479	0.51669	1.1495	0.063429	0.50094	1.5486	0.83814	0.5034	1.1385	0.19624	0.53793	1.4733	0.43723	57.897	-7.1534	-18.557	0.027536	0.001146	0.008688	-43.389	-4.4701	-2.8829	0.07227	0.084198	-0.055428	0.37977	0.14972	0.048904
