0.4162	3.5767	83.632	0.41685	0.80638	0.013155	0.45326	0.80484	0.10693	0.3791	0.77663	0.036363	0.46289	0.64614	0.50032	0.33572	0.66167	0.49497	0.49643	0.94153	0.12979	0.42798	0.97154	0.16698	0.40169	0.49674	0.85507	0.40946	0.8054	0.12355	0.40189	0.65443	0.49204	79.853	-4.5847	-22.605	-0.00932	0.41485	-0.56456	-1.9173	-2.8531	-9.2399	-14.351	0.04316	-1.2971	-29.249	1.917	-0.054203
0.87964	-0.95936	126.32	0.41563	0.82004	0.013241	0.45252	0.81265	0.10508	0.379	0.78295	0.035819	0.46261	0.65711	0.49907	0.33532	0.67144	0.49333	0.49434	0.95007	0.12651	0.42546	0.97994	0.16295	0.40194	0.50859	0.85385	0.40873	0.81316	0.12102	0.40152	0.66479	0.49068	79.316	-4.9256	-22.387	-0.080063	0.67797	-0.61355	-2.1287	-2.8731	-8.9266	-18.792	0.65	-1.5921	-38.678	2.7888	0.26089
1.4664	-7.7873	177.64	0.41483	0.82967	0.013302	0.45168	0.81942	0.10311	0.37885	0.78786	0.035447	0.46235	0.66826	0.49802	0.33495	0.68134	0.49188	0.49208	0.95765	0.1224	0.42274	0.98757	0.15783	0.40229	0.52057	0.85281	0.4079	0.82006	0.1183	0.40116	0.67534	0.48956	78.6	-5.336	-22.054	0.080799	1.1473	-0.6884	-2.4936	-2.8841	-8.6038	-23.18	1.5762	-1.9235	-48.658	3.8311	0.68289
2.144	-17.415	236.93	0.41426	0.83735	0.01335	0.45074	0.82532	0.10111	0.37866	0.79161	0.035273	0.46211	0.67953	0.49717	0.3346	0.69133	0.49059	0.48971	0.9644	0.11764	0.41988	0.99456	0.15182	0.40274	0.53264	0.85196	0.40699	0.82628	0.11551	0.40081	0.68601	0.48866	77.711	-5.8231	-21.614	0.41773	1.8302	-0.7416	-2.9702	-2.8849	-8.268	-26.729	2.8708	-2.2136	-57.721	4.9414	1.2466
2.8345	-30.186	302.87	0.41385	0.84402	0.013393	0.44974	0.83051	0.099168	0.37846	0.79443	0.035317	0.46188	0.69088	0.49654	0.33428	0.70136	0.48949	0.48729	0.97042	0.11239	0.41697	1.001	0.14512	0.40329	0.54477	0.85133	0.40601	0.83201	0.11277	0.40046	0.69675	0.48797	76.664	-6.3933	-21.083	0.94539	2.7592	-0.77076	-3.5223	-2.8732	-7.9126	-29.13	4.4835	-2.4542	-65.411	6.0213	1.9029
3.4042	-46.081	373.71	0.41357	0.85013	0.013432	0.44872	0.83514	0.097369	0.37824	0.79653	0.03558	0.46166	0.70228	0.49612	0.33399	0.71141	0.48857	0.48489	0.97581	0.10682	0.41409	1.0069	0.13794	0.40394	0.55694	0.85093	0.40498	0.83739	0.11018	0.4001	0.70752	0.48748	75.494	-7.0507	-20.49	1.6136	3.9349	-0.74518	-4.1248	-2.846	-7.5287	-29.971	6.3251	-2.6045	-70.969	6.9166	2.5907
3.6576	-64.597	447.72	0.41346	0.85582	0.013469	0.44772	0.83933	0.095769	0.37805	0.79809	0.036048	0.46145	0.71371	0.49592	0.33371	0.72145	0.48786	0.48257	0.98065	0.10113	0.41131	1.0124	0.13051	0.40467	0.56908	0.85076	0.4039	0.84252	0.10782	0.39975	0.71828	0.4872	74.249	-7.7958	-19.872	2.3684	5.3501	-0.64636	-4.7673	-2.8014	-7.1077	-29.136	8.2469	-2.6477	-74.216	7.463	3.2015
3.3431	-84.902	523.3	0.41354	0.86116	0.013504	0.44678	0.84314	0.094404	0.37788	0.79925	0.036689	0.46124	0.72516	0.49597	0.33347	0.7315	0.48738	0.48037	0.98499	0.095449	0.4087	1.0175	0.12303	0.40548	0.58115	0.85084	0.4028	0.84741	0.10574	0.39941	0.72903	0.48714	72.99	-8.624	-19.27	3.1519	6.9864	-0.46573	-5.4537	-2.7389	-6.6453	-26.68	10.066	-2.5799	-75.312	7.4838	3.5966
2.2007	-106.09	598.83	0.41383	0.86617	0.013538	0.4459	0.84662	0.093288	0.37776	0.80012	0.037462	0.46104	0.73664	0.49627	0.33324	0.74155	0.48717	0.47834	0.98886	0.089941	0.4063	1.0221	0.11571	0.40636	0.59312	0.85116	0.4017	0.85206	0.10396	0.39908	0.73978	0.48731	71.784	-9.5242	-18.719	3.9002	8.8127	-0.20101	-6.1973	-2.6608	-6.1434	-22.715	11.595	-2.3994	-74.53	6.8012	3.6319
0.030191	-127.35	672.66	0.41432	0.87089	0.01357	0.44511	0.84979	0.092417	0.37768	0.8008	0.038321	0.46084	0.74816	0.49682	0.33302	0.75162	0.48725	0.47651	0.99228	0.084728	0.40414	1.0262	0.1087	0.40729	0.60493	0.8517	0.40064	0.8564	0.10248	0.39877	0.75053	0.48771	70.695	-10.478	-18.244	4.5432	10.788	0.14612	-7.0146	-2.572	-5.6124	-17.362	12.668	-2.0994	-72.128	5.2656	3.1878
-3.2476	-148.04	743.33	0.41499	0.87536	0.013601	0.44441	0.85268	0.091776	0.37764	0.80133	0.039219	0.46065	0.7597	0.49759	0.33283	0.7617	0.48763	0.47489	0.99529	0.079913	0.40224	1.0299	0.10214	0.40826	0.61656	0.85245	0.39965	0.86038	0.10129	0.3985	0.76128	0.48834	69.774	-11.461	-17.855	5.0066	12.868	0.57469	-7.9147	-2.4791	-5.0681	-10.769	13.18	-1.665	-68.34	2.8002	2.2031
-7.5644	-167.6	809.77	0.4158	0.8796	0.013631	0.4438	0.85528	0.091344	0.37764	0.80176	0.040116	0.46046	0.77121	0.49854	0.33265	0.77177	0.48828	0.47348	0.99788	0.075569	0.4006	1.0331	0.09614	0.40926	0.628	0.85339	0.39877	0.86396	0.10035	0.39827	0.77199	0.48918	69.053	-12.445	-17.545	5.2229	15.013	1.081	-8.8945	-2.388	-4.5284	-3.1596	13.096	-1.081	-63.455	-0.57561	0.68411
-12.728	-185.56	871.49	0.4167	0.8836	0.01366	0.44327	0.85762	0.091092	0.37767	0.80211	0.040979	0.46029	0.78261	0.49961	0.33249	0.78178	0.48919	0.47227	1.0001	0.071743	0.3992	1.0358	0.090749	0.41028	0.63925	0.85449	0.39802	0.86712	0.099646	0.39809	0.78263	0.49019	68.549	-13.399	-17.3	5.1405	17.192	1.6555	-9.9365	-2.3034	-4.0095	5.1665	12.455	-0.3401	-57.826	-4.7492	-1.3016
-18.471	-201.53	928.45	0.41765	0.88736	0.013687	0.44281	0.85969	0.090992	0.37772	0.80242	0.041781	0.46015	0.79379	0.50075	0.33238	0.79167	0.49029	0.47125	1.002	0.068449	0.39802	1.0381	0.085994	0.41131	0.65033	0.85571	0.3974	0.86987	0.09914	0.39798	0.79311	0.49131	68.262	-14.296	-17.095	4.7314	19.38	2.2803	-11.01	-2.2284	-3.5241	13.869	11.352	0.55009	-51.816	-9.5391	-3.6422
-24.505	-215.23	980.84	0.41859	0.89082	0.013713	0.44242	0.86151	0.091012	0.37778	0.80269	0.042504	0.46007	0.80462	0.50187	0.33231	0.80135	0.49152	0.4704	1.0035	0.065677	0.39705	1.04	0.08187	0.41235	0.66125	0.85702	0.39691	0.87225	0.0988	0.39795	0.80334	0.49248	68.179	-15.113	-16.906	3.9951	21.556	2.9309	-12.076	-2.1645	-3.0822	22.624	9.9139	1.5652	-45.725	-14.735	-6.2068
-30.552	-226.41	1028.8	0.4195	0.89398	0.013736	0.44209	0.86308	0.091123	0.37785	0.80292	0.043138	0.46005	0.81498	0.50294	0.33231	0.81074	0.49279	0.4697	1.0048	0.063398	0.39625	1.0416	0.07835	0.41339	0.67206	0.8584	0.39651	0.87428	0.098591	0.39799	0.81321	0.49364	68.28	-15.83	-16.712	2.9569	23.694	3.5806	-13.097	-2.1123	-2.6923	31.138	8.2775	2.6671	-39.778	-20.121	-8.8566
-36.352	-234.86	1072.2	0.42034	0.89678	0.013757	0.44179	0.86443	0.091297	0.37791	0.80313	0.043679	0.46011	0.82479	0.50389	0.33237	0.81976	0.49404	0.46913	1.0058	0.061569	0.39561	1.0428	0.075392	0.41443	0.68277	0.85983	0.39619	0.87602	0.098476	0.39811	0.82265	0.49473	68.54	-16.434	-16.499	1.6623	25.758	4.2049	-14.034	-2.0714	-2.3634	39.165	6.5757	3.8082	-34.107	-25.479	-11.451
-41.655	-240.4	1110.5	0.42109	0.89922	0.013775	0.44154	0.86558	0.091512	0.37797	0.80331	0.04413	0.46025	0.83397	0.50471	0.3325	0.82835	0.4952	0.46867	1.0066	0.060139	0.39509	1.0437	0.072941	0.41546	0.69341	0.8613	0.39591	0.87752	0.098424	0.39829	0.83158	0.49569	68.932	-16.915	-16.259	0.16881	27.695	4.7845	-14.859	-2.0406	-2.1056	46.511	4.9259	4.9371	-28.745	-30.596	-13.854
-46.24	-242.95	1142.7	0.42174	0.90129	0.01379	0.44132	0.86653	0.091749	0.37802	0.80346	0.044497	0.46045	0.8425	0.50538	0.3327	0.83645	0.49621	0.46831	1.0072	0.059052	0.39469	1.0444	0.070941	0.41647	0.70397	0.8628	0.39567	0.8788	0.098409	0.39853	0.83995	0.4965	69.429	-17.272	-15.991	-1.4631	29.444	5.3045	-15.551	-2.0173	-1.9304	53.028	3.4183	6.0031	-23.638	-35.273	-15.952
-49.951	-242.54	1167.8	0.42228	0.90303	0.013803	0.44114	0.86731	0.091996	0.37806	0.8036	0.04479	0.4607	0.8504	0.5059	0.33294	0.84403	0.49706	0.46803	1.0077	0.058254	0.39437	1.0449	0.069334	0.41745	0.71446	0.86434	0.39544	0.87991	0.098413	0.3988	0.84774	0.49714	70.003	-17.506	-15.699	-3.1752	30.945	5.7529	-16.102	-1.9983	-1.8486	58.608	2.1058	6.962	-18.702	-39.35	-17.671
-52.726	-239.29	1184.8	0.42273	0.90447	0.013814	0.44098	0.86795	0.092244	0.37809	0.80371	0.045021	0.46098	0.85769	0.50628	0.33321	0.85107	0.49774	0.4678	1.0081	0.057691	0.39412	1.0452	0.068063	0.4184	0.72487	0.86591	0.39522	0.88087	0.098426	0.39908	0.85496	0.49763	70.63	-17.626	-15.39	-4.9142	32.147	6.12	-16.512	-1.9795	-1.8677	63.169	1.0007	7.7803	-13.875	-42.723	-18.982
-54.6	-233.43	1193.1	0.4231	0.90566	0.013823	0.44085	0.86846	0.092486	0.37813	0.8038	0.045203	0.46126	0.86443	0.50655	0.33349	0.85759	0.49825	0.46763	1.0083	0.057314	0.39393	1.0454	0.067075	0.4193	0.73516	0.86754	0.39499	0.8817	0.098447	0.39936	0.86163	0.49799	71.289	-17.644	-15.076	-6.6333	33.018	6.3981	-16.788	-1.9575	-1.9879	66.653	0.081536	8.4376	-9.1542	-45.354	-19.9
-55.67	-225.28	1192.6	0.42343	0.90665	0.01383	0.44075	0.86887	0.092716	0.37816	0.80388	0.045348	0.46154	0.87068	0.50674	0.33377	0.8636	0.49861	0.4675	1.0085	0.057077	0.39378	1.0456	0.06632	0.42014	0.74535	0.86921	0.39478	0.8824	0.098481	0.39962	0.86779	0.49825	71.962	-17.575	-14.768	-8.2947	33.552	6.5828	-16.943	-1.9303	-2.2	69.038	-0.68254	8.9245	-4.5916	-47.253	-20.459
-56.053	-215.21	1183.4	0.42373	0.90749	0.013837	0.44067	0.8692	0.092928	0.37819	0.80394	0.045468	0.4618	0.87649	0.50686	0.33404	0.86915	0.49887	0.46741	1.0086	0.056942	0.39367	1.0456	0.065752	0.42091	0.7554	0.87094	0.39457	0.88299	0.098534	0.39985	0.87347	0.49844	72.633	-17.437	-14.474	-9.8694	33.759	6.6736	-16.993	-1.8977	-2.4853	70.336	-1.3177	9.2398	-0.26559	-48.456	-20.701
-55.88	-203.65	1166.3	0.42402	0.90824	0.013842	0.44062	0.86946	0.093117	0.37822	0.80399	0.045574	0.46203	0.8819	0.50694	0.33428	0.87427	0.49904	0.46735	1.0087	0.056876	0.3936	1.0457	0.065331	0.42161	0.76531	0.87271	0.39438	0.88348	0.098614	0.40005	0.87873	0.4986	73.288	-17.249	-14.203	-11.338	33.669	6.6725	-16.95	-1.8617	-2.8167	70.591	-1.8401	9.3879	3.7387	-49.022	-20.67
-55.297	-191	1142.2	0.42432	0.90893	0.013848	0.44059	0.86967	0.093283	0.37824	0.80404	0.045674	0.46225	0.88693	0.507	0.33452	0.87902	0.49916	0.46731	1.0088	0.056851	0.39355	1.0457	0.065021	0.42221	0.7751	0.87452	0.39422	0.88388	0.098724	0.40023	0.88359	0.49875	73.917	-17.03	-13.962	-12.693	33.325	6.5838	-16.826	-1.8256	-3.1621	69.874	-2.2618	9.3787	7.3483	-49.04	-20.417
-54.453	-177.67	1111.9	0.42466	0.90962	0.013853	0.44057	0.86983	0.093423	0.37826	0.80407	0.045777	0.46247	0.8916	0.50705	0.33474	0.88344	0.49926	0.4673	1.0088	0.056847	0.39353	1.0457	0.064792	0.42272	0.78477	0.87637	0.39409	0.88419	0.098868	0.40039	0.88809	0.4989	74.509	-16.796	-13.754	-13.933	32.777	6.4131	-16.626	-1.7934	-3.4889	68.276	-2.592	9.2264	10.514	-48.615	-19.989
-53.484	-164.02	1076.8	0.42507	0.91036	0.013859	0.44056	0.86998	0.09354	0.37827	0.80411	0.045887	0.46269	0.89592	0.5071	0.33497	0.88758	0.49934	0.4673	1.0088	0.056847	0.39353	1.0457	0.064618	0.42315	0.79433	0.87823	0.39401	0.88444	0.099043	0.40055	0.89226	0.49907	75.058	-16.563	-13.58	-15.068	32.078	6.1678	-16.356	-1.769	-3.7681	65.902	-2.8387	8.9477	13.214	-47.858	-19.433
-52.495	-150.37	1037.8	0.42554	0.91117	0.013866	0.44055	0.8701	0.09364	0.37827	0.80415	0.046009	0.46292	0.89989	0.50716	0.3352	0.89147	0.49944	0.46733	1.0089	0.056841	0.39355	1.0457	0.064481	0.42348	0.8038	0.88011	0.39397	0.88464	0.099246	0.40072	0.89613	0.49927	75.559	-16.341	-13.44	-16.114	31.277	5.8566	-16.016	-1.7553	-3.9772	62.87	-3.011	8.5608	15.446	-46.87	-18.789
-51.562	-136.99	996.14	0.42612	0.9121	0.013874	0.44056	0.87023	0.093728	0.37826	0.8042	0.046146	0.46317	0.90353	0.50723	0.33545	0.89514	0.49955	0.46737	1.0089	0.056822	0.39359	1.0457	0.064365	0.42373	0.81319	0.88198	0.39397	0.88481	0.099473	0.40091	0.89971	0.4995	76.007	-16.137	-13.332	-17.09	30.419	5.4886	-15.609	-1.7533	-4.103	59.3	-3.1211	8.0835	17.228	-45.74	-18.09
-50.727	-124.09	952.83	0.42679	0.91319	0.013883	0.44057	0.87035	0.093809	0.37824	0.80425	0.046299	0.46345	0.90686	0.50733	0.33572	0.89862	0.49968	0.46742	1.0089	0.056787	0.39364	1.0457	0.064258	0.4239	0.82252	0.88385	0.39402	0.88496	0.099721	0.40112	0.90303	0.49975	76.403	-15.954	-13.251	-18.018	29.539	5.0742	-15.136	-1.7621	-4.1428	55.313	-3.1828	7.5335	18.584	-44.531	-17.363
-49.996	-111.82	908.78	0.42757	0.91446	0.013893	0.44059	0.87048	0.09389	0.37821	0.8043	0.04647	0.46375	0.9099	0.50743	0.336	0.90192	0.49983	0.4675	1.009	0.056734	0.39371	1.0457	0.064153	0.424	0.8318	0.88569	0.39409	0.8851	0.099986	0.40135	0.90611	0.50003	76.748	-15.789	-13.192	-18.921	28.661	4.6242	-14.6	-1.779	-4.1029	51.023	-3.2086	6.927	19.542	-43.285	-16.622
-49.35	-100.27	864.79	0.42846	0.91595	0.013905	0.4406	0.87062	0.093975	0.37818	0.80436	0.046656	0.46408	0.91268	0.50756	0.33631	0.90505	0.49999	0.46758	1.009	0.056665	0.3938	1.0457	0.064043	0.42404	0.84103	0.88751	0.3942	0.88524	0.10027	0.40161	0.90897	0.50033	77.045	-15.638	-13.15	-19.816	27.804	4.1496	-14.006	-1.8001	-3.998	46.542	-3.2062	6.2784	20.134	-42.019	-15.879
-48.746	-89.514	821.58	0.42944	0.91768	0.01392	0.44061	0.87077	0.094066	0.37815	0.80442	0.046858	0.46442	0.91523	0.5077	0.33663	0.90802	0.50015	0.46767	1.0091	0.056581	0.39388	1.0458	0.063926	0.42403	0.85021	0.88928	0.39433	0.88538	0.10057	0.40188	0.91164	0.50065	77.3	-15.493	-13.118	-20.72	26.98	3.6612	-13.36	-1.8209	-3.848	41.968	-3.176	5.6002	20.396	-40.73	-15.136
-48.138	-79.565	779.72	0.43052	0.91966	0.013936	0.44062	0.87093	0.094165	0.37811	0.80449	0.047074	0.46477	0.91758	0.50785	0.33695	0.91084	0.50031	0.46776	1.0092	0.056485	0.39398	1.0459	0.0638	0.42398	0.85936	0.89101	0.39448	0.88553	0.10088	0.40217	0.91413	0.50098	77.52	-15.347	-13.094	-21.647	26.199	3.1694	-12.672	-1.8377	-3.6752	37.389	-3.1109	4.9039	20.361	-39.404	-14.396
-47.48	-70.418	739.75	0.43167	0.92191	0.013954	0.44061	0.8711	0.094273	0.37807	0.80456	0.047302	0.46513	0.91977	0.50802	0.33729	0.91351	0.50045	0.46786	1.0092	0.056379	0.39408	1.0459	0.063664	0.4239	0.86845	0.89267	0.39464	0.88568	0.10121	0.40247	0.91647	0.50132	77.71	-15.192	-13.072	-22.607	25.468	2.6831	-11.949	-1.8474	-3.5015	32.875	-3.0012	4.2001	20.061	-38.024	-13.661
-46.745	-62.05	702.08	0.43289	0.92444	0.013974	0.44059	0.87129	0.094392	0.37802	0.80464	0.047543	0.46549	0.92183	0.5082	0.33763	0.91604	0.50058	0.46796	1.0093	0.056266	0.39419	1.046	0.063517	0.42379	0.8775	0.89426	0.39481	0.88582	0.10157	0.40275	0.91868	0.50168	77.877	-15.021	-13.05	-23.612	24.789	2.2087	-11.201	-1.8482	-3.3454	28.482	-2.839	3.4989	19.532	-36.585	-12.938
-45.919	-54.426	667.09	0.43415	0.92724	0.013996	0.44056	0.87149	0.09452	0.37797	0.80473	0.047794	0.46584	0.92379	0.50839	0.33796	0.91845	0.50068	0.46805	1.0094	0.056147	0.39429	1.0461	0.06336	0.42365	0.88651	0.89576	0.39499	0.88597	0.10193	0.40304	0.92079	0.50204	78.027	-14.829	-13.026	-24.671	24.166	1.7507	-10.436	-1.8396	-3.2209	24.252	-2.6182	2.8091	18.814	-35.087	-12.233
-45.008	-47.507	635.06	0.43544	0.93032	0.014019	0.44051	0.87169	0.094657	0.37792	0.80481	0.048057	0.46618	0.92569	0.50858	0.33829	0.92075	0.50076	0.46814	1.0095	0.056023	0.39439	1.0463	0.063193	0.4235	0.89547	0.89717	0.39517	0.88612	0.10232	0.4033	0.92283	0.5024	78.164	-14.617	-12.999	-25.796	23.603	1.3115	-9.6637	-1.8217	-3.1365	20.212	-2.3365	2.1389	17.949	-33.543	-11.556
-44.036	-41.249	606.23	0.43673	0.93367	0.014045	0.44045	0.87192	0.094804	0.37786	0.80491	0.048331	0.46651	0.92755	0.50878	0.33862	0.92298	0.50081	0.46823	1.0096	0.055897	0.39449	1.0464	0.063015	0.42335	0.90441	0.89847	0.39536	0.88628	0.10271	0.40355	0.92483	0.50277	78.292	-14.384	-12.967	-26.999	23.103	0.89223	-8.8905	-1.7958	-3.0957	16.381	-1.9969	1.495	16.985	-31.978	-10.917
-43.04	-35.61	580.78	0.43802	0.93728	0.014072	0.44038	0.87215	0.094961	0.37779	0.80501	0.048617	0.46682	0.9294	0.50897	0.33893	0.92515	0.50083	0.46831	1.0097	0.055768	0.39458	1.0465	0.062827	0.42319	0.91331	0.89964	0.39554	0.88645	0.10311	0.40378	0.92682	0.50312	78.415	-14.136	-12.933	-28.293	22.672	0.49257	-8.1236	-1.7631	-3.0974	12.768	-1.6079	0.88293	15.972	-30.426	-10.326
-42.069	-30.549	558.81	0.43928	0.94113	0.014101	0.44029	0.8724	0.09513	0.37772	0.80512	0.048914	0.46712	0.93129	0.50916	0.33923	0.92729	0.50083	0.46838	1.0098	0.055636	0.39468	1.0467	0.062627	0.42304	0.92219	0.90067	0.39571	0.88663	0.10352	0.40399	0.92883	0.50348	78.534	-13.878	-12.896	-29.692	22.315	0.11139	-7.3696	-1.7253	-3.1375	9.3776	-1.1811	0.30615	14.961	-28.927	-9.7917
-41.169	-26.023	540.4	0.4405	0.94519	0.014131	0.44019	0.87268	0.095313	0.37764	0.80524	0.049225	0.46739	0.93323	0.50934	0.33951	0.92943	0.50081	0.46845	1.01	0.055503	0.39478	1.0468	0.062417	0.42291	0.93106	0.90155	0.39588	0.88683	0.10393	0.40418	0.93088	0.50382	78.654	-13.618	-12.859	-31.209	22.038	-0.25288	-6.635	-1.6842	-3.2104	6.2117	-0.72802	-0.23381	14.006	-27.516	-9.3226
-40.383	-21.992	525.59	0.44167	0.94943	0.014162	0.44008	0.87297	0.095513	0.37755	0.80536	0.049549	0.46765	0.93526	0.5095	0.33977	0.93161	0.50078	0.46851	1.0101	0.055368	0.39487	1.047	0.062196	0.42279	0.93993	0.90226	0.39603	0.88706	0.10435	0.40434	0.93302	0.50415	78.776	-13.362	-12.821	-32.858	21.847	-0.60168	-5.926	-1.6415	-3.3093	3.2693	-0.25917	-0.73689	13.159	-26.228	-8.9221
-39.744	-18.418	514.38	0.44276	0.95379	0.014194	0.43996	0.8733	0.095734	0.37746	0.8055	0.049886	0.46788	0.93741	0.50965	0.34002	0.93386	0.50073	0.46857	1.0102	0.055232	0.39497	1.0472	0.061964	0.42268	0.94879	0.90281	0.39616	0.88732	0.10476	0.40448	0.93525	0.50446	78.904	-13.116	-12.785	-34.653	21.747	-0.93558	-5.2488	-1.5991	-3.4277	0.54883	0.21702	-1.2037	12.472	-25.089	-8.5904
-39.271	-15.258	506.75	0.44375	0.95822	0.014226	0.43982	0.87366	0.095978	0.37735	0.80565	0.050238	0.46809	0.93971	0.50978	0.34024	0.9362	0.50068	0.46862	1.0104	0.055095	0.39507	1.0474	0.061723	0.4226	0.95766	0.90318	0.39626	0.88761	0.10518	0.40459	0.93763	0.50475	79.041	-12.888	-12.75	-36.608	21.742	-1.255	-4.6098	-1.5587	-3.5595	-1.9499	0.69573	-1.636	11.993	-24.117	-8.3251
-38.973	-12.473	502.7	0.44462	0.96266	0.014257	0.43968	0.87406	0.096251	0.37722	0.80581	0.050607	0.46827	0.94218	0.50988	0.34043	0.93868	0.50062	0.46867	1.0105	0.054958	0.39517	1.0476	0.061474	0.42255	0.96654	0.90337	0.39633	0.88794	0.10559	0.40469	0.94017	0.50501	79.191	-12.679	-12.715	-38.734	21.832	-1.56	-4.0153	-1.5221	-3.6997	-4.2247	1.1754	-2.0363	11.773	-23.32	-8.1219
-38.844	-10.025	502.17	0.44535	0.96703	0.014288	0.43952	0.87449	0.096554	0.37708	0.806	0.050995	0.46843	0.94485	0.50995	0.3406	0.94132	0.50056	0.46872	1.0107	0.054821	0.39528	1.0479	0.061218	0.42251	0.97541	0.90339	0.39636	0.88831	0.10601	0.40475	0.94289	0.50524	79.356	-12.492	-12.681	-41.042	22.017	-1.8501	-3.4713	-1.4909	-3.8438	-6.271	1.6573	-2.4067	11.857	-22.698	-7.9746
-38.87	-7.8714	505.09	0.44592	0.97127	0.014317	0.43936	0.87496	0.09689	0.37692	0.8062	0.051405	0.46855	0.94773	0.50999	0.34073	0.94415	0.5005	0.46876	1.0108	0.054687	0.39538	1.0481	0.060958	0.42251	0.98429	0.90324	0.39636	0.88872	0.10644	0.40479	0.94581	0.50543	79.539	-12.327	-12.646	-43.541	22.293	-2.1239	-2.9832	-1.4664	-3.9881	-8.0826	2.1443	-2.7493	12.289	-22.245	-7.8756
-39.033	-5.9735	511.37	0.44632	0.97532	0.014345	0.4392	0.87548	0.097261	0.37674	0.80642	0.051843	0.46864	0.95084	0.50999	0.34082	0.94719	0.50044	0.4688	1.011	0.054555	0.39548	1.0484	0.060694	0.42253	0.99316	0.90292	0.39631	0.88917	0.10686	0.40481	0.94896	0.50558	79.742	-12.182	-12.609	-46.236	22.656	-2.3801	-2.5551	-1.4494	-4.129	-9.6523	2.639	-3.0655	13.109	-21.95	-7.8172
-39.318	-4.2864	520.86	0.44654	0.97916	0.014371	0.43903	0.87604	0.097666	0.37655	0.80665	0.052312	0.46869	0.95417	0.50994	0.34088	0.95047	0.50036	0.46883	1.0111	0.054427	0.39558	1.0486	0.060427	0.42257	1.002	0.90246	0.39623	0.88966	0.10729	0.4048	0.95234	0.50569	79.967	-12.054	-12.571	-49.133	23.097	-2.6177	-2.1896	-1.4403	-4.2633	-10.974	3.143	-3.357	14.348	-21.804	-7.7919
-39.713	-2.7534	533.41	0.44659	0.98274	0.014394	0.43886	0.87664	0.098106	0.37634	0.8069	0.052818	0.46872	0.95774	0.50984	0.34091	0.95399	0.50027	0.46886	1.0113	0.054302	0.39567	1.0489	0.060159	0.42264	1.0109	0.90184	0.3961	0.89019	0.10772	0.40477	0.95596	0.50574	80.214	-11.938	-12.531	-52.234	23.608	-2.8358	-1.8876	-1.439	-4.3884	-12.044	3.6568	-3.625	16.023	-21.798	-7.7938
-40.216	-1.301	548.81	0.4465	0.98605	0.014416	0.43869	0.87728	0.09858	0.37611	0.80717	0.053365	0.46873	0.96153	0.50971	0.34092	0.95778	0.50015	0.46889	1.0114	0.054182	0.39577	1.0492	0.059888	0.42274	1.0197	0.90109	0.39595	0.89077	0.10816	0.40473	0.95982	0.50574	80.482	-11.828	-12.492	-55.538	24.18	-3.0348	-1.6485	-1.445	-4.502	-12.869	4.1781	-3.8715	18.131	-21.924	-7.8189
-40.832	0.15899	566.83	0.4463	0.98909	0.014435	0.43852	0.87795	0.099089	0.37589	0.80746	0.053956	0.46871	0.96553	0.50952	0.34089	0.96182	0.50001	0.46891	1.0116	0.054064	0.39585	1.0494	0.059613	0.42286	1.0286	0.90022	0.39577	0.89138	0.1086	0.40466	0.96391	0.50569	80.77	-11.72	-12.455	-59.04	24.804	-3.2161	-1.47	-1.4572	-4.6026	-13.459	4.7029	-4.099	20.651	-22.179	-7.8655
-41.577	1.727	587.24	0.44601	0.99185	0.014452	0.43835	0.87865	0.09963	0.37565	0.80775	0.054593	0.46868	0.96973	0.50929	0.34086	0.96612	0.49982	0.46892	1.0117	0.053949	0.39593	1.0497	0.059331	0.423	1.0374	0.89922	0.39556	0.89202	0.10905	0.40459	0.96823	0.50557	81.077	-11.606	-12.423	-62.734	25.469	-3.3824	-1.3483	-1.4745	-4.6892	-13.831	5.2242	-4.3104	23.549	-22.565	-7.9336
-42.472	3.5129	609.77	0.44568	0.99435	0.014468	0.43819	0.87937	0.1002	0.37541	0.80806	0.055279	0.46864	0.97412	0.50902	0.34081	0.97067	0.49958	0.46893	1.0119	0.053836	0.39599	1.05	0.059042	0.42317	1.0462	0.89812	0.39535	0.89271	0.10951	0.40451	0.97276	0.50541	81.401	-11.484	-12.4	-66.608	26.164	-3.537	-1.2784	-1.4955	-4.7608	-14.009	5.732	-4.5091	26.775	-23.088	-8.0243
-43.542	5.6328	634.13	0.44532	0.9966	0.014482	0.43801	0.88011	0.1008	0.37518	0.80837	0.056016	0.46859	0.97867	0.50871	0.34076	0.97544	0.4993	0.46894	1.012	0.053724	0.39605	1.0502	0.058743	0.42336	1.0551	0.89692	0.39513	0.89342	0.10998	0.40443	0.97749	0.50518	81.738	-11.348	-12.39	-70.648	26.876	-3.6841	-1.2546	-1.5189	-4.8174	-14.021	6.2148	-4.6986	30.271	-23.757	-8.1387
-44.81	8.1993	660.05	0.44497	0.99862	0.014494	0.43783	0.88086	0.10143	0.37496	0.8087	0.056806	0.46856	0.98337	0.50837	0.34071	0.98043	0.49896	0.46894	1.0121	0.053615	0.3961	1.0505	0.058434	0.42357	1.0639	0.89563	0.39492	0.89416	0.11046	0.40436	0.9824	0.50491	82.086	-11.196	-12.395	-74.84	27.594	-3.8277	-1.2708	-1.5436	-4.859	-13.899	6.6621	-4.8822	33.971	-24.578	-8.2773
-46.294	11.315	687.24	0.44463	1.0004	0.014505	0.43764	0.88161	0.10208	0.37475	0.80904	0.057654	0.46853	0.98821	0.50799	0.34068	0.9856	0.49856	0.46895	1.0123	0.053509	0.39614	1.0507	0.058117	0.42379	1.0728	0.89426	0.39471	0.89493	0.11097	0.40429	0.98747	0.50459	82.441	-11.027	-12.418	-79.167	28.306	-3.9717	-1.3215	-1.5687	-4.8863	-13.672	7.0654	-5.0628	37.814	-25.554	-8.439
-48	15.066	715.43	0.44433	1.002	0.014514	0.43744	0.88236	0.10276	0.37457	0.80939	0.058562	0.46851	0.99316	0.5076	0.34066	0.99096	0.49811	0.46896	1.0124	0.053406	0.39617	1.051	0.057795	0.42403	1.0817	0.89282	0.39452	0.89572	0.11151	0.40423	0.9927	0.50423	82.802	-10.841	-12.461	-83.607	29	-4.1193	-1.4015	-1.5939	-4.8999	-13.362	7.4189	-5.2425	41.745	-26.684	-8.6212
-49.927	19.513	744.34	0.44407	1.0035	0.014523	0.43723	0.8831	0.10347	0.3744	0.80976	0.059536	0.4685	0.99823	0.50718	0.34065	0.99647	0.4976	0.46897	1.0125	0.053309	0.3962	1.0512	0.057468	0.42427	1.0906	0.89132	0.39435	0.89655	0.11207	0.40419	0.99807	0.50384	83.164	-10.637	-12.527	-88.14	29.665	-4.2724	-1.5066	-1.6194	-4.9007	-12.986	7.7188	-5.4219	45.719	-27.961	-8.8192
-52.06	24.688	773.69	0.44384	1.0048	0.014531	0.43703	0.88384	0.10423	0.37426	0.81014	0.060581	0.46851	1.0034	0.50674	0.34066	1.0021	0.49705	0.46899	1.0127	0.053217	0.39624	1.0515	0.057138	0.4245	1.0996	0.88977	0.3942	0.8974	0.11267	0.40415	1.0036	0.50341	83.527	-10.417	-12.618	-92.739	30.287	-4.4308	-1.6339	-1.6457	-4.8892	-12.545	7.9637	-5.5996	49.712	-29.371	-9.0261
-54.374	30.593	803.18	0.44365	1.006	0.014538	0.43682	0.88459	0.10503	0.37415	0.81053	0.061704	0.46851	1.0087	0.50628	0.34067	1.0079	0.49645	0.46901	1.0128	0.05313	0.39628	1.0517	0.056807	0.42473	1.1086	0.88818	0.39409	0.89829	0.11332	0.40413	1.0092	0.50295	83.887	-10.183	-12.734	-97.375	30.853	-4.5925	-1.7819	-1.6737	-4.8658	-12.031	8.1552	-5.7723	53.706	-30.896	-9.2333
-56.835	37.205	832.52	0.44348	1.0071	0.014545	0.43663	0.88536	0.1059	0.37406	0.81095	0.062915	0.46852	1.0141	0.50581	0.34069	1.0139	0.49582	0.46902	1.0129	0.053047	0.39633	1.0519	0.056472	0.42494	1.1176	0.88657	0.394	0.89921	0.11401	0.4041	1.015	0.50247	84.244	-9.9348	-12.878	-102.02	31.346	-4.7538	-1.9508	-1.7041	-4.831	-11.428	8.2963	-5.9354	57.698	-32.509	-9.4316
-59.398	44.483	861.36	0.44334	1.0081	0.014551	0.43645	0.88614	0.10682	0.374	0.81139	0.064224	0.46853	1.0196	0.50532	0.34071	1.02	0.49515	0.46904	1.013	0.052969	0.3964	1.0522	0.056133	0.42512	1.1267	0.88493	0.39395	0.90018	0.11476	0.40408	1.0209	0.50196	84.595	-9.6749	-13.05	-106.62	31.751	-4.9102	-2.1418	-1.7381	-4.785	-10.712	8.3924	-6.0836	61.682	-34.177	-9.6113
-62.012	52.37	889.32	0.44321	1.009	0.014557	0.4363	0.88694	0.10783	0.37397	0.81186	0.065643	0.46852	1.0252	0.50483	0.34073	1.0262	0.49445	0.46904	1.0132	0.052895	0.39648	1.0524	0.055789	0.42526	1.1359	0.88328	0.39394	0.9012	0.11558	0.40406	1.0269	0.50143	84.941	-9.4033	-13.251	-111.14	32.048	-5.0564	-2.3564	-1.7762	-4.7274	-9.857	8.4502	-6.211	65.653	-35.862	-9.7614
-64.62	60.802	916.02	0.44308	1.0099	0.014563	0.43616	0.88779	0.10892	0.37396	0.81237	0.067185	0.46851	1.0309	0.50432	0.34074	1.0326	0.49372	0.46904	1.0133	0.052822	0.39658	1.0527	0.055435	0.42536	1.1451	0.88163	0.39395	0.90227	0.11648	0.40404	1.0331	0.50088	85.279	-9.1197	-13.48	-115.53	32.217	-5.188	-2.5967	-1.8189	-4.658	-8.8389	8.4778	-6.312	69.597	-37.52	-9.8706
-67.163	69.707	941.04	0.44296	1.0108	0.014568	0.43606	0.88868	0.11011	0.37396	0.81292	0.068862	0.46848	1.0368	0.50381	0.34074	1.0392	0.49296	0.46903	1.0134	0.052752	0.3967	1.0529	0.055072	0.42541	1.1543	0.87999	0.39401	0.90341	0.11746	0.40401	1.0394	0.50031	85.607	-8.823	-13.738	-119.73	32.239	-5.3015	-2.864	-1.8665	-4.5768	-7.6378	8.4839	-6.3823	73.495	-39.104	-9.9268
-69.584	79.017	963.94	0.44284	1.0116	0.014573	0.43598	0.88964	0.1114	0.37399	0.81353	0.07069	0.46843	1.0429	0.5033	0.34073	1.046	0.49217	0.46901	1.0136	0.052682	0.39685	1.0532	0.054696	0.4254	1.1636	0.87834	0.39409	0.9046	0.11854	0.40398	1.0459	0.49973	85.924	-8.5118	-14.022	-123.67	32.095	-5.3957	-3.1595	-1.9186	-4.4834	-6.2415	8.4753	-6.4194	77.31	-40.571	-9.9184
-71.825	88.659	984.3	0.44271	1.0125	0.014578	0.43593	0.89065	0.11281	0.37404	0.8142	0.072683	0.46837	1.049	0.50279	0.34072	1.053	0.49136	0.46898	1.0137	0.052613	0.39701	1.0535	0.05431	0.42533	1.1731	0.87671	0.3942	0.90588	0.11972	0.40394	1.0526	0.49913	86.228	-8.1851	-14.332	-127.3	31.766	-5.4707	-3.4841	-1.9745	-4.3777	-4.646	8.457	-6.4224	80.996	-41.874	-9.8341
-73.832	98.563	1001.7	0.44256	1.0133	0.014583	0.4359	0.89175	0.11434	0.3741	0.81494	0.074853	0.4683	1.0554	0.5023	0.34071	1.0601	0.49052	0.46894	1.0138	0.052544	0.39718	1.0538	0.053914	0.42518	1.1826	0.87508	0.39434	0.90724	0.12102	0.4039	1.0595	0.49851	86.518	-7.8418	-14.665	-130.54	31.24	-5.5275	-3.8388	-2.0332	-4.2597	-2.855	8.4334	-6.3918	84.495	-42.971	-9.6638
-75.556	108.65	1015.8	0.4424	1.014	0.014588	0.43591	0.89294	0.11599	0.37417	0.81576	0.077213	0.46822	1.0619	0.5018	0.3407	1.0675	0.48964	0.4689	1.014	0.052476	0.39737	1.0542	0.053512	0.42497	1.1923	0.87346	0.3945	0.9087	0.12243	0.40386	1.0666	0.49788	86.791	-7.4817	-15.019	-133.35	30.511	-5.5672	-4.2251	-2.0934	-4.1294	-0.87792	8.4093	-6.3292	87.743	-43.819	-9.4004
-76.949	118.85	1026.4	0.44222	1.0148	0.014592	0.43595	0.89422	0.11777	0.37426	0.81668	0.079774	0.46814	1.0687	0.50132	0.3407	1.0752	0.48873	0.46885	1.0141	0.052408	0.39757	1.0545	0.053109	0.42467	1.2021	0.87186	0.39469	0.91027	0.12397	0.40383	1.0739	0.49722	87.046	-7.1054	-15.389	-135.67	29.578	-5.5906	-4.6456	-2.1539	-3.9878	1.2717	8.3909	-6.2371	90.675	-44.379	-9.0413
-77.967	129.06	1033.1	0.44201	1.0156	0.014596	0.43602	0.89561	0.11969	0.37436	0.8177	0.082546	0.46806	1.0756	0.50084	0.34072	1.083	0.48776	0.46881	1.0143	0.05234	0.39777	1.0548	0.052712	0.4243	1.2121	0.87028	0.3949	0.91195	0.12563	0.40381	1.0814	0.49654	87.281	-6.7137	-15.773	-137.45	28.447	-5.5967	-5.1031	-2.2135	-3.8364	3.5772	8.386	-6.1179	93.223	-44.616	-8.5876
-78.572	139.19	1035.9	0.44178	1.0163	0.0146	0.43612	0.89713	0.12174	0.37446	0.81885	0.085536	0.468	1.0828	0.50036	0.34077	1.0911	0.48673	0.46877	1.0144	0.052272	0.39798	1.0551	0.052325	0.42385	1.2222	0.86873	0.39513	0.91377	0.12741	0.40381	1.0892	0.49584	87.495	-6.3075	-16.166	-138.66	27.134	-5.5832	-5.6011	-2.2715	-3.6775	6.0199	8.4051	-5.974	95.324	-44.499	-8.0441
-78.728	149.13	1034.5	0.44153	1.017	0.014604	0.43625	0.89877	0.12393	0.37457	0.82012	0.088752	0.46795	1.0902	0.49987	0.34086	1.0995	0.48563	0.46875	1.0146	0.052204	0.39818	1.0554	0.051957	0.42332	1.2324	0.86721	0.39538	0.91574	0.12932	0.40383	1.0972	0.49508	87.686	-5.8879	-16.563	-139.26	25.658	-5.5468	-6.1438	-2.3272	-3.5143	8.5809	8.4593	-5.8084	96.917	-44.005	-7.4202
-78.406	158.76	1028.8	0.44127	1.0177	0.014608	0.4364	0.90056	0.12625	0.37467	0.82156	0.092202	0.46793	1.0979	0.49935	0.34099	1.1081	0.48445	0.46875	1.0148	0.052135	0.39837	1.0557	0.051611	0.42271	1.2427	0.86572	0.39565	0.91787	0.13135	0.40388	1.1055	0.49428	87.852	-5.4556	-16.96	-139.21	24.044	-5.4843	-6.7361	-2.3801	-3.3506	11.241	8.5577	-5.6253	97.948	-43.118	-6.7289
-77.581	167.94	1018.7	0.44098	1.0183	0.014611	0.43658	0.90252	0.1287	0.37477	0.82317	0.095893	0.46795	1.1058	0.4988	0.34117	1.117	0.48317	0.46877	1.015	0.052065	0.39856	1.0559	0.051292	0.42201	1.2531	0.86427	0.39594	0.92017	0.13349	0.40397	1.114	0.49341	87.99	-5.011	-17.351	-138.49	22.316	-5.393	-7.3835	-2.4293	-3.1911	13.982	8.7064	-5.4305	98.369	-41.828	-5.9857
-76.23	176.51	1004.2	0.44068	1.0189	0.014614	0.43678	0.90465	0.13128	0.37484	0.82499	0.099837	0.468	1.1141	0.4982	0.34142	1.1262	0.48178	0.46882	1.0152	0.051995	0.39873	1.0561	0.051001	0.42124	1.2637	0.86285	0.39624	0.92268	0.13575	0.40412	1.1229	0.49246	88.097	-4.5538	-17.729	-137.07	20.5	-5.2702	-8.0918	-2.474	-3.0407	16.781	8.907	-5.2305	98.137	-40.136	-5.2073
-74.341	184.26	984.89	0.44036	1.0195	0.014617	0.43699	0.90698	0.13399	0.37487	0.82704	0.10405	0.46811	1.1226	0.49752	0.34173	1.1357	0.48025	0.46889	1.0155	0.051928	0.39888	1.0562	0.05074	0.42037	1.2743	0.86147	0.39655	0.92542	0.13811	0.40432	1.132	0.49141	88.165	-4.0834	-18.09	-134.89	18.619	-5.1125	-8.8672	-2.5131	-2.9049	19.614	9.1575	-5.0319	97.22	-38.05	-4.4099
-71.91	190.97	960.71	0.44004	1.02	0.01462	0.43721	0.90955	0.13683	0.37486	0.82937	0.10854	0.46828	1.1315	0.49677	0.34214	1.1456	0.47859	0.46899	1.0157	0.051868	0.39903	1.0563	0.050507	0.4194	1.285	0.86011	0.39686	0.9284	0.14057	0.4046	1.1416	0.49025	88.19	-3.5989	-18.426	-131.93	16.701	-4.9167	-9.7167	-2.5457	-2.7894	22.45	9.4498	-4.8414	95.592	-35.589	-3.6108
-68.945	196.37	931.42	0.43971	1.0206	0.014622	0.43741	0.91237	0.13981	0.37478	0.83202	0.11333	0.46852	1.1407	0.49593	0.34264	1.1558	0.47677	0.46912	1.016	0.051824	0.39916	1.0564	0.050301	0.41833	1.2958	0.85879	0.39717	0.93166	0.14314	0.40497	1.1514	0.48896	88.16	-3.0998	-18.733	-128.14	14.773	-4.6797	-10.648	-2.5706	-2.7002	25.251	9.7709	-4.665	93.239	-32.785	-2.8278
-65.47	200.17	896.86	0.43937	1.0211	0.014625	0.43759	0.9155	0.14292	0.37462	0.83504	0.11844	0.46885	1.1503	0.49498	0.34326	1.1665	0.47478	0.46927	1.0163	0.051808	0.39929	1.0565	0.050118	0.41716	1.3066	0.8575	0.39748	0.93525	0.14582	0.40545	1.1617	0.48752	88.064	-2.5862	-19.003	-123.5	12.865	-4.3984	-11.669	-2.5875	-2.6426	27.972	10.104	-4.5072	90.165	-29.684	-2.0778
-61.523	202.08	856.92	0.43905	1.0217	0.014628	0.43774	0.91898	0.14619	0.37435	0.83849	0.1239	0.46927	1.1603	0.49392	0.34402	1.1776	0.47261	0.46944	1.0167	0.051838	0.39941	1.0566	0.049957	0.41589	1.3175	0.85627	0.39776	0.93919	0.14861	0.40604	1.1724	0.48592	87.887	-2.06	-19.23	-117.96	11.013	-4.0716	-12.789	-2.5962	-2.6212	30.557	10.426	-4.3713	86.389	-26.348	-1.3789
-57.165	201.8	811.64	0.43874	1.0223	0.014631	0.43784	0.92286	0.14961	0.37395	0.84243	0.12973	0.4698	1.1708	0.49274	0.34492	1.1892	0.47026	0.46962	1.0171	0.051938	0.39954	1.0568	0.049817	0.41452	1.3285	0.85508	0.39803	0.94354	0.15151	0.40676	1.1836	0.48415	87.612	-1.5252	-19.409	-111.53	9.2544	-3.7001	-14.018	-2.5973	-2.6398	32.937	10.712	-4.257	81.95	-22.859	-0.74681
-52.478	199.09	761.23	0.43845	1.0229	0.014634	0.43787	0.92719	0.15322	0.37342	0.84694	0.13596	0.47044	1.1817	0.49144	0.34597	1.2014	0.46771	0.46981	1.0176	0.052138	0.39968	1.057	0.049698	0.41306	1.3394	0.85397	0.39825	0.94835	0.15454	0.40761	1.1954	0.48221	87.218	-0.98872	-19.534	-104.24	7.6278	-3.287	-15.366	-2.5922	-2.7008	35.033	10.93	-4.1604	76.908	-19.314	-0.19376
-47.561	193.78	706.12	0.43819	1.0237	0.014639	0.43782	0.93203	0.15701	0.37273	0.85209	0.14262	0.4712	1.1932	0.49	0.34719	1.2141	0.46496	0.47	1.0183	0.052476	0.39983	1.0574	0.049605	0.41153	1.3504	0.85293	0.39841	0.95367	0.1577	0.40861	1.2076	0.48008	86.685	-0.46074	-19.599	-96.146	6.1707	-2.8399	-16.844	-2.5826	-2.8051	36.752	11.048	-4.0738	71.347	-15.825	0.27237
-42.531	185.82	647	0.43796	1.0246	0.014644	0.43769	0.93745	0.16103	0.37187	0.85797	0.14973	0.47208	1.2052	0.48844	0.34858	1.2274	0.46203	0.47017	1.0191	0.052996	0.4	1.058	0.049545	0.40993	1.3613	0.852	0.39849	0.95955	0.16102	0.40975	1.2205	0.47777	85.991	0.044058	-19.597	-87.36	4.9169	-2.3706	-18.462	-2.571	-2.9513	37.999	11.036	-3.9867	65.379	-12.51	0.64883
-37.512	175.29	584.82	0.43778	1.0257	0.014651	0.43747	0.94351	0.16528	0.37083	0.86464	0.1573	0.47307	1.2179	0.48673	0.35013	1.2414	0.45893	0.47033	1.0201	0.053749	0.40021	1.0588	0.049532	0.4083	1.3721	0.85118	0.39847	0.96605	0.1645	0.41103	1.234	0.47529	85.115	0.50745	-19.524	-78.043	3.8907	-1.895	-20.225	-2.5603	-3.1358	38.677	10.867	-3.887	59.128	-9.4793	0.9373
-32.625	162.42	520.75	0.43763	1.027	0.014659	0.43716	0.95028	0.16978	0.36961	0.87221	0.16533	0.47418	1.2311	0.4849	0.35185	1.256	0.45567	0.47046	1.0213	0.054788	0.40044	1.06	0.049585	0.40665	1.3828	0.85048	0.39832	0.97323	0.16817	0.41244	1.2481	0.47265	84.038	0.90819	-19.376	-68.402	3.1021	-1.4313	-22.139	-2.5533	-3.3532	38.693	10.523	-3.7612	52.721	-6.8253	1.1426
-27.981	147.61	456.1	0.43754	1.0285	0.014668	0.43675	0.9578	0.17455	0.36822	0.88073	0.17381	0.4754	1.245	0.48295	0.35369	1.2713	0.45231	0.47055	1.0229	0.05617	0.40071	1.0615	0.049729	0.405	1.3933	0.84992	0.39803	0.98112	0.17203	0.41396	1.2629	0.46988	82.75	1.2228	-19.154	-58.682	2.5429	-0.99847	-24.203	-2.5524	-3.5964	37.968	9.9934	-3.5959	46.274	-4.6157	1.2708
-23.669	131.4	392.25	0.43751	1.0302	0.014679	0.43625	0.96614	0.1796	0.36665	0.89028	0.18272	0.47669	1.2596	0.48089	0.35566	1.2873	0.44886	0.47061	1.0249	0.057944	0.40103	1.0636	0.049992	0.40337	1.4038	0.8495	0.39756	0.98979	0.17609	0.41557	1.2784	0.467	81.249	1.4278	-18.862	-49.15	2.1834	-0.61369	-26.412	-2.5595	-3.8569	36.453	9.2804	-3.3793	39.896	-2.8824	1.3281
-19.749	114.38	330.56	0.43754	1.0322	0.014693	0.43565	0.97534	0.18491	0.36492	0.90091	0.192	0.47805	1.2749	0.47875	0.3577	1.3039	0.4454	0.47062	1.0275	0.060155	0.40138	1.0663	0.050403	0.40178	1.414	0.84923	0.39691	0.99926	0.18037	0.41723	1.2945	0.46406	79.547	1.5022	-18.506	-40.08	1.9767	-0.29012	-28.753	-2.5753	-4.1262	34.151	8.4001	-3.1032	33.698	-1.6193	1.3212
-16.252	97.164	272.33	0.43765	1.0345	0.014708	0.43497	0.98543	0.19048	0.36306	0.91266	0.20157	0.47946	1.2908	0.47656	0.35979	1.3212	0.44197	0.47059	1.0306	0.062833	0.40178	1.0696	0.050995	0.40025	1.4242	0.8491	0.39606	1.0096	0.18485	0.41893	1.3112	0.46111	77.669	1.4293	-18.099	-31.722	1.8639	-0.036323	-31.208	-2.5993	-4.3956	31.118	7.3831	-2.766	27.789	-0.78442	1.2571
-13.178	80.343	218.61	0.43784	1.0371	0.014726	0.43421	0.99644	0.19627	0.36107	0.92556	0.21133	0.48087	1.3073	0.47438	0.36189	1.339	0.43864	0.47052	1.0345	0.065992	0.40222	1.0738	0.051798	0.39878	1.4342	0.84911	0.39501	1.0207	0.18954	0.42062	1.3285	0.45821	75.661	1.1995	-17.659	-24.277	1.7814	0.14332	-33.754	-2.6298	-4.6561	27.452	6.2691	-2.3743	22.262	-0.30684	1.1424
-10.508	64.439	170.25	0.43813	1.0401	0.014746	0.43337	1.0084	0.20224	0.35899	0.93958	0.22117	0.48227	1.3244	0.47224	0.36395	1.3574	0.43549	0.47041	1.0393	0.069623	0.4027	1.0789	0.052843	0.39739	1.4441	0.84923	0.39377	1.0328	0.1944	0.42227	1.3464	0.45542	73.58	0.81296	-17.207	-17.913	1.6785	0.24866	-36.359	-2.665	-4.8989	23.353	5.1092	-1.9424	17.203	-0.11181	0.98516
-8.2135	49.876	127.78	0.43854	1.0437	0.014771	0.43245	1.0212	0.20832	0.35685	0.95466	0.23094	0.48363	1.342	0.47023	0.36592	1.3761	0.43258	0.47028	1.045	0.073693	0.4032	1.085	0.054157	0.39609	1.4539	0.84947	0.39234	1.0457	0.1994	0.42384	1.3647	0.45282	71.501	0.27972	-16.771	-12.651	1.5108	0.28511	-38.992	-2.7034	-5.1162	18.935	3.9474	-1.4911	12.664	-0.097492	0.79622
-6.2553	36.967	91.484	0.43913	1.0482	0.014802	0.43147	1.0349	0.21446	0.35468	0.97073	0.24049	0.4849	1.36	0.46839	0.36777	1.3953	0.42999	0.47012	1.052	0.078144	0.40373	1.0922	0.055762	0.39487	1.4637	0.84979	0.39075	1.0594	0.2045	0.4253	1.3834	0.45048	69.502	-0.37955	-16.376	-8.4806	1.2599	0.26002	-41.617	-2.7446	-5.3011	14.392	2.8289	-1.0449	8.675	-0.18185	0.58558
-4.5993	25.909	61.343	0.43997	1.0544	0.014845	0.43041	1.0494	0.22057	0.35249	0.98767	0.24967	0.48607	1.3784	0.4668	0.36947	1.4148	0.42779	0.46994	1.0602	0.082898	0.40427	1.1007	0.057677	0.39375	1.4735	0.85019	0.38903	1.074	0.20965	0.42663	1.4023	0.44845	67.663	-1.1345	-16.049	-5.7008	0.97794	0.17517	-44.2	-2.79	-5.4499	10.507	1.8341	-0.62591	5.3216	-0.41525	0.35478
-3.2217	16.774	37.146	0.44129	1.0642	0.014912	0.4293	1.0646	0.22659	0.35032	1.0053	0.25831	0.4871	1.397	0.46553	0.37099	1.4344	0.42604	0.46975	1.0698	0.087859	0.40479	1.1106	0.059912	0.39271	1.4833	0.85067	0.38721	1.0893	0.21479	0.42779	1.4215	0.44679	66.059	-1.9481	-15.806	-2.8341	0.51208	0.072133	-46.711	-2.8434	-5.5611	5.3802	0.83984	-0.26285	2.3594	-0.33759	0.15423
0	0	0	NaN	NaN	NaN	0.42814	1.0806	0.23241	0.34819	1.0235	0.26627	0.48798	1.4159	0.46462	0.37231	1.4543	0.42478	0.46954	1.0808	0.092922	0.40528	1.122	0.062461	0.39177	1.4931	0.85122	0.38535	1.1052	0.21986	0.42877	1.4409	0.44557	64.75	-2.7799	-15.654	0.036736	0.00201	0.007634	-49.122	-2.9107	-5.6368	0.015345	0.044197	-0.035215	0.25619	0.093388	0.044624
