0.2698	5.6505	52.117	0.57204	0.76204	0.014307	0.60062	0.77936	0.081895	0.53318	0.74291	0.03135	0.61914	0.6508	0.48287	0.49257	0.67003	0.48248	0.62792	0.87821	0.066414	0.56568	0.92106	0.10459	0.56206	0.50754	0.84692	0.55678	0.78504	0.092974	0.56107	0.65732	0.47375	75.323	-9.4491	-19.248	0.51802	0.9559	-0.45913	-3.8419	-0.95663	-3.1836	-8.001	-0.43695	-0.52275	-17.73	2.6169	0.54522
-0.21531	3.7767	82.517	0.57564	0.778	0.014368	0.60125	0.78585	0.080979	0.53435	0.74833	0.030966	0.61932	0.65917	0.48207	0.49252	0.67679	0.48091	0.62783	0.88455	0.064615	0.56513	0.92741	0.102	0.56266	0.51764	0.84669	0.55725	0.79133	0.091533	0.56097	0.66499	0.4728	74.725	-9.8886	-19.214	0.37606	1.6549	-0.64379	-3.7349	-0.99281	-3.1054	-10.819	-0.21231	-0.76483	-24.103	3.5512	0.69304
-0.91735	0.62373	119.83	0.57792	0.78827	0.014407	0.60183	0.79161	0.080041	0.53545	0.75291	0.030688	0.61957	0.66757	0.48141	0.49257	0.68358	0.47949	0.6277	0.89009	0.062606	0.56453	0.93306	0.099097	0.56333	0.52778	0.84657	0.55762	0.79695	0.09004	0.56093	0.67271	0.472	74.09	-10.369	-19.153	0.38337	2.5638	-0.8496	-3.7284	-1.0223	-3.007	-13.76	0.18105	-1.042	-31.117	4.5649	0.8672
-1.8749	-4.1287	163.85	0.57959	0.79592	0.014435	0.60233	0.79671	0.07909	0.53649	0.75673	0.030509	0.61988	0.67597	0.48087	0.4927	0.69038	0.47821	0.62753	0.89489	0.060421	0.5639	0.93807	0.095912	0.56406	0.53793	0.84655	0.5579	0.80194	0.088519	0.56094	0.68046	0.47135	73.425	-10.883	-19.068	0.4517	3.6897	-1.0588	-3.8132	-1.043	-2.887	-16.442	0.78361	-1.3358	-37.999	5.5203	1.0323
-3.1272	-10.801	213.71	0.58097	0.80225	0.014459	0.60278	0.80118	0.078137	0.53745	0.75986	0.030425	0.62025	0.68436	0.48046	0.49291	0.6972	0.4771	0.62735	0.89901	0.058098	0.56325	0.94249	0.092498	0.56485	0.54808	0.84663	0.55811	0.80634	0.086993	0.56102	0.68822	0.47084	72.739	-11.422	-18.959	0.59808	5.0222	-1.2599	-3.9801	-1.0534	-2.7451	-18.63	1.5658	-1.6303	-44.358	6.3286	1.1658
-4.7439	-19.645	267.83	0.58223	0.80794	0.014481	0.60316	0.80509	0.077192	0.53833	0.76238	0.030428	0.62066	0.69271	0.48016	0.4932	0.70406	0.47615	0.62715	0.90251	0.055677	0.56259	0.94637	0.08891	0.56569	0.55822	0.84682	0.55824	0.81022	0.085487	0.56116	0.69598	0.47047	72.043	-11.977	-18.83	0.74506	6.5393	-1.4336	-4.219	-1.053	-2.5817	-19.976	2.475	-1.9	-49.48	6.8216	1.2025
-6.8544	-30.653	324.92	0.58348	0.81328	0.014502	0.60349	0.80849	0.076266	0.53914	0.76436	0.030512	0.62111	0.701	0.47997	0.49355	0.71093	0.47539	0.62695	0.90543	0.0532	0.56195	0.94976	0.085205	0.56658	0.56834	0.84711	0.55831	0.81361	0.084026	0.56135	0.70372	0.47023	71.35	-12.539	-18.682	0.8137	8.2304	-1.5656	-4.5203	-1.0417	-2.3985	-20.327	3.4116	-2.1238	-53.041	6.8449	1.0604
-9.5449	-43.485	384.21	0.58474	0.81836	0.014522	0.60375	0.81142	0.07537	0.53985	0.76589	0.03067	0.6216	0.70922	0.47989	0.49396	0.71782	0.4748	0.62676	0.90785	0.050708	0.56133	0.95272	0.081439	0.56752	0.5784	0.84751	0.55833	0.81656	0.082631	0.56161	0.71142	0.47012	70.672	-13.098	-18.518	0.73768	10.091	-1.6475	-4.8739	-1.0202	-2.1978	-19.702	4.2777	-2.288	-55.057	6.3099	0.68304
-12.793	-57.563	444.81	0.58602	0.82316	0.014541	0.60395	0.81395	0.074516	0.54049	0.76701	0.030893	0.62212	0.71732	0.47991	0.49442	0.72472	0.47439	0.62659	0.90982	0.048242	0.56074	0.95529	0.077669	0.56849	0.58841	0.848	0.5583	0.81912	0.081321	0.56193	0.71906	0.47012	70.022	-13.646	-18.34	0.4646	12.114	-1.6752	-5.2701	-0.99026	-1.9827	-18.231	5.016	-2.387	-55.732	5.2203	0.066038
-16.479	-72.161	505.67	0.58727	0.82765	0.01456	0.60411	0.8161	0.073713	0.54104	0.76781	0.031173	0.62266	0.7253	0.48001	0.49492	0.73161	0.47416	0.62644	0.91139	0.045839	0.56019	0.9575	0.073949	0.5695	0.59834	0.84858	0.55824	0.82133	0.080113	0.5623	0.72661	0.47023	69.414	-14.174	-18.15	-0.034705	14.28	-1.6479	-5.6994	-0.95388	-1.7571	-16.095	5.6108	-2.4216	-55.356	3.6564	-0.74874
-20.426	-86.538	565.63	0.58848	0.83181	0.014577	0.60421	0.81794	0.07297	0.5415	0.76833	0.0315	0.62322	0.73312	0.48019	0.49545	0.73848	0.47409	0.62632	0.91262	0.043533	0.55969	0.95941	0.070327	0.57052	0.60818	0.84925	0.55815	0.82325	0.07902	0.56273	0.73406	0.47044	68.861	-14.675	-17.949	-0.7619	16.552	-1.5663	-6.1527	-0.91352	-1.5251	-13.461	6.0669	-2.3946	-54.188	1.7229	-1.7032
-24.441	-100.09	623.26	0.5896	0.83561	0.014593	0.60427	0.81949	0.072293	0.54189	0.76864	0.031865	0.62379	0.74076	0.48044	0.496	0.74532	0.47417	0.62623	0.91355	0.041354	0.55924	0.96104	0.06685	0.57157	0.61793	0.85	0.55803	0.82489	0.07805	0.5632	0.74138	0.47073	68.373	-15.141	-17.739	-1.6924	18.87	-1.4311	-6.6211	-0.87197	-1.2912	-10.446	6.3974	-2.3083	-52.38	-0.47767	-2.7393
-28.338	-112.36	676.91	0.59061	0.83905	0.014608	0.60428	0.82079	0.071687	0.5422	0.76878	0.032257	0.62438	0.74822	0.48075	0.49657	0.7521	0.4744	0.62617	0.91422	0.039326	0.55885	0.96242	0.063556	0.57262	0.62756	0.85083	0.5579	0.8263	0.077209	0.56371	0.74857	0.47109	67.96	-15.567	-17.521	-2.7818	21.154	-1.2428	-7.0964	-0.83193	-1.0603	-7.1041	6.6137	-2.1628	-49.942	-2.8608	-3.8106
-32.002	-122.93	725.18	0.59152	0.84213	0.014621	0.60427	0.82188	0.071155	0.54245	0.76879	0.032667	0.62496	0.75545	0.48111	0.49713	0.75881	0.47475	0.62614	0.91469	0.037468	0.55852	0.9636	0.06048	0.57367	0.63706	0.85173	0.55776	0.82751	0.076498	0.56425	0.75559	0.47152	67.629	-15.949	-17.294	-3.981	23.331	-1.0119	-7.5707	-0.79597	-0.8369	-3.536	6.7103	-1.9651	-46.978	-5.369	-4.8978
-35.431	-131.46	767.27	0.59233	0.84486	0.014633	0.60423	0.82277	0.070699	0.54263	0.76871	0.033085	0.62554	0.76246	0.48151	0.4977	0.76542	0.47522	0.62615	0.91498	0.035796	0.55824	0.96458	0.057646	0.57472	0.64644	0.8527	0.55761	0.82855	0.075915	0.56482	0.76243	0.472	67.386	-16.282	-17.059	-5.2418	25.346	-0.75693	-8.0367	-0.7663	-0.62533	0.11832	6.6694	-1.7284	-43.681	-7.9736	-6.0034
-38.673	-137.74	802.86	0.59308	0.84724	0.014643	0.60416	0.82351	0.070319	0.54275	0.76857	0.033502	0.62611	0.76923	0.48194	0.49826	0.77192	0.47577	0.62619	0.91513	0.034317	0.55801	0.9654	0.055075	0.57575	0.65569	0.85373	0.55746	0.82944	0.075455	0.5654	0.76909	0.47252	67.233	-16.565	-16.818	-6.5183	27.164	-0.50121	-8.4875	-0.74456	-0.42954	3.7151	6.4703	-1.4686	-40.271	-10.669	-7.1414
-41.77	-141.74	831.79	0.59378	0.84929	0.014652	0.60407	0.8241	0.070011	0.54282	0.76838	0.033909	0.62667	0.77574	0.48239	0.49881	0.77829	0.4764	0.62626	0.91516	0.033034	0.55784	0.96607	0.052777	0.57676	0.6648	0.85481	0.5573	0.83019	0.07511	0.56599	0.77553	0.47306	67.17	-16.796	-16.571	-7.7696	28.759	-0.26409	-8.9166	-0.732	-0.25297	7.1492	6.1077	-1.1986	-36.888	-13.443	-8.3142
-44.728	-143.49	854.07	0.59444	0.85103	0.014661	0.60397	0.82456	0.069773	0.54285	0.76818	0.034299	0.62722	0.78199	0.48284	0.49935	0.7845	0.47707	0.62635	0.91511	0.031946	0.55771	0.96662	0.050758	0.57774	0.67377	0.85593	0.55714	0.83084	0.074871	0.56657	0.78175	0.47362	67.196	-16.974	-16.32	-8.9606	30.115	-0.059001	-9.3184	-0.72924	-0.098372	10.334	5.5954	-0.92888	-33.634	-16.261	-9.5036
-47.512	-143.1	869.81	0.59509	0.85249	0.014668	0.60386	0.82493	0.0696	0.54285	0.76797	0.034666	0.62774	0.78796	0.4833	0.49987	0.79055	0.47778	0.62646	0.91499	0.031046	0.55763	0.96705	0.049017	0.57869	0.6826	0.85709	0.55699	0.83138	0.074728	0.56715	0.78775	0.47418	67.307	-17.1	-16.067	-10.064	31.221	0.10685	-9.6877	-0.7362	0.032292	13.196	4.9656	-0.66755	-30.586	-19.058	-10.671
-50.052	-140.74	879.27	0.59571	0.85368	0.014675	0.60374	0.8252	0.069486	0.54281	0.76777	0.035005	0.62825	0.79366	0.48376	0.50036	0.79641	0.47851	0.6266	0.91482	0.030324	0.55758	0.96739	0.047546	0.5796	0.6913	0.85828	0.55683	0.83185	0.074668	0.5677	0.79351	0.47474	67.498	-17.177	-15.814	-11.062	32.077	0.2312	-10.02	-0.75236	0.13801	15.675	4.2651	-0.42256	-27.792	-21.749	-11.764
-52.268	-136.63	882.87	0.59631	0.85464	0.014681	0.60362	0.82539	0.069425	0.54274	0.76757	0.035313	0.62872	0.79908	0.4842	0.50083	0.80208	0.47923	0.62674	0.91463	0.029768	0.55757	0.96764	0.046333	0.58046	0.69987	0.8595	0.55668	0.83223	0.07468	0.56822	0.79902	0.47529	67.76	-17.206	-15.563	-11.948	32.687	0.31391	-10.311	-0.77671	0.21854	17.734	3.5433	-0.20248	-25.272	-24.243	-12.735
-54.09	-131.05	881.05	0.59689	0.85539	0.014686	0.60351	0.82551	0.06941	0.54266	0.7674	0.035586	0.62917	0.80423	0.48463	0.50127	0.80754	0.47993	0.62689	0.91441	0.029363	0.55759	0.96781	0.045361	0.58127	0.70832	0.86074	0.55654	0.83256	0.07475	0.5687	0.80429	0.47582	68.087	-17.19	-15.318	-12.725	33.061	0.35634	-10.557	-0.80789	0.27449	19.352	2.845	-0.015565	-23.025	-26.46	-13.544
-55.471	-124.27	874.33	0.59746	0.85598	0.014691	0.6034	0.82557	0.069433	0.54256	0.76724	0.035824	0.62958	0.80911	0.48503	0.50169	0.81278	0.48059	0.62705	0.91418	0.02909	0.55763	0.96793	0.044612	0.58203	0.71666	0.86198	0.5564	0.83282	0.074868	0.56915	0.80932	0.47633	68.469	-17.135	-15.081	-13.401	33.216	0.36159	-10.756	-0.84436	0.30745	20.521	2.2055	0.13173	-21.039	-28.338	-14.166
-56.391	-116.56	863.23	0.59801	0.85646	0.014695	0.60329	0.82559	0.069489	0.54246	0.76711	0.036026	0.62996	0.81373	0.4854	0.50207	0.81781	0.48122	0.62721	0.91395	0.028932	0.55769	0.96798	0.044062	0.58273	0.7249	0.86323	0.55627	0.83304	0.075021	0.56954	0.8141	0.4768	68.897	-17.044	-14.855	-13.996	33.174	0.33437	-10.907	-0.88436	0.31959	21.243	1.6501	0.23562	-19.292	-29.836	-14.588
-56.858	-108.2	848.31	0.59856	0.85686	0.0147	0.60318	0.82557	0.069569	0.54234	0.76699	0.036195	0.6303	0.8181	0.48575	0.50242	0.82261	0.48178	0.62737	0.91373	0.028872	0.55777	0.968	0.043689	0.58337	0.73304	0.86448	0.55615	0.83322	0.0752	0.56989	0.81865	0.47724	69.362	-16.923	-14.642	-14.53	32.961	0.28017	-11.007	-0.92615	0.31366	21.535	1.1936	0.29486	-17.762	-30.938	-14.811
-56.911	-99.452	830.18	0.59912	0.85725	0.014704	0.60309	0.82552	0.069669	0.54222	0.7669	0.036331	0.63061	0.82223	0.48605	0.50273	0.8272	0.48228	0.62752	0.91351	0.02889	0.55785	0.96798	0.043466	0.58395	0.7411	0.86572	0.55603	0.83336	0.075395	0.57018	0.82296	0.47763	69.853	-16.778	-14.445	-15.032	32.607	0.20468	-11.058	-0.96812	0.29283	21.421	0.84168	0.3106	-16.42	-31.652	-14.847
-56.607	-90.584	809.44	0.59971	0.85767	0.014708	0.603	0.82544	0.069782	0.54211	0.76682	0.036439	0.63087	0.82613	0.48633	0.50301	0.83157	0.48271	0.62767	0.91331	0.02897	0.55794	0.96793	0.043371	0.58447	0.74909	0.86694	0.55592	0.83347	0.075598	0.57042	0.82706	0.478	70.363	-16.612	-14.265	-15.529	32.145	0.11361	-11.059	-1.0089	0.26057	20.942	0.59301	0.28612	-15.229	-32.003	-14.72
-56.01	-81.835	786.72	0.60033	0.85818	0.014713	0.60291	0.82535	0.069904	0.54199	0.76676	0.036521	0.63109	0.82983	0.48656	0.50326	0.83574	0.48306	0.62781	0.91313	0.029096	0.55804	0.96786	0.043378	0.58493	0.75702	0.86815	0.55582	0.83356	0.075801	0.57059	0.83095	0.47831	70.882	-16.433	-14.102	-16.049	31.605	0.012823	-11.011	-1.0471	0.22036	20.146	0.44419	0.22634	-14.146	-32.028	-14.456
-55.177	-73.417	762.64	0.60101	0.85885	0.014719	0.60283	0.82525	0.07003	0.54187	0.76671	0.036582	0.63128	0.83333	0.48676	0.50346	0.83971	0.48334	0.62794	0.91296	0.029253	0.55814	0.96778	0.043466	0.58532	0.76489	0.86933	0.55573	0.83364	0.076	0.57072	0.83465	0.47859	71.405	-16.246	-13.958	-16.618	31.019	-0.09202	-10.917	-1.0819	0.17557	19.089	0.39202	0.13695	-13.128	-31.763	-14.08
-54.152	-65.501	737.82	0.60175	0.85971	0.014726	0.60276	0.82514	0.070157	0.54175	0.76667	0.036625	0.63142	0.83665	0.48692	0.50363	0.8435	0.48354	0.62805	0.91282	0.02943	0.55823	0.96769	0.043614	0.58565	0.77273	0.87047	0.55564	0.8337	0.07619	0.57078	0.83818	0.47884	71.923	-16.055	-13.832	-17.257	30.411	-0.19612	-10.78	-1.1126	0.12934	17.827	0.43483	0.023542	-12.136	-31.244	-13.615
-52.973	-58.201	712.85	0.60256	0.86081	0.014733	0.60269	0.82503	0.070282	0.54164	0.76665	0.036655	0.63153	0.83983	0.48704	0.50375	0.84712	0.48367	0.62816	0.91268	0.029614	0.55832	0.9676	0.043802	0.58593	0.78054	0.87158	0.55556	0.83376	0.076367	0.57079	0.84155	0.47904	72.433	-15.866	-13.722	-17.978	29.803	-0.29577	-10.602	-1.1389	0.084251	16.414	0.57125	-0.10867	-11.146	-30.501	-13.082
-51.668	-51.577	688.25	0.60342	0.86218	0.014742	0.60261	0.82493	0.070402	0.54153	0.76663	0.036675	0.63159	0.84286	0.48713	0.50385	0.85059	0.48373	0.62825	0.91257	0.029799	0.55841	0.96752	0.044015	0.58615	0.78833	0.87264	0.55549	0.83381	0.07653	0.57075	0.84478	0.47921	72.929	-15.682	-13.628	-18.789	29.213	-0.38831	-10.388	-1.1608	0.04241	14.892	0.79887	-0.25479	-10.152	-29.563	-12.496
-50.259	-45.635	664.45	0.60433	0.86384	0.014751	0.60254	0.82483	0.070517	0.54141	0.76663	0.036691	0.63162	0.84578	0.48719	0.5039	0.85392	0.48371	0.62833	0.91248	0.029975	0.55849	0.96744	0.044237	0.58632	0.7961	0.87365	0.55541	0.83387	0.076676	0.57065	0.84789	0.47934	73.408	-15.506	-13.548	-19.691	28.655	-0.47221	-10.141	-1.1784	0.005416	13.299	1.114	-0.4104	-9.1556	-28.458	-11.871
-48.766	-40.343	641.83	0.60529	0.86578	0.014762	0.60246	0.82475	0.070626	0.54129	0.76663	0.036704	0.63161	0.84861	0.48721	0.50392	0.85713	0.48364	0.62839	0.9124	0.030139	0.55856	0.96737	0.044459	0.58643	0.80387	0.8746	0.55534	0.83393	0.076806	0.57051	0.8509	0.47945	73.868	-15.343	-13.48	-20.679	28.14	-0.54731	-9.8674	-1.1922	-0.025845	11.661	1.5129	-0.57238	-8.1755	-27.208	-11.219
-47.208	-35.645	620.67	0.60629	0.86799	0.014773	0.60238	0.82468	0.070728	0.54117	0.76664	0.03672	0.63157	0.85136	0.4872	0.50391	0.86025	0.4835	0.62845	0.91234	0.030287	0.55863	0.96732	0.044669	0.58651	0.81163	0.87548	0.55528	0.834	0.07692	0.57032	0.85383	0.47952	74.309	-15.192	-13.421	-21.751	27.679	-0.61467	-9.5708	-1.2027	-0.051063	9.9965	1.9908	-0.73867	-7.2333	-25.835	-10.551
-45.608	-31.468	601.18	0.60731	0.87047	0.014785	0.60229	0.82464	0.070823	0.54105	0.76667	0.03674	0.6315	0.85405	0.48717	0.50386	0.86328	0.48331	0.62849	0.9123	0.030416	0.55869	0.96728	0.044862	0.58654	0.81939	0.8763	0.5552	0.83408	0.077019	0.57009	0.8567	0.47957	74.73	-15.057	-13.37	-22.902	27.281	-0.67598	-9.2567	-1.2106	-0.07043	8.3176	2.5412	-0.9077	-6.3515	-24.365	-9.8775
-43.995	-27.74	583.51	0.60835	0.8732	0.014798	0.60219	0.82461	0.070912	0.54091	0.7667	0.036767	0.6314	0.85671	0.48711	0.50379	0.86625	0.48308	0.62852	0.91227	0.030527	0.55874	0.96726	0.045032	0.58654	0.82716	0.87704	0.55513	0.83418	0.077103	0.56981	0.85954	0.4796	75.131	-14.938	-13.324	-24.131	26.953	-0.73282	-8.9301	-1.2167	-0.084619	6.6342	3.1549	-1.0777	-5.5478	-22.824	-9.2117
-42.407	-24.397	567.75	0.60942	0.87616	0.014812	0.60208	0.8246	0.070995	0.54076	0.76674	0.036803	0.63127	0.85934	0.48702	0.50369	0.86918	0.4828	0.62854	0.91225	0.030618	0.55879	0.96726	0.045176	0.5865	0.83494	0.8777	0.55505	0.83429	0.077175	0.5695	0.86235	0.47961	75.514	-14.835	-13.282	-25.436	26.702	-0.78674	-8.5961	-1.2219	-0.094772	4.9553	3.8208	-1.2469	-4.8301	-21.246	-8.5657
-40.887	-21.388	553.95	0.6105	0.87932	0.014826	0.60196	0.82462	0.071074	0.5406	0.7668	0.03685	0.63112	0.86197	0.48691	0.50357	0.87208	0.48248	0.62855	0.91224	0.030692	0.55883	0.96728	0.045292	0.58644	0.84272	0.87828	0.55496	0.83441	0.077236	0.56916	0.86516	0.4796	75.881	-14.749	-13.24	-26.821	26.536	-0.83876	-8.2596	-1.227	-0.1023	3.2897	4.526	-1.4132	-4.1962	-19.665	-7.9518
-39.48	-18.676	542.14	0.61161	0.88267	0.014841	0.60182	0.82466	0.071149	0.54043	0.76687	0.036909	0.63095	0.86461	0.48677	0.50343	0.87496	0.48212	0.62855	0.91224	0.03075	0.55886	0.96732	0.04538	0.58636	0.85051	0.87876	0.55486	0.83456	0.077289	0.56879	0.86799	0.47957	76.233	-14.678	-13.198	-28.292	26.459	-0.8891	-7.9251	-1.233	-0.10876	1.6473	5.2567	-1.5743	-3.6336	-18.118	-7.3808
-38.231	-16.236	532.32	0.61275	0.88619	0.014857	0.60167	0.82472	0.071222	0.54023	0.76695	0.036981	0.63076	0.86728	0.48662	0.50327	0.87786	0.48174	0.62854	0.91225	0.030794	0.55888	0.96738	0.045442	0.58626	0.85832	0.87916	0.55475	0.83471	0.077335	0.56838	0.87085	0.47952	76.573	-14.622	-13.155	-29.855	26.475	-0.93772	-7.597	-1.2407	-0.11577	0.039222	5.9981	-1.728	-3.1209	-16.644	-6.8623
-37.186	-14.047	524.46	0.61391	0.88985	0.014873	0.60149	0.8248	0.071293	0.54001	0.76704	0.037068	0.63056	0.86998	0.48644	0.50309	0.88076	0.48133	0.62852	0.91227	0.030826	0.55891	0.96746	0.045477	0.58615	0.86613	0.87945	0.55462	0.83489	0.077376	0.56796	0.87375	0.47946	76.904	-14.58	-13.108	-31.519	26.586	-0.98409	-7.2793	-1.2509	-0.12488	-1.5244	6.736	-1.8724	-2.6334	-15.279	-6.4029
-36.381	-12.092	518.52	0.61509	0.89365	0.014889	0.60129	0.8249	0.071365	0.53977	0.76715	0.037169	0.63034	0.87273	0.48625	0.5029	0.8837	0.4809	0.62849	0.91229	0.03085	0.55892	0.96755	0.045489	0.58603	0.87394	0.87964	0.55448	0.83508	0.077415	0.56751	0.8767	0.47939	77.228	-14.551	-13.059	-33.292	26.792	-1.0272	-6.9755	-1.2643	-0.1375	-3.0352	7.4575	-2.0057	-2.1456	-14.053	-6.006
-35.842	-10.355	514.45	0.61629	0.89756	0.014906	0.60107	0.82503	0.071438	0.53949	0.76728	0.037287	0.63012	0.87553	0.48604	0.5027	0.88668	0.48045	0.62845	0.91232	0.030868	0.55893	0.96766	0.045481	0.58591	0.88177	0.87973	0.55432	0.83529	0.077453	0.56703	0.87972	0.47929	77.548	-14.534	-13.005	-35.18	27.092	-1.0659	-6.6886	-1.2815	-0.15478	-4.4868	8.1532	-2.127	-1.6328	-12.989	-5.6714
-35.585	-8.8159	512.18	0.6175	0.90155	0.014923	0.60082	0.82517	0.071514	0.53919	0.76741	0.037421	0.62988	0.8784	0.48581	0.50249	0.88972	0.47998	0.6284	0.91235	0.030881	0.55894	0.96779	0.045454	0.58579	0.88959	0.87972	0.55415	0.83552	0.077493	0.56655	0.88282	0.47919	77.865	-14.526	-12.948	-37.188	27.481	-1.0991	-6.4211	-1.303	-0.17755	-5.8732	8.8153	-2.2362	-1.0724	-12.102	-5.3968
-35.614	-7.4555	511.64	0.61871	0.90559	0.01494	0.60055	0.82532	0.071595	0.53886	0.76756	0.037573	0.62964	0.88133	0.48556	0.50228	0.89281	0.4795	0.62834	0.91238	0.030894	0.55894	0.96793	0.045413	0.58567	0.89742	0.8796	0.55395	0.83576	0.077537	0.56604	0.88599	0.47907	78.182	-14.527	-12.887	-39.321	27.952	-1.1263	-6.1751	-1.3293	-0.20632	-7.1888	9.438	-2.3335	-0.4421	-11.402	-5.1781
-35.921	-6.2571	512.73	0.61989	0.90966	0.014957	0.60025	0.82549	0.071683	0.5385	0.76773	0.037744	0.6294	0.88434	0.4853	0.50206	0.89598	0.479	0.62826	0.91242	0.030906	0.55894	0.96807	0.04536	0.58556	0.90526	0.87938	0.55374	0.83601	0.077587	0.56553	0.88926	0.47893	78.501	-14.536	-12.823	-41.579	28.496	-1.147	-5.9523	-1.3605	-0.24121	-8.4279	10.018	-2.4201	0.27995	-10.89	-5.0096
-36.484	-5.203	515.39	0.62102	0.91372	0.014974	0.59992	0.82568	0.071778	0.5381	0.76791	0.037937	0.62915	0.88742	0.48502	0.50184	0.89922	0.47849	0.62818	0.91245	0.030921	0.55893	0.96823	0.045297	0.58545	0.91309	0.87906	0.55351	0.83629	0.077645	0.565	0.89261	0.47878	78.822	-14.55	-12.756	-43.962	29.102	-1.1609	-5.7538	-1.3968	-0.28192	-9.5844	10.555	-2.4972	1.1145	-10.556	-4.8841
-37.269	-4.2756	519.55	0.62207	0.91775	0.014991	0.59956	0.82588	0.071884	0.53768	0.7681	0.038152	0.6289	0.89059	0.48472	0.50161	0.90254	0.47797	0.62808	0.91248	0.030939	0.55892	0.9684	0.045228	0.58536	0.92092	0.87864	0.55327	0.83658	0.077714	0.56447	0.89606	0.47862	79.147	-14.568	-12.689	-46.469	29.755	-1.1678	-5.5804	-1.4384	-0.32778	-10.653	11.054	-2.5667	2.0807	-10.382	-4.7937
-38.232	-3.4528	525.12	0.62302	0.92172	0.015006	0.59918	0.82608	0.072003	0.53722	0.7683	0.038393	0.62865	0.89383	0.48442	0.50139	0.90595	0.47744	0.62798	0.91252	0.030961	0.5589	0.96857	0.045154	0.58527	0.92876	0.87812	0.553	0.83688	0.077796	0.56394	0.89961	0.47844	79.475	-14.588	-12.621	-49.097	30.443	-1.1677	-5.4323	-1.4852	-0.37782	-11.628	11.521	-2.6305	3.1935	-10.344	-4.7302
-39.327	-2.7027	532.07	0.62384	0.9256	0.015021	0.59877	0.8263	0.072136	0.53673	0.76851	0.038662	0.6284	0.89716	0.4841	0.50117	0.90945	0.4769	0.62786	0.91255	0.030989	0.55889	0.96875	0.045078	0.58521	0.93659	0.87751	0.55272	0.8372	0.077894	0.5634	0.90325	0.47824	79.809	-14.61	-12.555	-51.843	31.154	-1.1605	-5.3096	-1.537	-0.43065	-12.51	11.967	-2.6904	4.4584	-10.412	-4.686
-40.51	-1.9845	540.33	0.62451	0.92936	0.015034	0.59834	0.82653	0.072288	0.53621	0.76873	0.038964	0.62815	0.90057	0.48377	0.50095	0.91305	0.47636	0.62773	0.91258	0.031021	0.55886	0.96893	0.045001	0.58515	0.94443	0.87681	0.55243	0.83754	0.07801	0.56287	0.90699	0.47804	80.146	-14.631	-12.491	-54.702	31.876	-1.1469	-5.212	-1.5937	-0.4847	-13.302	12.399	-2.7488	5.8737	-10.558	-4.6557
-41.742	-1.248	549.88	0.62502	0.93298	0.015046	0.59788	0.82676	0.07246	0.53568	0.76895	0.039301	0.62791	0.90406	0.48343	0.50074	0.91675	0.47581	0.62759	0.91262	0.031058	0.55884	0.96912	0.044926	0.58511	0.95227	0.87603	0.55213	0.83788	0.078147	0.56233	0.91083	0.47783	80.486	-14.651	-12.432	-57.671	32.6	-1.1282	-5.139	-1.6551	-0.53822	-14.007	12.826	-2.8083	7.4319	-10.756	-4.6361
-42.994	-0.43331	560.7	0.62535	0.93643	0.015056	0.59741	0.827	0.072657	0.53512	0.76918	0.039678	0.62767	0.90763	0.48309	0.50054	0.92055	0.47525	0.62745	0.91265	0.0311	0.55881	0.96931	0.044852	0.58509	0.96012	0.87517	0.55183	0.83825	0.078309	0.56181	0.91477	0.4776	80.83	-14.667	-12.379	-60.743	33.317	-1.1064	-5.0898	-1.7209	-0.58925	-14.631	13.251	-2.8717	9.1196	-10.989	-4.6263
-44.25	0.52417	572.77	0.62551	0.93967	0.015065	0.59693	0.82724	0.072882	0.53455	0.76941	0.040101	0.62743	0.91129	0.48274	0.50034	0.92445	0.47468	0.6273	0.91268	0.031145	0.55878	0.9695	0.044782	0.58508	0.96797	0.87424	0.55152	0.83862	0.078499	0.56129	0.9188	0.47737	81.174	-14.677	-12.335	-63.91	34.021	-1.0834	-5.0637	-1.7908	-0.6358	-15.178	13.676	-2.9411	10.921	-11.245	-4.6268
-45.501	1.6921	586.06	0.62551	0.94268	0.015073	0.59644	0.82749	0.073139	0.53398	0.76963	0.040574	0.6272	0.91502	0.48239	0.50015	0.92846	0.47411	0.62714	0.91272	0.031191	0.55876	0.96969	0.044715	0.58508	0.97583	0.87324	0.55121	0.83902	0.078721	0.56078	0.92292	0.47712	81.519	-14.681	-12.3	-67.162	34.706	-1.061	-5.0597	-1.8647	-0.6758	-15.654	14.101	-3.0185	12.819	-11.518	-4.6391
-46.74	3.1372	600.52	0.62534	0.94544	0.015079	0.59595	0.82774	0.073433	0.53341	0.76985	0.041104	0.62698	0.91884	0.48204	0.49998	0.93258	0.47354	0.62697	0.91275	0.031238	0.55873	0.96988	0.044652	0.58509	0.98371	0.87219	0.55091	0.83942	0.078978	0.56029	0.92714	0.47687	81.862	-14.676	-12.277	-70.487	35.369	-1.0413	-5.0771	-1.9421	-0.70722	-16.06	14.526	-3.1055	14.799	-11.805	-4.6646
-47.963	4.9204	616.09	0.62504	0.94794	0.015083	0.59547	0.828	0.073768	0.53285	0.77006	0.041698	0.62677	0.92273	0.48169	0.49982	0.9368	0.47296	0.62681	0.91279	0.031283	0.5587	0.97007	0.044594	0.58511	0.99161	0.87108	0.55062	0.83984	0.079274	0.55981	0.93145	0.47662	82.202	-14.662	-12.267	-73.87	36.011	-1.0251	-5.115	-2.0231	-0.72828	-16.394	14.954	-3.2031	16.849	-12.096	-4.7037
-49.166	7.1007	632.68	0.62462	0.95017	0.015086	0.595	0.82826	0.074149	0.5323	0.77026	0.042362	0.62656	0.92672	0.48135	0.49967	0.94114	0.47237	0.62665	0.91283	0.031323	0.55867	0.97025	0.044539	0.58514	0.99954	0.86992	0.55035	0.84026	0.079614	0.55935	0.93585	0.47636	82.537	-14.636	-12.273	-77.291	36.63	-1.0132	-5.1725	-2.1075	-0.73726	-16.654	15.39	-3.3116	18.957	-12.382	-4.7563
-50.344	9.7351	650.15	0.62412	0.95212	0.015088	0.59456	0.82853	0.074581	0.53179	0.77045	0.043104	0.62638	0.93079	0.48101	0.49955	0.94559	0.47178	0.6265	0.91288	0.031358	0.55864	0.97044	0.044488	0.58517	1.0075	0.86873	0.5501	0.84071	0.080001	0.55891	0.94036	0.4761	82.864	-14.597	-12.296	-80.731	37.225	-1.0063	-5.2492	-2.195	-0.73261	-16.838	15.834	-3.4312	21.106	-12.658	-4.8224
-51.503	12.876	668.35	0.62355	0.9538	0.015089	0.59414	0.82881	0.075069	0.53132	0.77062	0.043932	0.6262	0.93495	0.48068	0.49944	0.95015	0.47119	0.62635	0.91293	0.031383	0.55862	0.97062	0.04444	0.5852	1.0155	0.8675	0.54988	0.84116	0.080442	0.55849	0.94495	0.47584	83.183	-14.544	-12.337	-84.169	37.793	-1.0058	-5.3445	-2.2856	-0.71314	-16.945	16.285	-3.5623	23.279	-12.923	-4.9023
-52.663	16.567	687.1	0.62294	0.95522	0.015088	0.59376	0.82909	0.07562	0.53089	0.77077	0.044854	0.62605	0.93921	0.48037	0.49936	0.95484	0.47058	0.62622	0.91298	0.031398	0.5586	0.97079	0.044393	0.58523	1.0235	0.86625	0.5497	0.84163	0.080939	0.5581	0.94965	0.47558	83.49	-14.475	-12.397	-87.582	38.331	-1.0127	-5.4582	-2.3793	-0.67806	-16.973	16.734	-3.7042	25.456	-13.189	-4.9961
-53.857	20.84	706.18	0.62231	0.95641	0.015088	0.59344	0.82939	0.076238	0.53052	0.77091	0.04588	0.62592	0.94357	0.48006	0.49931	0.95965	0.46997	0.6261	0.91304	0.031398	0.55858	0.97095	0.044346	0.58526	1.0316	0.86498	0.54955	0.84211	0.081498	0.55774	0.95446	0.47532	83.783	-14.39	-12.478	-90.949	38.834	-1.0276	-5.5905	-2.4758	-0.62682	-16.917	17.165	-3.8552	27.621	-13.48	-5.1031
-55.13	25.707	725.38	0.62169	0.95739	0.015086	0.59316	0.8297	0.07693	0.53022	0.77104	0.047019	0.6258	0.94803	0.47976	0.49928	0.96458	0.46936	0.626	0.9131	0.031383	0.55857	0.97111	0.044297	0.58527	1.0398	0.86369	0.54945	0.8426	0.082124	0.5574	0.95938	0.47505	84.061	-14.286	-12.582	-94.248	39.294	-1.0514	-5.7415	-2.5752	-0.55918	-16.771	17.556	-4.0123	29.764	-13.83	-5.2211
-56.531	31.165	744.48	0.62109	0.95818	0.015085	0.59295	0.83003	0.077702	0.52999	0.77115	0.048281	0.62572	0.95261	0.47948	0.49929	0.96965	0.46873	0.62591	0.91316	0.031351	0.55857	0.97126	0.044244	0.58526	1.048	0.8624	0.54941	0.84312	0.082822	0.5571	0.96441	0.47479	84.32	-14.163	-12.707	-97.462	39.702	-1.0838	-5.9122	-2.6774	-0.47547	-16.522	17.883	-4.1716	31.88	-14.279	-5.3457
-58.105	37.197	763.26	0.62053	0.95882	0.015083	0.5928	0.83037	0.07856	0.52983	0.77125	0.049677	0.62567	0.95732	0.47921	0.49934	0.97486	0.46809	0.62585	0.91322	0.031301	0.55857	0.97139	0.044184	0.58523	1.0563	0.8611	0.54942	0.84365	0.083596	0.55684	0.96957	0.47452	84.559	-14.021	-12.856	-100.57	40.047	-1.1243	-6.1034	-2.782	-0.37643	-16.157	18.121	-4.3279	33.971	-14.861	-5.4697
-59.888	43.772	781.49	0.62002	0.95933	0.015081	0.59273	0.83075	0.079511	0.52975	0.77135	0.051216	0.62564	0.96217	0.47895	0.49942	0.98023	0.46743	0.62581	0.91327	0.031234	0.55858	0.9715	0.044116	0.58518	1.0647	0.8598	0.54949	0.84422	0.084452	0.55661	0.97488	0.47424	84.774	-13.858	-13.028	-103.55	40.318	-1.171	-6.3168	-2.8888	-0.26315	-15.66	18.252	-4.4751	36.037	-15.604	-5.5834
-61.9	50.848	798.95	0.61957	0.95974	0.01508	0.59273	0.83115	0.080562	0.52976	0.77146	0.052911	0.62565	0.96715	0.47869	0.49955	0.98575	0.46675	0.6258	0.91331	0.031149	0.55859	0.97159	0.044036	0.58509	1.0731	0.8585	0.54963	0.84481	0.085395	0.55643	0.98032	0.47395	84.964	-13.674	-13.222	-106.39	40.501	-1.2209	-6.5542	-2.9974	-0.13719	-15.013	18.256	-4.6057	38.084	-16.529	-5.6744
-64.142	58.371	815.39	0.61917	0.96007	0.015078	0.59281	0.83159	0.08172	0.52984	0.7716	0.054773	0.62571	0.9723	0.47845	0.49973	0.99144	0.46605	0.62581	0.91335	0.03105	0.55861	0.97166	0.043942	0.58496	1.0817	0.85722	0.54984	0.84544	0.086429	0.5563	0.98594	0.47364	85.125	-13.468	-13.439	-109.05	40.581	-1.2698	-6.8179	-3.1074	-0.000603	-14.197	18.124	-4.7113	40.113	-17.638	-5.7283
-66.59	66.281	830.54	0.61883	0.96035	0.015077	0.59297	0.83208	0.082992	0.53001	0.77176	0.056815	0.6258	0.97762	0.4782	0.49996	0.99731	0.46532	0.62584	0.91336	0.030942	0.55864	0.9717	0.043831	0.58479	1.0903	0.85596	0.55011	0.84612	0.08756	0.55622	0.99172	0.47331	85.254	-13.242	-13.676	-111.51	40.537	-1.3131	-7.1106	-3.2178	0.14421	-13.195	17.849	-4.7838	42.12	-18.92	-5.7297
-69.19	74.515	844.1	0.61854	0.96059	0.015075	0.5932	0.83263	0.084385	0.53024	0.77198	0.059047	0.62595	0.98313	0.47795	0.50025	1.0034	0.46455	0.62589	0.91336	0.030829	0.55867	0.97171	0.043702	0.58456	1.0991	0.8547	0.55046	0.84685	0.088793	0.5562	0.99771	0.47296	85.348	-12.993	-13.933	-113.74	40.349	-1.3458	-7.4356	-3.3281	0.29458	-11.991	17.433	-4.8153	44.091	-20.345	-5.6641
-71.866	83.004	855.79	0.61828	0.9608	0.015074	0.59349	0.83325	0.085909	0.53054	0.77228	0.061484	0.62614	0.98885	0.47769	0.50059	1.0097	0.46374	0.62596	0.91334	0.030721	0.55871	0.97169	0.043552	0.58429	1.1079	0.85347	0.55087	0.84766	0.090134	0.55624	1.0039	0.47256	85.404	-12.724	-14.208	-115.69	39.995	-1.3627	-7.7966	-3.4372	0.44742	-10.572	16.887	-4.7992	46.002	-21.864	-5.5186
-74.52	91.676	865.28	0.61805	0.961	0.015074	0.59386	0.83394	0.087571	0.5309	0.77267	0.064138	0.62639	0.99478	0.47742	0.50101	1.0162	0.46288	0.62605	0.91328	0.030626	0.55875	0.97163	0.043381	0.58395	1.1169	0.85226	0.55135	0.84855	0.091587	0.55636	1.0103	0.47212	85.418	-12.433	-14.497	-117.31	39.455	-1.3591	-8.1978	-3.5441	0.59947	-8.9313	16.227	-4.7303	47.819	-23.414	-5.2835
-77.036	100.45	872.25	0.61782	0.96118	0.015073	0.59427	0.83474	0.08938	0.53129	0.77319	0.06702	0.62669	1.001	0.47714	0.5015	1.023	0.46196	0.62614	0.9132	0.030559	0.5588	0.97153	0.043189	0.58354	1.126	0.85107	0.55188	0.84955	0.093158	0.55656	1.017	0.47162	85.386	-12.123	-14.798	-118.55	38.712	-1.3303	-8.6434	-3.6476	0.74733	-7.0637	15.476	-4.6054	49.501	-24.922	-4.9529
-79.293	109.25	876.39	0.6176	0.96135	0.015072	0.59473	0.83565	0.091345	0.5317	0.77387	0.070143	0.62706	1.0074	0.47682	0.50206	1.03	0.46097	0.62624	0.91309	0.030534	0.55885	0.97139	0.042978	0.58306	1.1352	0.8499	0.55248	0.85066	0.094852	0.55684	1.0239	0.47104	85.305	-11.793	-15.108	-119.36	37.752	-1.2723	-9.1386	-3.7463	0.88748	-4.9695	14.663	-4.4232	50.998	-26.306	-4.5256
-81.168	117.96	877.39	0.61736	0.9615	0.015071	0.59522	0.83669	0.093476	0.53212	0.77474	0.073519	0.6275	1.0141	0.47647	0.50271	1.0374	0.45991	0.62634	0.91295	0.030568	0.55891	0.97122	0.04275	0.58251	1.1445	0.84876	0.55311	0.85191	0.096677	0.55722	1.0312	0.4704	85.17	-11.445	-15.423	-119.68	36.569	-1.1818	-9.6884	-3.8391	1.0166	-2.6532	13.818	-4.1849	52.262	-27.484	-4.0063
-82.545	126.47	874.96	0.61709	0.96164	0.015069	0.59573	0.8379	0.095781	0.53253	0.77584	0.077157	0.628	1.0211	0.47609	0.50344	1.0451	0.45876	0.62643	0.91279	0.030681	0.55897	0.97102	0.042509	0.58188	1.1539	0.84764	0.55378	0.85333	0.098638	0.55771	1.0387	0.46966	84.977	-11.081	-15.739	-119.45	35.161	-1.0572	-10.298	-3.9248	1.1315	-0.12393	12.973	-3.8942	53.243	-28.383	-3.4046
-83.322	134.65	868.82	0.61679	0.96177	0.015068	0.59623	0.83928	0.09827	0.5329	0.77721	0.081068	0.62857	1.0284	0.47565	0.50427	1.0531	0.45752	0.62651	0.91262	0.030895	0.55903	0.9708	0.042261	0.58117	1.1634	0.84655	0.55447	0.85494	0.10074	0.5583	1.0466	0.46881	84.72	-10.702	-16.051	-118.61	33.535	-0.89829	-10.973	-4.002	1.229	2.6044	12.156	-3.5575	53.897	-28.936	-2.7352
-83.411	142.34	858.73	0.61644	0.96187	0.015066	0.59673	0.84088	0.10095	0.53321	0.77888	0.085259	0.62921	1.036	0.47517	0.50519	1.0615	0.45618	0.62656	0.91243	0.031234	0.55911	0.97056	0.042016	0.58037	1.173	0.84548	0.55517	0.85676	0.10299	0.55901	1.0548	0.46786	84.396	-10.311	-16.355	-117.11	31.702	-0.70637	-11.72	-4.07	1.3066	5.511	11.395	-3.184	54.187	-29.09	-2.0176
-82.746	149.37	844.45	0.61603	0.96196	0.015064	0.59719	0.84271	0.10384	0.53345	0.7809	0.089735	0.62993	1.044	0.47462	0.50621	1.0702	0.45474	0.62659	0.91226	0.031722	0.55919	0.97034	0.041781	0.57948	1.1827	0.84444	0.55585	0.85882	0.1054	0.55985	1.0634	0.46679	83.999	-9.9108	-16.646	-114.9	29.686	-0.48474	-12.542	-4.1278	1.3624	8.5674	10.715	-2.7852	54.086	-28.806	-1.2747
-81.285	155.52	825.75	0.61557	0.96202	0.015061	0.5976	0.84481	0.10693	0.5336	0.78331	0.0945	0.63073	1.0524	0.47401	0.50734	1.0794	0.45319	0.62657	0.91212	0.032386	0.55928	0.97013	0.041571	0.57851	1.1925	0.84342	0.55651	0.86116	0.10797	0.56081	1.0724	0.46558	83.526	-9.5053	-16.92	-111.93	27.516	-0.2388	-13.445	-4.175	1.3947	11.736	10.135	-2.3758	53.575	-28.062	-0.53243
-79.01	160.57	802.45	0.61505	0.96206	0.015058	0.59794	0.84722	0.11024	0.53362	0.78616	0.099556	0.6316	1.0611	0.47334	0.50857	1.089	0.45152	0.62652	0.91204	0.033252	0.55937	0.96998	0.041397	0.57744	1.2023	0.84242	0.55711	0.86381	0.11071	0.56191	1.0818	0.46425	82.971	-9.0986	-17.171	-108.19	25.231	0.02476	-14.434	-4.2113	1.4028	14.964	9.6698	-1.9722	52.646	-26.856	0.18225
-75.929	164.28	774.38	0.61448	0.96209	0.015055	0.59821	0.84995	0.11377	0.53351	0.78947	0.1049	0.63253	1.0703	0.47259	0.50991	1.0991	0.44975	0.62642	0.91204	0.034345	0.55949	0.96991	0.041277	0.5763	1.2122	0.84146	0.55765	0.86679	0.11363	0.56314	1.0916	0.46277	82.332	-8.6955	-17.397	-103.64	22.873	0.29732	-15.513	-4.2371	1.3867	18.184	9.3252	-1.5919	51.301	-25.207	0.84287
-72.084	166.38	741.44	0.61384	0.96211	0.015051	0.59838	0.85306	0.11752	0.53324	0.7933	0.11052	0.63354	1.0798	0.47177	0.51135	1.1097	0.44786	0.62626	0.91216	0.03569	0.55961	0.96996	0.041226	0.57507	1.2221	0.84052	0.5581	0.87014	0.11673	0.56451	1.1019	0.46117	81.607	-8.302	-17.593	-98.287	20.492	0.56891	-16.683	-4.2531	1.3473	21.314	9.0979	-1.2526	49.559	-23.158	1.4255
-67.551	166.61	703.61	0.61316	0.96214	0.015047	0.59843	0.85657	0.1215	0.53281	0.79768	0.11642	0.63461	1.0898	0.47089	0.5129	1.1207	0.44587	0.62603	0.91244	0.03731	0.55975	0.97016	0.041262	0.57375	1.232	0.83961	0.55844	0.8739	0.12001	0.566	1.1126	0.45943	80.795	-7.924	-17.756	-92.158	18.137	0.82894	-17.948	-4.2605	1.286	24.26	8.9742	-0.96981	47.45	-20.776	1.911
-62.439	164.73	660.98	0.61243	0.96219	0.015043	0.59837	0.86052	0.12571	0.5322	0.80263	0.12257	0.63573	1.1003	0.46993	0.51454	1.1322	0.44378	0.62574	0.91294	0.039223	0.5599	0.97057	0.041405	0.57237	1.242	0.83873	0.55864	0.8781	0.12348	0.56763	1.1238	0.45757	79.897	-7.5685	-17.886	-85.309	15.86	1.0664	-19.307	-4.2611	1.2052	26.913	8.9286	-0.75506	45.024	-18.154	2.2879
-56.889	160.53	613.86	0.61168	0.9623	0.015039	0.59817	0.86495	0.13013	0.53141	0.8082	0.12896	0.63691	1.1112	0.46892	0.51628	1.1443	0.4416	0.62538	0.91369	0.041445	0.56007	0.97123	0.041673	0.57091	1.252	0.83789	0.5587	0.88278	0.12713	0.56937	1.1354	0.45559	78.917	-7.2425	-17.981	-77.833	13.706	1.2711	-20.759	-4.2572	1.1079	29.161	8.9261	-0.61404	42.343	-15.405	2.5532
-51.067	153.89	562.71	0.6109	0.9625	0.015035	0.59783	0.86988	0.13476	0.53043	0.8144	0.13556	0.63812	1.1226	0.46786	0.51809	1.1568	0.43936	0.62495	0.91477	0.043987	0.56025	0.9722	0.042084	0.56939	1.2619	0.83709	0.55858	0.88797	0.13098	0.57122	1.1475	0.45352	77.864	-6.9529	-18.042	-69.862	11.715	1.4346	-22.303	-4.2518	0.99776	30.887	8.9246	-0.54522	39.477	-12.655	2.713
-45.151	144.8	508.28	0.61012	0.96283	0.015031	0.59734	0.87535	0.1396	0.52926	0.82126	0.14236	0.63936	1.1344	0.46675	0.51998	1.1699	0.43707	0.62445	0.91622	0.046855	0.56045	0.97355	0.042655	0.56781	1.2718	0.83633	0.55829	0.89372	0.135	0.57317	1.16	0.45137	76.747	-6.7064	-18.072	-61.569	9.9141	1.5514	-23.932	-4.2479	0.8787	31.984	8.879	-0.53871	36.497	-10.028	2.7828
-39.318	133.42	451.57	0.60935	0.96334	0.015027	0.59671	0.88138	0.14462	0.52791	0.82877	0.14931	0.64062	1.1467	0.46561	0.52192	1.1834	0.43474	0.62387	0.91812	0.050047	0.56066	0.97533	0.043403	0.56618	1.2817	0.83562	0.5578	0.90004	0.13919	0.5752	1.173	0.44917	75.583	-6.5088	-18.075	-53.16	8.319	1.6187	-25.642	-4.2493	0.75513	32.362	8.7466	-0.57788	33.462	-7.6404	2.7819
-33.726	120.1	393.83	0.60862	0.96409	0.015025	0.59593	0.88801	0.1498	0.52638	0.83696	0.15637	0.64188	1.1595	0.46445	0.5239	1.1975	0.43242	0.62322	0.92053	0.053556	0.56088	0.97762	0.04434	0.56452	1.2915	0.83497	0.55711	0.90697	0.14355	0.57728	1.1865	0.44693	74.389	-6.3648	-18.055	-44.865	6.9314	1.635	-27.425	-4.2598	0.63143	31.955	8.4885	-0.64221	30.401	-5.5841	2.7287
-28.501	105.4	336.45	0.60792	0.9651	0.015023	0.59501	0.89526	0.15513	0.52468	0.84583	0.16352	0.64312	1.1727	0.4633	0.5259	1.212	0.43012	0.62249	0.92351	0.057368	0.5611	0.98047	0.045477	0.56283	1.3013	0.83439	0.55622	0.91454	0.14804	0.5794	1.2003	0.4447	73.187	-6.2774	-18.018	-36.92	5.7401	1.5982	-29.27	-4.2834	0.51162	30.73	8.0723	-0.70989	27.296	-3.9212	2.6337
-23.723	90.068	280.88	0.60728	0.9664	0.015023	0.59395	0.90314	0.16056	0.52283	0.85536	0.17071	0.64433	1.1863	0.46216	0.52791	1.227	0.42788	0.62169	0.92712	0.061461	0.56131	0.98397	0.04682	0.56112	1.311	0.83388	0.55514	0.92277	0.15265	0.58154	1.2146	0.44249	72.001	-6.2475	-17.971	-29.545	4.7239	1.5066	-31.166	-4.3239	0.39954	28.687	7.4745	-0.75946	24.075	-2.672	2.4931
-19.427	74.876	228.44	0.60667	0.96796	0.015023	0.59276	0.91166	0.16608	0.52085	0.86554	0.17788	0.6455	1.2004	0.46105	0.52988	1.2425	0.42573	0.62083	0.93144	0.065805	0.56152	0.98816	0.048372	0.55941	1.3206	0.83345	0.55387	0.93168	0.15737	0.58367	1.2292	0.44035	70.856	-6.2742	-17.92	-22.922	3.8547	1.3609	-33.101	-4.3849	0.2985	25.877	6.6877	-0.77224	20.668	-1.8145	2.296
-15.619	60.472	180.26	0.60608	0.96977	0.015024	0.59145	0.92085	0.17164	0.51875	0.87637	0.18499	0.64661	1.2148	0.46001	0.53182	1.2584	0.42371	0.61991	0.93653	0.070366	0.5617	0.99312	0.050132	0.55772	1.3301	0.83311	0.55242	0.94127	0.16215	0.58575	1.2442	0.4383	69.776	-6.3546	-17.869	-17.181	3.1006	1.1659	-35.062	-4.4691	0.21101	22.426	5.727	-0.73379	17.076	-1.2947	2.0342
-12.293	47.29	137.25	0.60549	0.97192	0.015026	0.59003	0.9307	0.17721	0.51656	0.88781	0.19198	0.64763	1.2297	0.45904	0.53367	1.2746	0.42184	0.61892	0.94243	0.075101	0.56186	0.9989	0.052092	0.55604	1.3396	0.83286	0.55082	0.95156	0.16696	0.58778	1.2595	0.43638	68.785	-6.484	-17.823	-12.404	2.4322	0.93061	-37.033	-4.5784	0.13896	18.575	4.6363	-0.63602	13.427	-1.0494	1.7182
-9.4298	35.599	100	0.60484	0.97459	0.015028	0.58852	0.94121	0.18274	0.5143	0.89985	0.19881	0.64856	1.2449	0.45817	0.53543	1.2912	0.42017	0.61788	0.9492	0.079961	0.56197	1.0056	0.05424	0.55439	1.3489	0.83273	0.54907	0.96253	0.17178	0.58971	1.2751	0.43462	67.902	-6.6565	-17.782	-8.5485	1.8271	0.67868	-39	-4.7142	0.08336	14.522	3.4931	-0.49429	9.9051	-0.95121	1.3652
-7.0021	25.54	68.746	0.60405	0.97823	0.015033	0.58694	0.95238	0.18818	0.51199	0.91245	0.20542	0.64938	1.2604	0.45743	0.53706	1.3081	0.41872	0.6168	0.95688	0.084894	0.56203	1.0131	0.056561	0.55279	1.3582	0.8327	0.54721	0.97418	0.17655	0.59152	1.291	0.43304	67.143	-6.8648	-17.749	-5.6008	1.2714	0.41654	-40.947	-4.8763	0.044474	10.556	2.3511	-0.31399	6.6564	-0.96364	1.0001
-4.9768	17.157	43.383	0.60287	0.98388	0.01504	0.58529	0.96421	0.1935	0.50966	0.92558	0.21176	0.65008	1.2763	0.45682	0.53855	1.3253	0.41753	0.61566	0.9655	0.089842	0.56203	1.0217	0.059033	0.55125	1.3674	0.83279	0.54526	0.9865	0.18125	0.5932	1.3072	0.43169	66.519	-7.1018	-17.721	-3.6237	0.76072	0.12427	-42.86	-5.0634	0.021819	7.0771	1.2185	-0.078959	3.7464	-1.1873	0.65199
-3.28	10.282	23.278	0.60055	0.99491	0.015053	0.58359	0.97667	0.19863	0.50734	0.93921	0.21777	0.65063	1.2923	0.45637	0.53985	1.3427	0.41663	0.6145	0.9751	0.094746	0.56195	1.0312	0.06163	0.54978	1.3764	0.83301	0.54325	0.99946	0.18584	0.59471	1.3235	0.43058	66.036	-7.36	-17.695	-1.6972	0.30264	-0.022819	-44.725	-5.2729	0.01431	3.2755	0.39879	0.017852	1.499	-0.78027	0.3039
0	0	0	NaN	NaN	NaN	0.58186	0.98976	0.20354	0.50504	0.9533	0.22341	0.65104	1.3087	0.4561	0.54096	1.3603	0.41603	0.61329	0.9857	0.099544	0.56179	1.0418	0.064322	0.54838	1.3854	0.83336	0.54119	1.013	0.19026	0.59603	1.34	0.42974	65.698	-7.632	-17.669	0.021251	0.000259	0.007553	-46.527	-5.5012	0.020318	0.034059	0.067171	-0.051533	0.29898	0.13482	0.043213
