3.5666	12.468	53.887	0.44382	0.74545	0.012833	0.49445	0.77069	0.10749	0.41597	0.73919	0.045871	0.5027	0.60967	0.50754	0.37295	0.61877	0.50453	0.52734	0.91191	0.14133	0.45111	0.95019	0.1772	0.4482	0.46062	0.86505	0.44174	0.7701	0.12738	0.43991	0.61543	0.50043	82.72	-3.9293	-12.642	0.52981	0.55122	-0.45137	-0.99526	-2.9164	-10.75	-13.24	1.3087	-1.0825	-26.152	2.4446	1.9418
4.7938	12.742	84.137	0.44475	0.76316	0.012951	0.49401	0.77965	0.10657	0.41599	0.74687	0.045338	0.50206	0.61994	0.50611	0.37224	0.62779	0.5025	0.52505	0.92139	0.13927	0.44823	0.95897	0.17453	0.44783	0.47197	0.86383	0.44094	0.77869	0.12536	0.43918	0.62503	0.49883	82.343	-4.0167	-12.603	0.7873	0.9454	-0.57475	-0.91765	-2.8896	-10.582	-17.732	2.1486	-1.416	-35.254	3.3659	2.61
6.1088	11.71	121.02	0.44527	0.77514	0.013031	0.49356	0.78753	0.1056	0.41599	0.75302	0.045083	0.50147	0.63042	0.50491	0.3716	0.63704	0.50071	0.52267	0.92994	0.13609	0.44522	0.96701	0.17037	0.44755	0.48346	0.86277	0.44008	0.78637	0.12312	0.4385	0.6349	0.49753	81.705	-4.1181	-12.487	1.3304	1.5021	-0.73049	-1.025	-2.8503	-10.44	-22.416	3.2407	-1.792	-45.163	4.4337	3.3475
7.4086	8.713	164.07	0.44561	0.78453	0.013094	0.49308	0.79446	0.10462	0.41596	0.75789	0.045118	0.50093	0.64106	0.50393	0.37103	0.64647	0.49916	0.52028	0.93767	0.13191	0.44214	0.97447	0.16488	0.44737	0.49506	0.86188	0.4392	0.79333	0.12075	0.43787	0.64499	0.49649	80.802	-4.2514	-12.287	2.1208	2.22	-0.88662	-1.2758	-2.8002	-10.307	-26.564	4.543	-2.1501	-54.534	5.5076	4.0691
8.5605	3.0381	212.32	0.44588	0.79272	0.013148	0.49258	0.80063	0.10366	0.41588	0.76174	0.045435	0.50044	0.65181	0.50314	0.37051	0.65607	0.49783	0.51792	0.9447	0.12691	0.43908	0.98144	0.15825	0.44728	0.50678	0.86119	0.4383	0.79975	0.11835	0.43729	0.65523	0.49568	79.655	-4.4379	-12.005	3.161	3.1001	-1.0317	-1.6307	-2.7401	-10.161	-29.812	5.9894	-2.4686	-62.759	6.5023	4.7391
9.4434	-5.7112	264.65	0.44613	0.80034	0.013199	0.49206	0.80617	0.10276	0.41577	0.76478	0.046009	0.5	0.66263	0.50255	0.37007	0.6658	0.49673	0.51565	0.9511	0.12128	0.43612	0.98799	0.15073	0.4473	0.51859	0.86069	0.43738	0.80577	0.11598	0.43675	0.66559	0.4951	78.306	-4.6988	-11.651	4.3821	4.128	-1.141	-2.0589	-2.6695	-9.9791	-31.722	7.4772	-2.7098	-69.003	7.2869	5.2894
9.9436	-17.401	320.57	0.44641	0.80763	0.013247	0.49153	0.8112	0.10192	0.41562	0.76723	0.046796	0.49961	0.6735	0.50215	0.36968	0.67565	0.49587	0.51349	0.95692	0.11523	0.43331	0.99414	0.14259	0.44741	0.53045	0.86041	0.43643	0.81151	0.11372	0.43626	0.67602	0.49471	76.818	-5.05	-11.245	5.7094	5.2961	-1.2047	-2.5433	-2.5885	-9.7392	-32.256	8.9061	-2.8695	-73.205	7.7663	5.6676
9.9296	-31.499	380.09	0.44678	0.81459	0.013294	0.491	0.81578	0.10116	0.41544	0.76923	0.047746	0.49927	0.68442	0.50194	0.36934	0.68561	0.49524	0.5115	0.9622	0.10895	0.43072	0.99987	0.13412	0.4476	0.54234	0.86034	0.43548	0.817	0.1116	0.43582	0.68652	0.49451	75.269	-5.4981	-10.818	7.073	6.6052	-1.2201	-3.082	-2.4983	-9.4279	-31.576	10.187	-2.9597	-75.723	7.8506	5.8171
9.2253	-47.403	443.04	0.44727	0.82121	0.013339	0.49049	0.81996	0.10047	0.41527	0.7709	0.048802	0.49897	0.69539	0.50192	0.36906	0.69567	0.49486	0.50969	0.96694	0.10263	0.42839	1.0052	0.12557	0.44787	0.55422	0.86048	0.43453	0.82221	0.10963	0.43544	0.69707	0.4945	73.743	-6.0389	-10.404	8.404	8.0572	-1.184	-3.684	-2.4024	-9.0419	-29.821	11.228	-2.9889	-76.906	7.4234	5.662
7.6245	-64.656	508.73	0.44792	0.8275	0.013382	0.49002	0.82378	0.09987	0.4151	0.77233	0.049914	0.4987	0.70643	0.5021	0.36881	0.70584	0.49474	0.50807	0.97115	0.096452	0.42635	1.01	0.11719	0.44821	0.56606	0.86081	0.43361	0.8271	0.10783	0.43511	0.70767	0.49466	72.321	-6.6576	-10.033	9.6271	9.6471	-1.0886	-4.3633	-2.306	-8.5906	-27.012	11.931	-2.95	-76.887	6.3432	5.1144
4.9758	-82.892	575.99	0.44872	0.8335	0.013423	0.48959	0.82724	0.099352	0.41495	0.77357	0.051032	0.49847	0.71754	0.50246	0.36859	0.71609	0.49488	0.50666	0.97485	0.09057	0.42459	1.0142	0.10922	0.4486	0.57783	0.86132	0.43276	0.83162	0.10621	0.43483	0.71833	0.49499	71.071	-7.3315	-9.722	10.656	11.359	-0.92214	-5.1305	-2.2147	-8.0939	-23.093	12.214	-2.8201	-75.617	4.4839	4.1045
1.2502	-101.64	643.55	0.44963	0.83923	0.013463	0.48919	0.83035	0.098923	0.41483	0.77465	0.052118	0.49825	0.7287	0.503	0.3684	0.7264	0.49527	0.50545	0.97803	0.085115	0.42312	1.018	0.10181	0.44903	0.58951	0.86199	0.43201	0.83573	0.10477	0.4346	0.72902	0.49548	70.04	-8.0349	-9.4731	11.399	13.17	-0.67577	-5.9858	-2.1324	-7.5775	-18.087	12.035	-2.5722	-73.146	1.7946	2.6201
-3.4588	-120.32	710.25	0.4506	0.84466	0.013502	0.48883	0.8331	0.098586	0.41472	0.7756	0.053138	0.49806	0.73986	0.50367	0.36823	0.73672	0.4959	0.50442	0.98074	0.080188	0.4219	1.0212	0.09508	0.44949	0.60109	0.8628	0.43137	0.8394	0.10352	0.43443	0.7397	0.49612	69.258	-8.743	-9.277	11.777	15.055	-0.34446	-6.9176	-2.0597	-7.0663	-12.117	11.401	-2.1809	-69.64	-1.6948	0.70761
-8.9589	-138.34	775.02	0.4516	0.84978	0.013538	0.48849	0.8355	0.098342	0.41464	0.77643	0.054068	0.49789	0.75094	0.50447	0.36808	0.74697	0.49673	0.50355	0.98299	0.075858	0.4209	1.0239	0.089124	0.44997	0.61254	0.86372	0.43083	0.84264	0.10248	0.4343	0.75032	0.49689	68.736	-9.4346	-9.1168	11.733	16.986	0.072515	-7.904	-1.9948	-6.5813	-5.3631	10.353	-1.6257	-65.296	-5.8856	-1.542
-14.997	-155.25	836.97	0.45256	0.85456	0.013572	0.48816	0.83756	0.098185	0.41458	0.77716	0.054894	0.49776	0.76184	0.50533	0.36796	0.75709	0.49772	0.50282	0.98481	0.072163	0.4201	1.0261	0.08398	0.45048	0.62387	0.86475	0.43038	0.84548	0.10163	0.43423	0.76079	0.49775	68.47	-10.092	-8.9733	11.236	18.938	0.57034	-8.9164	-1.9343	-6.1376	1.9762	8.9621	-0.89675	-60.283	-10.628	-4.0118
-21.289	-170.6	895.41	0.45346	0.85898	0.013604	0.48784	0.83929	0.098108	0.41453	0.77777	0.055607	0.49765	0.77245	0.50625	0.36787	0.76699	0.49883	0.50221	0.98625	0.069107	0.41946	1.0278	0.07965	0.451	0.63509	0.86585	0.43	0.84793	0.10098	0.4342	0.77104	0.49869	68.446	-10.702	-8.8289	10.289	20.879	1.135	-9.9239	-1.8758	-5.7457	9.6693	7.3212	-0.004939	-54.79	-15.735	-6.5738
-27.533	-184	949.77	0.45427	0.86303	0.013632	0.48752	0.84072	0.098102	0.4145	0.77829	0.056208	0.49757	0.78267	0.50716	0.36781	0.77658	0.49999	0.5017	0.98736	0.066666	0.41895	1.0292	0.076105	0.45153	0.64621	0.86702	0.42967	0.85003	0.10051	0.43421	0.78097	0.49964	68.643	-11.254	-8.671	8.9243	22.775	1.7474	-10.896	-1.818	-5.414	17.474	5.5413	1.02	-49.011	-20.991	-9.0933
-33.417	-195.07	999.54	0.45495	0.86665	0.013658	0.4872	0.84188	0.098156	0.41447	0.77872	0.0567	0.49753	0.79245	0.50805	0.36778	0.7858	0.50115	0.50127	0.98818	0.064788	0.41855	1.0302	0.073284	0.45206	0.65722	0.86825	0.42937	0.85181	0.10018	0.43424	0.79052	0.50058	69.029	-11.739	-8.4928	7.2049	24.585	2.3852	-11.806	-1.7606	-5.1505	25.149	3.7444	2.1319	-43.126	-26.162	-11.437
-38.659	-203.53	1044.1	0.45549	0.86986	0.013681	0.48688	0.84279	0.098259	0.41446	0.77906	0.057094	0.4975	0.80173	0.50888	0.36777	0.79458	0.50225	0.50091	0.98877	0.063405	0.41823	1.0309	0.071105	0.45258	0.66816	0.86954	0.42909	0.85332	0.099988	0.43428	0.79961	0.50146	69.571	-12.152	-8.2937	5.2099	26.264	3.0255	-12.63	-1.7035	-4.9632	32.471	2.0473	3.2735	-37.279	-31.011	-13.488
-43.043	-209.19	1082.8	0.45589	0.87264	0.0137	0.48656	0.84352	0.098397	0.41444	0.77934	0.057401	0.49748	0.81049	0.50964	0.36776	0.80288	0.50325	0.50061	0.98917	0.062433	0.41799	1.0314	0.069475	0.45309	0.67902	0.87088	0.42881	0.85458	0.099889	0.43432	0.80821	0.50225	70.229	-12.488	-8.0769	3.023	27.765	3.6477	-13.351	-1.6457	-4.8599	39.252	0.53783	4.3879	-31.537	-35.338	-15.164
-46.428	-212	1114.6	0.45616	0.87504	0.013716	0.48623	0.84407	0.098561	0.41443	0.77955	0.057637	0.49746	0.81874	0.5103	0.36775	0.81067	0.50413	0.50036	0.98942	0.061793	0.4178	1.0317	0.068294	0.45356	0.68981	0.87226	0.42852	0.85564	0.099861	0.43434	0.8163	0.50292	70.968	-12.75	-7.8481	0.73118	29.042	4.2352	-13.959	-1.5849	-4.8454	45.343	-0.73389	5.426	-25.902	-38.982	-16.418
-48.795	-211.99	1138.6	0.45632	0.87708	0.01373	0.48592	0.8445	0.09874	0.41442	0.77971	0.057814	0.49741	0.8265	0.51085	0.36773	0.81796	0.50485	0.50015	0.98958	0.061407	0.41765	1.0319	0.067472	0.45398	0.70052	0.87369	0.42822	0.85653	0.099885	0.43432	0.82389	0.50349	71.756	-12.938	-7.6144	-1.5804	30.052	4.7715	-14.449	-1.5184	-4.9194	50.622	-1.768	6.3507	-20.357	-41.863	-17.254
-50.263	-209.28	1153.9	0.45641	0.8788	0.013742	0.48562	0.84482	0.098926	0.41441	0.77983	0.057946	0.49734	0.8338	0.51131	0.36769	0.82474	0.50543	0.49998	0.98966	0.061209	0.41754	1.032	0.066926	0.45434	0.71114	0.87517	0.4279	0.85727	0.099945	0.43427	0.83097	0.50395	72.566	-13.06	-7.3836	-3.8352	30.769	5.2393	-14.821	-1.4446	-5.0746	54.994	-2.6079	7.1385	-14.898	-43.99	-17.719
-51.03	-204.1	1160	0.45647	0.88026	0.013752	0.48534	0.84507	0.099113	0.41441	0.77992	0.058046	0.49724	0.84066	0.51167	0.36763	0.83106	0.50587	0.49984	0.9897	0.061144	0.41746	1.0321	0.066589	0.45463	0.72168	0.87669	0.42757	0.8579	0.10003	0.43419	0.83759	0.50432	73.378	-13.123	-7.1631	-5.9741	31.185	5.6228	-15.083	-1.364	-5.2957	58.392	-3.3115	7.7774	-9.5618	-45.438	-17.889
-51.289	-196.79	1156.8	0.45654	0.88152	0.01376	0.48509	0.84525	0.099293	0.41441	0.77998	0.058124	0.49713	0.84711	0.51195	0.36755	0.83695	0.5062	0.49973	0.98971	0.061165	0.4174	1.0321	0.066403	0.45484	0.73211	0.87826	0.42725	0.85841	0.10014	0.43407	0.84376	0.50462	74.175	-13.133	-6.9593	-7.9591	31.313	5.9115	-15.243	-1.2795	-5.561	60.784	-3.915	8.2623	-4.4208	-46.296	-17.829
-51.204	-187.73	1145	0.45664	0.88262	0.013767	0.48487	0.8454	0.099464	0.41442	0.78002	0.058188	0.497	0.85315	0.51217	0.36746	0.84245	0.50644	0.49965	0.9897	0.061237	0.41736	1.0321	0.066321	0.45497	0.74242	0.87989	0.42695	0.85883	0.10028	0.43394	0.84951	0.50487	74.946	-13.1	-6.7772	-9.7706	31.185	6.0997	-15.31	-1.197	-5.8447	62.17	-4.4304	8.5921	0.4273	-46.654	-17.597
-50.904	-177.32	1125.4	0.4568	0.88361	0.013774	0.48468	0.8455	0.099623	0.41443	0.78006	0.058247	0.49687	0.85879	0.51233	0.36738	0.84762	0.50663	0.4996	0.98969	0.061334	0.41734	1.0321	0.066307	0.45501	0.7526	0.88157	0.42668	0.85917	0.10043	0.43379	0.85488	0.5051	75.68	-13.03	-6.62	-11.404	30.837	6.1862	-15.29	-1.1236	-6.1199	62.575	-4.8516	8.7693	4.8792	-46.6	-17.236
-50.478	-165.93	1098.9	0.45703	0.88454	0.013781	0.48452	0.84559	0.099768	0.41444	0.78008	0.058305	0.49676	0.86402	0.51246	0.3673	0.85249	0.50679	0.49957	0.98968	0.061436	0.41733	1.0321	0.066332	0.45498	0.76265	0.88329	0.42646	0.85943	0.1006	0.43366	0.85989	0.50532	76.37	-12.93	-6.4893	-12.87	30.312	6.1742	-15.191	-1.0663	-6.3613	62.052	-5.1625	8.7999	8.8492	-46.215	-16.778
-49.99	-153.94	1066.8	0.45735	0.88546	0.013788	0.48439	0.84566	0.099898	0.41446	0.7801	0.058367	0.49668	0.86885	0.51257	0.36723	0.85711	0.50696	0.49955	0.98968	0.06153	0.41733	1.0321	0.066375	0.45487	0.77256	0.88506	0.4263	0.85964	0.10078	0.43355	0.86455	0.50555	77.01	-12.806	-6.3848	-14.186	29.655	6.0706	-15.014	-1.031	-6.5485	60.678	-5.3477	8.6933	12.285	-45.569	-16.248
-49.473	-141.68	1030.3	0.45777	0.88642	0.013796	0.48429	0.84573	0.10001	0.41447	0.78012	0.058436	0.49662	0.87328	0.51266	0.36718	0.86149	0.50714	0.49956	0.98968	0.061609	0.41735	1.0321	0.066423	0.4547	0.78235	0.88687	0.4262	0.85981	0.10099	0.43346	0.86889	0.50579	77.595	-12.663	-6.3047	-15.379	28.904	5.8849	-14.763	-1.0205	-6.6683	58.551	-5.4004	8.4619	15.162	-44.715	-15.662
-48.943	-129.42	990.42	0.45828	0.88746	0.013804	0.48421	0.84579	0.10011	0.41449	0.78014	0.058514	0.49661	0.87733	0.51275	0.36714	0.86566	0.50733	0.49957	0.98969	0.061669	0.41736	1.0321	0.066464	0.45447	0.79202	0.88869	0.42616	0.85995	0.1012	0.43341	0.87292	0.50604	78.126	-12.503	-6.2461	-16.474	28.095	5.6287	-14.44	-1.0345	-6.7158	55.78	-5.3254	8.1199	17.48	-43.697	-15.03
-48.4	-117.41	948.37	0.4589	0.8886	0.013813	0.48415	0.84585	0.10021	0.41451	0.78017	0.058603	0.49663	0.88101	0.51284	0.36714	0.86963	0.50753	0.49959	0.98971	0.061707	0.41739	1.0321	0.066492	0.4542	0.80159	0.89053	0.42617	0.86007	0.10143	0.43338	0.87667	0.5063	78.6	-12.329	-6.2057	-17.501	27.258	5.3148	-14.046	-1.0698	-6.6941	52.482	-5.1364	7.6833	19.258	-42.542	-14.36
-47.83	-105.83	905.15	0.45963	0.88991	0.013824	0.4841	0.84591	0.10029	0.41452	0.7802	0.058703	0.49668	0.88435	0.51293	0.36715	0.87342	0.50772	0.49962	0.98974	0.061724	0.41742	1.0321	0.066504	0.45388	0.81106	0.89235	0.42623	0.86019	0.10166	0.43338	0.88014	0.50658	79.021	-12.142	-6.1799	-18.489	26.416	4.9572	-13.583	-1.1211	-6.6135	48.774	-4.8519	7.1695	20.531	-41.265	-13.657
-47.213	-94.831	861.71	0.46044	0.89141	0.013836	0.48407	0.84598	0.10036	0.41453	0.78024	0.058813	0.49677	0.88738	0.51303	0.36718	0.87701	0.50791	0.49965	0.98977	0.061722	0.41745	1.0321	0.066497	0.45354	0.82046	0.89414	0.42633	0.8603	0.10189	0.4334	0.88336	0.50688	79.392	-11.943	-6.1654	-19.464	25.59	4.5701	-13.058	-1.1815	-6.4888	44.772	-4.4895	6.5959	21.342	-39.874	-12.922
-46.521	-84.508	818.89	0.46135	0.89314	0.01385	0.48403	0.84606	0.10043	0.41453	0.78029	0.058934	0.49687	0.89015	0.51314	0.36723	0.88041	0.50806	0.49968	0.98982	0.061701	0.41748	1.0322	0.06647	0.45317	0.82978	0.89589	0.42647	0.86042	0.10214	0.43343	0.88635	0.50718	79.716	-11.733	-6.1592	-20.451	24.794	4.1673	-12.474	-1.2445	-6.337	40.58	-4.0627	5.9805	21.739	-38.372	-12.159
-45.732	-74.924	777.48	0.46234	0.89514	0.013866	0.48401	0.84614	0.1005	0.41453	0.78034	0.059065	0.49699	0.89268	0.51326	0.3673	0.88361	0.50817	0.49971	0.98987	0.061665	0.41752	1.0322	0.066423	0.45279	0.83905	0.89757	0.42663	0.86054	0.1024	0.43347	0.88913	0.50749	79.999	-11.514	-6.1587	-21.472	24.041	3.761	-11.838	-1.3039	-6.1747	36.292	-3.5808	5.3406	21.771	-36.763	-11.371
-44.836	-66.112	738.14	0.46339	0.89743	0.013884	0.48398	0.84624	0.10057	0.41453	0.78041	0.059206	0.49711	0.89502	0.51339	0.36738	0.88662	0.50824	0.49973	0.98993	0.061615	0.41755	1.0323	0.066356	0.45238	0.84826	0.89916	0.4268	0.86066	0.10266	0.4335	0.89172	0.50781	80.246	-11.286	-6.1617	-22.549	23.343	3.3613	-11.158	-1.3547	-6.017	31.991	-3.0509	4.6928	21.497	-35.056	-10.566
-43.844	-58.085	701.41	0.4645	0.90003	0.013904	0.48394	0.84635	0.10063	0.41452	0.78048	0.059354	0.49724	0.89721	0.51353	0.36747	0.88945	0.50827	0.49975	0.99	0.061553	0.41759	1.0324	0.066268	0.45197	0.85744	0.90066	0.427	0.86079	0.10294	0.43353	0.89415	0.50813	80.462	-11.053	-6.1667	-23.702	22.708	2.975	-10.442	-1.3935	-5.8763	27.745	-2.4804	4.0518	20.976	-33.276	-9.7591
-42.789	-50.834	667.75	0.46565	0.90297	0.013926	0.48391	0.84647	0.10071	0.4145	0.78057	0.059511	0.49736	0.89928	0.51368	0.36757	0.89211	0.50826	0.49977	0.99008	0.06148	0.41762	1.0325	0.066162	0.45155	0.86659	0.90204	0.42719	0.86093	0.10323	0.43355	0.89645	0.50846	80.652	-10.817	-6.1724	-24.946	22.146	2.6064	-9.6989	-1.4182	-5.7623	23.607	-1.8794	3.4307	20.269	-31.457	-8.9677
-41.72	-44.332	637.45	0.46684	0.90626	0.013951	0.48386	0.8466	0.10078	0.41448	0.78066	0.059675	0.49748	0.90127	0.51384	0.36767	0.8946	0.50822	0.49978	0.99017	0.061398	0.41765	1.0326	0.066037	0.45111	0.8757	0.90329	0.42738	0.86107	0.10353	0.43356	0.89864	0.50878	80.821	-10.581	-6.1782	-26.298	21.665	2.258	-8.9375	-1.4279	-5.6816	19.616	-1.2609	2.8406	19.436	-29.644	-8.212
-40.695	-38.539	610.74	0.46805	0.90988	0.013978	0.48382	0.84675	0.10087	0.41445	0.78077	0.059846	0.49759	0.90322	0.514	0.36777	0.89696	0.50815	0.49979	0.99027	0.061309	0.41769	1.0327	0.065895	0.45066	0.88479	0.90442	0.42757	0.86123	0.10385	0.43357	0.90076	0.50911	80.975	-10.35	-6.1837	-27.77	21.268	1.9307	-8.1676	-1.4229	-5.6384	15.8	-0.63952	2.2899	18.535	-27.888	-7.5103
-39.771	-33.405	587.7	0.46928	0.91382	0.014008	0.48377	0.84691	0.10096	0.41441	0.78088	0.060025	0.49769	0.90517	0.51416	0.36786	0.89921	0.50806	0.4998	0.99038	0.061213	0.41772	1.0328	0.065737	0.45021	0.89384	0.9054	0.42775	0.86139	0.10417	0.43356	0.90285	0.50943	81.118	-10.127	-6.1886	-29.369	20.959	1.6234	-7.3986	-1.4046	-5.635	12.179	-0.029074	1.7829	17.62	-26.236	-6.8772
-38.998	-28.871	568.36	0.4705	0.91804	0.014039	0.48371	0.84708	0.10105	0.41437	0.781	0.06021	0.49778	0.90714	0.51432	0.36796	0.90138	0.50795	0.4998	0.9905	0.06111	0.41776	1.033	0.065567	0.44975	0.90285	0.90624	0.42791	0.86157	0.10451	0.43354	0.90493	0.50975	81.256	-9.9161	-6.1928	-31.104	20.736	1.3333	-6.6398	-1.3752	-5.6725	8.763	0.55942	1.3202	16.743	-24.73	-6.3237
-38.413	-24.873	552.67	0.4717	0.92249	0.014071	0.48364	0.84726	0.10115	0.41433	0.78113	0.060401	0.49785	0.90919	0.51446	0.36805	0.90351	0.50784	0.4998	0.99062	0.061003	0.41779	1.0331	0.065384	0.44929	0.91184	0.90693	0.42806	0.86177	0.10485	0.43352	0.90704	0.51005	81.393	-9.7188	-6.1959	-32.978	20.6	1.0573	-5.9004	-1.3377	-5.7509	5.5602	1.1192	0.89924	15.951	-23.399	-5.8564
-38.041	-21.35	540.57	0.47286	0.92711	0.014105	0.48356	0.84746	0.10126	0.41427	0.78126	0.060596	0.49792	0.91133	0.51458	0.36812	0.90562	0.50772	0.4998	0.99076	0.060891	0.41783	1.0333	0.065193	0.44883	0.92078	0.90747	0.4282	0.86199	0.1052	0.43348	0.90921	0.51033	81.536	-9.5364	-6.1978	-34.998	20.548	0.79251	-5.1893	-1.2957	-5.8688	2.5739	1.648	0.51601	15.285	-22.264	-5.4766
-37.89	-18.242	531.96	0.47395	0.93183	0.014139	0.48347	0.84767	0.10138	0.4142	0.7814	0.060793	0.49796	0.9136	0.51468	0.36818	0.90778	0.5076	0.4998	0.9909	0.060777	0.41787	1.0335	0.064995	0.44837	0.92969	0.90785	0.42831	0.86223	0.10554	0.43344	0.91149	0.5106	81.689	-9.3694	-6.198	-37.169	20.576	0.53639	-4.5146	-1.2527	-6.0226	-0.19457	2.148	0.16521	14.788	-21.332	-5.181
-37.955	-15.497	526.76	0.47494	0.93658	0.014173	0.48336	0.84788	0.1015	0.41413	0.78153	0.060992	0.49799	0.91603	0.51475	0.36823	0.91001	0.50749	0.4998	0.99104	0.060661	0.41791	1.0337	0.064792	0.44792	0.93856	0.90808	0.4284	0.86249	0.10589	0.43337	0.9139	0.51084	81.856	-9.2175	-6.1964	-39.498	20.68	0.28743	-3.8836	-1.2121	-6.2061	-2.7426	2.6254	-0.15846	14.501	-20.6	-4.9619
-38.216	-13.069	524.87	0.47581	0.94129	0.014206	0.48323	0.84812	0.10164	0.41403	0.78167	0.061192	0.49798	0.91864	0.51479	0.36824	0.91237	0.50738	0.4998	0.99119	0.060546	0.41796	1.0339	0.064587	0.44748	0.94741	0.90814	0.42846	0.86279	0.10624	0.43329	0.91648	0.51105	82.043	-9.0804	-6.1924	-41.993	20.856	0.045105	-3.3025	-1.1768	-6.4108	-5.0661	3.0885	-0.45969	14.47	-20.055	-4.8088
-38.651	-10.921	526.24	0.47654	0.94589	0.014238	0.48308	0.84836	0.10178	0.41393	0.78181	0.061393	0.49795	0.92145	0.51479	0.36823	0.91491	0.50726	0.4998	0.99134	0.060434	0.41801	1.0341	0.064383	0.44705	0.95624	0.90804	0.4285	0.86312	0.10658	0.43319	0.91925	0.51123	82.251	-8.9572	-6.1858	-44.662	21.1	-0.1902	-2.7764	-1.149	-6.6258	-7.1589	3.5465	-0.7422	14.742	-19.683	-4.7102
-39.236	-9.0159	530.8	0.47711	0.95032	0.014269	0.4829	0.84862	0.10194	0.41381	0.78195	0.061598	0.4979	0.92448	0.51474	0.3682	0.91766	0.50714	0.49981	0.9915	0.060327	0.41806	1.0344	0.06418	0.44665	0.96506	0.90777	0.42852	0.86348	0.10692	0.43306	0.92224	0.51135	82.484	-8.8461	-6.1763	-47.516	21.409	-0.41769	-2.3092	-1.1301	-6.8396	-9.0135	4.0071	-1.0088	15.363	-19.464	-4.6548
-39.949	-7.3146	538.49	0.4775	0.95454	0.014298	0.48269	0.84888	0.10211	0.41369	0.7821	0.061814	0.49781	0.92772	0.51465	0.36812	0.92065	0.507	0.49983	0.99165	0.060225	0.41812	1.0346	0.06398	0.44628	0.97387	0.90734	0.4285	0.86388	0.10725	0.43292	0.92546	0.51142	82.743	-8.7445	-6.1636	-50.561	21.778	-0.63702	-1.9033	-1.1203	-7.0411	-10.621	4.4751	-1.262	16.378	-19.383	-4.6332
-40.773	-5.7669	549.21	0.47773	0.95848	0.014324	0.48244	0.84916	0.1023	0.41356	0.78225	0.062047	0.49769	0.93118	0.5145	0.36802	0.92392	0.50684	0.49984	0.99181	0.06013	0.41818	1.0348	0.063784	0.44594	0.98269	0.90674	0.42846	0.86431	0.10758	0.43275	0.92893	0.51144	83.027	-8.6491	-6.1476	-53.799	22.202	-0.84834	-1.5595	-1.1194	-7.2208	-11.975	4.9532	-1.5038	17.817	-19.426	-4.6381
-41.696	-4.3084	562.83	0.47779	0.96212	0.014348	0.48217	0.84945	0.10251	0.41343	0.78241	0.062302	0.49755	0.93486	0.51431	0.36789	0.92748	0.50664	0.49986	0.99196	0.060042	0.41825	1.0351	0.063593	0.44563	0.99151	0.90598	0.42838	0.86478	0.1079	0.43256	0.93264	0.51139	83.336	-8.5559	-6.1287	-57.23	22.677	-1.0522	-1.2768	-1.1265	-7.3715	-13.075	5.4426	-1.7362	19.697	-19.58	-4.6642
-42.705	-2.8576	579.19	0.47772	0.96543	0.01437	0.48186	0.84974	0.10274	0.4133	0.78259	0.062587	0.49739	0.93875	0.51406	0.36773	0.93132	0.50641	0.49988	0.99212	0.05996	0.41831	1.0353	0.063405	0.44536	1.0003	0.90507	0.42827	0.8653	0.10822	0.43236	0.93659	0.51127	83.667	-8.4617	-6.1072	-60.847	23.197	-1.2497	-1.0525	-1.1404	-7.4882	-13.924	5.9442	-1.9611	22.015	-19.834	-4.708
-43.792	-1.3163	598.07	0.47753	0.9684	0.014389	0.48152	0.85006	0.103	0.41318	0.78278	0.062907	0.49722	0.94282	0.51377	0.36755	0.93546	0.50613	0.49989	0.99226	0.059882	0.41838	1.0356	0.063221	0.44513	1.0092	0.90402	0.42813	0.86585	0.10855	0.43215	0.94078	0.51109	84.019	-8.3636	-6.0841	-64.64	23.754	-1.4436	-0.88228	-1.1595	-7.5692	-14.538	6.4577	-2.1816	24.752	-20.176	-4.7695
-44.957	0.4307	619.25	0.47724	0.97103	0.014405	0.48115	0.85039	0.10329	0.41304	0.78299	0.063269	0.49704	0.94707	0.51343	0.36736	0.93987	0.5058	0.4999	0.99241	0.059808	0.41845	1.0358	0.063041	0.44495	1.0181	0.90283	0.42797	0.86643	0.10888	0.43193	0.94518	0.51084	84.389	-8.2587	-6.0615	-68.592	24.341	-1.6378	-0.76098	-1.1823	-7.615	-14.936	6.9809	-2.4015	27.863	-20.599	-4.8511
-46.207	2.5113	642.41	0.47689	0.97334	0.014419	0.48077	0.85074	0.10361	0.41291	0.78321	0.063681	0.49685	0.95147	0.51306	0.36716	0.94453	0.50541	0.49991	0.99255	0.059737	0.41852	1.036	0.062865	0.4448	1.027	0.90153	0.42778	0.86706	0.10922	0.43171	0.94978	0.51054	84.772	-8.145	-6.0416	-72.683	24.947	-1.8374	-0.68298	-1.2071	-7.6286	-15.149	7.5089	-2.6256	31.289	-21.1	-4.9578
-47.565	5.0526	667.26	0.4765	0.97532	0.014431	0.48038	0.85112	0.10398	0.41278	0.78346	0.064153	0.49666	0.95601	0.51265	0.36695	0.94942	0.50498	0.49992	0.99268	0.059669	0.41858	1.0362	0.062694	0.4447	1.0359	0.90012	0.42757	0.86771	0.10958	0.43148	0.95456	0.51018	85.166	-8.0209	-6.0271	-76.886	25.564	-2.0476	-0.64299	-1.2325	-7.6151	-15.208	8.0321	-2.8589	34.957	-21.685	-5.0964
-49.063	8.1699	693.46	0.47609	0.97702	0.014441	0.47999	0.85152	0.10439	0.41264	0.78372	0.064692	0.49648	0.96068	0.51222	0.36676	0.95451	0.50449	0.49993	0.99281	0.059607	0.41865	1.0364	0.06253	0.44463	1.0449	0.89862	0.42736	0.86839	0.10995	0.43127	0.95951	0.50979	85.567	-7.8859	-6.0202	-81.176	26.184	-2.2726	-0.63645	-1.2573	-7.5804	-15.144	8.5359	-3.1051	38.793	-22.369	-5.2732
-50.748	11.955	720.7	0.47569	0.97846	0.014449	0.47962	0.85197	0.10484	0.41252	0.78401	0.065308	0.49631	0.96547	0.51176	0.36657	0.95978	0.50395	0.49993	0.99294	0.059553	0.41871	1.0366	0.062373	0.44458	1.0538	0.89705	0.42714	0.86909	0.11036	0.43106	0.96461	0.50935	85.974	-7.7402	-6.0232	-85.526	26.799	-2.5136	-0.66009	-1.2805	-7.5309	-14.982	9.0002	-3.3657	42.728	-23.177	-5.4915
-52.668	16.461	748.67	0.47533	0.97968	0.014456	0.47927	0.85245	0.10535	0.41241	0.78431	0.066007	0.49615	0.97038	0.51129	0.3664	0.9652	0.50337	0.49993	0.99307	0.059509	0.41877	1.0368	0.062224	0.44455	1.0629	0.89542	0.42693	0.86981	0.1108	0.43086	0.96984	0.50888	86.383	-7.5852	-6.0384	-89.915	27.402	-2.7697	-0.71185	-1.3017	-7.472	-14.74	9.402	-3.6397	46.71	-24.14	-5.751
-54.869	21.71	777.08	0.475	0.98072	0.014462	0.47896	0.85298	0.1059	0.41231	0.78465	0.066798	0.496	0.9754	0.5108	0.36623	0.97076	0.50274	0.49993	0.9932	0.059479	0.41882	1.037	0.062083	0.44453	1.0719	0.89375	0.42673	0.87055	0.11129	0.43067	0.97521	0.50839	86.793	-7.4225	-6.0679	-94.324	27.987	-3.0382	-0.7907	-1.3207	-7.408	-14.424	9.7195	-3.9241	50.704	-25.285	-6.0471
-57.373	27.693	805.66	0.47473	0.98162	0.014467	0.4787	0.85357	0.10651	0.41223	0.78501	0.067687	0.49586	0.98054	0.51031	0.36608	0.97645	0.50208	0.49993	0.99333	0.059462	0.41888	1.0372	0.061952	0.44451	1.081	0.89206	0.42656	0.8713	0.11181	0.43049	0.98071	0.50787	87.202	-7.2541	-6.1138	-98.732	28.548	-3.3147	-0.89642	-1.3378	-7.3413	-14.028	9.9374	-4.214	54.69	-26.625	-6.3708
-60.18	34.378	834.12	0.47451	0.98242	0.014472	0.47849	0.8542	0.10717	0.41216	0.7854	0.068681	0.49572	0.98579	0.5098	0.36593	0.98228	0.5014	0.49992	0.99345	0.059457	0.41892	1.0374	0.06183	0.44446	1.0901	0.89035	0.42641	0.87208	0.1124	0.43031	0.98635	0.50734	87.609	-7.082	-6.1776	-103.12	29.076	-3.5938	-1.0295	-1.3539	-7.2725	-13.54	10.047	-4.5032	58.661	-28.16	-6.7098
-63.256	41.719	862.18	0.47433	0.98315	0.014476	0.47833	0.8549	0.10788	0.41213	0.78583	0.069788	0.49557	0.99118	0.50927	0.36579	0.98824	0.50068	0.49991	0.99357	0.059464	0.41897	1.0376	0.061717	0.44438	1.0992	0.88864	0.42628	0.8729	0.11304	0.43014	0.99212	0.50679	88.012	-6.9072	-6.26	-107.46	29.558	-3.869	-1.1907	-1.3701	-7.2008	-12.937	10.049	-4.7845	62.617	-29.865	-7.05
-66.54	49.661	889.56	0.47418	0.98384	0.01448	0.47822	0.85567	0.10865	0.41211	0.78629	0.071015	0.49541	0.99671	0.50874	0.36563	0.99435	0.49995	0.49989	0.99368	0.059477	0.41902	1.0378	0.061613	0.44426	1.1083	0.88692	0.42618	0.87375	0.11375	0.42996	0.99804	0.50622	88.41	-6.7298	-6.3614	-111.73	29.978	-4.1334	-1.381	-1.3879	-7.1248	-12.197	9.9556	-5.0501	66.557	-31.696	-7.3769
-69.94	58.146	915.93	0.47406	0.98451	0.014484	0.47816	0.85651	0.10949	0.41212	0.7868	0.072371	0.49524	1.0024	0.5082	0.36546	1.0006	0.49921	0.49985	0.99379	0.059495	0.41906	1.0379	0.061519	0.44409	1.1176	0.88521	0.42612	0.87466	0.11454	0.42977	1.0041	0.50564	88.801	-6.5483	-6.4819	-115.89	30.316	-4.3796	-1.6017	-1.4092	-7.0426	-11.297	9.7863	-5.2925	70.475	-33.589	-7.6762
-73.344	67.115	940.95	0.47393	0.98517	0.014488	0.47815	0.85743	0.11039	0.41216	0.78736	0.073867	0.49504	1.0082	0.50765	0.36527	1.0071	0.49844	0.4998	0.99388	0.059514	0.41911	1.0381	0.061433	0.44385	1.1268	0.88352	0.4261	0.87563	0.11541	0.42958	1.0104	0.50504	89.183	-6.3601	-6.622	-119.89	30.544	-4.6	-1.854	-1.4358	-6.9521	-10.216	9.5704	-5.5043	74.356	-35.46	-7.9339
-76.628	76.515	964.21	0.47379	0.98583	0.014492	0.47818	0.85843	0.11137	0.41222	0.78797	0.075511	0.49481	1.0142	0.50709	0.36506	1.0137	0.49765	0.49972	0.99396	0.059529	0.41915	1.0383	0.061356	0.44355	1.1362	0.88184	0.42611	0.87668	0.11638	0.42936	1.0168	0.50441	89.556	-6.1617	-6.7825	-123.7	30.636	-4.7876	-2.1389	-1.469	-6.8508	-8.9416	9.341	-5.6796	78.168	-37.215	-8.1375
-79.662	86.294	985.29	0.47362	0.98649	0.014496	0.47826	0.85953	0.11242	0.4123	0.78864	0.077317	0.49456	1.0203	0.50653	0.36482	1.0206	0.49683	0.49962	0.99402	0.059536	0.4192	1.0385	0.061286	0.44318	1.1456	0.88017	0.42616	0.87781	0.11744	0.42913	1.0234	0.50377	89.917	-5.9493	-6.9645	-127.25	30.562	-4.9372	-2.457	-1.5096	-6.7364	-7.4686	9.1316	-5.8141	81.864	-38.758	-8.2743
-82.321	96.395	1003.7	0.47341	0.98716	0.0145	0.47838	0.86073	0.11356	0.4124	0.78939	0.079295	0.49427	1.0267	0.50597	0.36456	1.0277	0.49597	0.4995	0.99406	0.05953	0.41925	1.0386	0.061225	0.44274	1.1551	0.87852	0.42625	0.87903	0.11861	0.42888	1.0303	0.50311	90.265	-5.7198	-7.1685	-130.47	30.296	-5.045	-2.8084	-1.5577	-6.6064	-5.7987	8.9741	-5.9056	85.387	-39.994	-8.332
-84.499	106.75	1019.1	0.47316	0.98782	0.014503	0.47856	0.86204	0.11479	0.41252	0.79021	0.081458	0.49397	1.0332	0.50541	0.36429	1.0351	0.49507	0.49935	0.99407	0.059504	0.4193	1.0388	0.061172	0.44222	1.1648	0.87687	0.42638	0.88036	0.11989	0.4286	1.0373	0.50243	90.599	-5.471	-7.3956	-133.31	29.822	-5.1076	-3.1941	-1.6125	-6.4589	-3.9362	8.8952	-5.9527	88.675	-40.84	-8.2997
-86.114	117.28	1031.1	0.47285	0.98847	0.014507	0.47878	0.86346	0.11611	0.41265	0.79112	0.083819	0.49364	1.0399	0.50486	0.36401	1.0427	0.4941	0.49918	0.99406	0.059452	0.41935	1.0389	0.061126	0.44165	1.1746	0.87522	0.42655	0.88181	0.12129	0.42832	1.0446	0.50171	90.916	-5.202	-7.6463	-135.68	29.125	-5.123	-3.6156	-1.6732	-6.2926	-1.888	8.9103	-5.956	91.664	-41.237	-8.1696
-87.113	127.88	1039.2	0.47249	0.98912	0.01451	0.47905	0.865	0.11753	0.41281	0.79212	0.086391	0.49331	1.0469	0.50431	0.36375	1.0506	0.49306	0.49898	0.99402	0.059366	0.41941	1.039	0.061087	0.441	1.1845	0.87358	0.42677	0.88338	0.12282	0.42803	1.0522	0.50097	91.216	-4.9134	-7.9213	-137.53	28.203	-5.0897	-4.076	-1.7384	-6.1077	0.33864	9.0241	-5.9173	94.288	-41.148	-7.9388
-87.471	138.42	1043.3	0.47207	0.98975	0.014513	0.47937	0.86667	0.11904	0.41298	0.79325	0.089187	0.49298	1.0541	0.50375	0.3635	1.0588	0.49194	0.49877	0.99394	0.05924	0.41946	1.039	0.061054	0.44028	1.1947	0.87194	0.42702	0.88509	0.12448	0.42774	1.06	0.50018	91.497	-4.6068	-8.2212	-138.81	27.058	-5.0073	-4.5804	-1.8066	-5.9059	2.737	9.2303	-5.8393	96.481	-40.563	-7.6095
-87.189	148.75	1042.9	0.47161	0.99038	0.014516	0.47974	0.86848	0.12065	0.41317	0.7945	0.092221	0.49267	1.0616	0.50318	0.36328	1.0673	0.49072	0.49853	0.99382	0.059065	0.41952	1.0391	0.061026	0.4395	1.2049	0.87031	0.42733	0.88694	0.12627	0.42746	1.0681	0.49935	91.758	-4.2841	-8.5454	-139.46	25.705	-4.8771	-5.1346	-1.8763	-5.6903	5.3014	9.513	-5.7259	98.178	-39.492	-7.1875
-86.287	158.72	1037.9	0.47111	0.99099	0.014518	0.48017	0.87044	0.12236	0.41337	0.7959	0.095507	0.49237	1.0694	0.50258	0.36311	1.0761	0.4894	0.49828	0.99366	0.058835	0.41958	1.0391	0.061002	0.43864	1.2153	0.8687	0.42768	0.88896	0.1282	0.42722	1.0765	0.49846	91.997	-3.9471	-8.8924	-139.43	24.159	-4.7014	-5.746	-1.9455	-5.4662	8.0252	9.8488	-5.5822	99.317	-37.967	-6.6828
-84.787	168.13	1028	0.47057	0.9916	0.014521	0.48064	0.87256	0.12417	0.41359	0.79748	0.099059	0.49212	1.0776	0.50193	0.36299	1.0852	0.48798	0.49802	0.99346	0.058547	0.41964	1.039	0.060979	0.43769	1.2259	0.86712	0.42807	0.89116	0.13027	0.42701	1.0853	0.49749	92.212	-3.5968	-9.2586	-138.67	22.446	-4.4843	-6.4226	-2.012	-5.2407	10.899	10.212	-5.4146	99.838	-36.027	-6.1074
-82.711	176.76	1012.9	0.47001	0.99221	0.014523	0.48116	0.87486	0.12609	0.41381	0.79927	0.10289	0.49191	1.086	0.50123	0.36294	1.0946	0.48643	0.49775	0.99321	0.0582	0.41969	1.0389	0.060958	0.43666	1.2366	0.86557	0.42851	0.89356	0.13247	0.42685	1.0944	0.49643	92.399	-3.2333	-9.6395	-137.13	20.589	-4.2299	-7.1726	-2.0735	-5.0218	13.91	10.578	-5.2297	99.69	-33.716	-5.4746
-80.071	184.35	992.34	0.46944	0.99282	0.014525	0.4817	0.87734	0.12813	0.41404	0.80131	0.10703	0.49176	1.0949	0.50045	0.36296	1.1044	0.48475	0.49748	0.99291	0.0578	0.41975	1.0388	0.060935	0.43553	1.2474	0.86406	0.42899	0.8962	0.13483	0.42675	1.1038	0.49527	92.552	-2.8556	-10.029	-134.76	18.617	-3.9419	-8.0044	-2.1278	-4.819	17.034	10.927	-5.0348	98.827	-31.078	-4.799
-76.876	190.59	966.09	0.46885	0.99345	0.014528	0.48225	0.88005	0.13029	0.41425	0.80364	0.11149	0.49168	1.1041	0.49959	0.36308	1.1146	0.48294	0.49721	0.99259	0.05736	0.41981	1.0386	0.060909	0.43429	1.2582	0.8626	0.4295	0.89911	0.13732	0.42674	1.1137	0.494	92.662	-2.4616	-10.42	-131.51	16.56	-3.6246	-8.927	-2.1731	-4.642	20.238	11.241	-4.8382	97.218	-28.16	-4.0982
-73.136	195.17	933.85	0.46826	0.99413	0.014531	0.4828	0.88302	0.13261	0.41444	0.80633	0.11629	0.49169	1.1138	0.49863	0.36329	1.1253	0.48098	0.49694	0.99224	0.056901	0.41987	1.0384	0.060879	0.43295	1.2692	0.8612	0.43003	0.90233	0.13996	0.42683	1.124	0.49259	92.719	-2.0486	-10.804	-127.34	14.448	-3.2823	-9.9498	-2.2075	-4.5004	23.476	11.504	-4.6483	94.845	-25.018	-3.3918
-68.874	197.74	895.45	0.46767	0.99487	0.014534	0.48332	0.88627	0.13511	0.41458	0.80944	0.12147	0.49178	1.124	0.49755	0.36363	1.1363	0.47887	0.49667	0.99188	0.056457	0.41993	1.0382	0.060843	0.4315	1.2802	0.85989	0.43056	0.90591	0.14276	0.42701	1.1348	0.49103	92.706	-1.6147	-11.171	-122.19	12.323	-2.9198	-11.083	-2.2295	-4.4031	26.685	11.699	-4.4733	91.709	-21.717	-2.7008
-64.133	197.95	850.82	0.46707	0.9957	0.014538	0.48378	0.88987	0.13782	0.41463	0.81304	0.12706	0.49198	1.1347	0.49636	0.36408	1.1479	0.47659	0.49643	0.99156	0.056069	0.41998	1.038	0.060801	0.42994	1.2913	0.85868	0.43108	0.90989	0.14571	0.42732	1.1461	0.48932	92.608	-1.159	-11.511	-116.06	10.23	-2.5424	-12.337	-2.238	-4.3578	29.782	11.807	-4.3192	87.835	-18.338	-2.0455
-58.987	195.52	800.09	0.46648	0.99668	0.014542	0.48418	0.89385	0.14078	0.41457	0.81721	0.13308	0.4923	1.1459	0.49505	0.36468	1.1601	0.47414	0.4962	0.9913	0.05579	0.42003	1.0379	0.060752	0.42829	1.3024	0.85758	0.43157	0.91433	0.14883	0.42776	1.1579	0.48745	92.402	-0.68303	-11.813	-108.96	8.223	-2.1563	-13.723	-2.2323	-4.3696	32.664	11.806	-4.1885	83.268	-14.98	-1.4425
-53.549	190.22	743.69	0.4659	0.99784	0.014548	0.48446	0.89829	0.14404	0.41437	0.82203	0.13958	0.49273	1.1577	0.49361	0.36542	1.1729	0.47151	0.49599	0.99116	0.055683	0.42007	1.0379	0.060699	0.42656	1.3135	0.85661	0.432	0.9193	0.15213	0.42833	1.1704	0.4854	92.065	-0.19127	-12.065	-100.95	6.3608	-1.7689	-15.252	-2.2124	-4.4413	35.21	11.669	-4.0786	78.089	-11.757	-0.9017
-47.961	181.99	682.36	0.46534	0.99924	0.014556	0.48462	0.90326	0.14765	0.414	0.82759	0.14659	0.49328	1.1701	0.49204	0.36631	1.1863	0.46872	0.4958	0.99121	0.055818	0.42011	1.038	0.060645	0.42477	1.3245	0.85578	0.43234	0.92484	0.15563	0.42903	1.1835	0.48319	91.571	0.30798	-12.255	-92.142	4.7012	-1.3883	-16.932	-2.1786	-4.5723	37.29	11.374	-3.9795	72.41	-8.7871	-0.42507
-42.384	170.9	617.22	0.46481	1.0009	0.014566	0.48462	0.90881	0.15166	0.41342	0.83396	0.15413	0.49394	1.1833	0.49035	0.36734	1.2005	0.46576	0.49563	0.99152	0.05627	0.42013	1.0385	0.060594	0.42293	1.3355	0.85511	0.43255	0.93104	0.15933	0.42987	1.1973	0.4808	90.894	0.80214	-12.371	-82.703	3.2943	-1.0226	-18.771	-2.1321	-4.7584	38.776	10.906	-3.8751	66.371	-6.1825	-0.007205
-36.983	157.24	549.65	0.46434	1.003	0.014578	0.48444	0.91503	0.1561	0.41262	0.84124	0.16221	0.49471	1.1971	0.48853	0.36852	1.2153	0.46267	0.49547	0.99219	0.057113	0.42014	1.0392	0.060553	0.42107	1.3463	0.8546	0.43261	0.93793	0.16325	0.43082	1.2118	0.47827	90.01	1.274	-12.401	-72.856	2.1756	-0.67997	-20.773	-2.0748	-4.9916	39.549	10.258	-3.744	60.121	-4.0351	0.36159
-31.908	141.51	481.28	0.46394	1.0055	0.014593	0.48407	0.92198	0.16104	0.41158	0.84949	0.17084	0.49557	1.2116	0.48659	0.36981	1.2309	0.45946	0.49533	0.99331	0.058416	0.42015	1.0404	0.060534	0.41919	1.3571	0.85424	0.43248	0.94558	0.16741	0.43188	1.227	0.47559	88.897	1.7018	-12.332	-62.868	1.3569	-0.36899	-22.939	-2.0086	-5.2608	39.508	9.438	-3.5637	53.795	-2.403	0.69012
-27.272	124.36	413.78	0.46367	1.0085	0.014612	0.48348	0.92975	0.1665	0.41029	0.85879	0.18001	0.4965	1.2268	0.48456	0.37119	1.2473	0.45617	0.49518	0.99501	0.060239	0.42016	1.0421	0.060548	0.41732	1.3676	0.85404	0.43212	0.95403	0.17184	0.433	1.243	0.4728	87.542	2.0608	-12.156	-53.025	0.82279	-0.097494	-25.263	-1.936	-5.5527	38.582	8.4691	-3.3148	47.491	-1.2972	0.98111
-23.138	106.58	348.78	0.46354	1.0121	0.014635	0.48267	0.93838	0.17249	0.40874	0.86919	0.18969	0.49746	1.2428	0.48244	0.37262	1.2644	0.45286	0.49505	0.99741	0.062628	0.42018	1.0444	0.060614	0.41546	1.3781	0.854	0.4315	0.96332	0.17653	0.43417	1.2597	0.46995	85.943	2.3246	-11.865	-43.614	0.53195	0.1287	-27.735	-1.8589	-5.8544	36.749	7.3886	-2.986	41.288	-0.6765	1.2295
-19.51	88.934	287.72	0.46362	1.0162	0.014662	0.48164	0.94796	0.17902	0.40694	0.88073	0.19981	0.49842	1.2594	0.48029	0.37405	1.2821	0.44959	0.49493	1.0006	0.065605	0.42021	1.0474	0.060749	0.41363	1.3883	0.85409	0.43059	0.97347	0.18151	0.43535	1.277	0.46708	84.112	2.4672	-11.46	-34.897	0.42199	0.30615	-30.337	-1.7782	-6.1542	34.05	6.2458	-2.5777	35.251	-0.45298	1.4241
-16.354	72.125	231.73	0.46396	1.0211	0.014695	0.4804	0.95852	0.18606	0.4049	0.89343	0.21029	0.49934	1.2766	0.47815	0.37545	1.3005	0.44643	0.49483	1.0048	0.069167	0.42028	1.0512	0.060976	0.41184	1.3985	0.85433	0.42936	0.98452	0.18676	0.43648	1.295	0.46426	82.075	2.4655	-10.949	-27.089	0.41984	0.43349	-33.046	-1.6939	-6.4431	30.588	5.0927	-2.1021	29.436	-0.51294	1.5507
-13.602	56.721	181.61	0.46461	1.0267	0.014734	0.47895	0.97009	0.19356	0.40263	0.90731	0.22104	0.50019	1.2945	0.47609	0.37676	1.3195	0.44346	0.49478	1.01	0.073279	0.4204	1.0559	0.061316	0.41008	1.4085	0.85469	0.42782	0.99648	0.19227	0.43753	1.3135	0.46155	79.876	2.3016	-10.353	-20.331	0.45499	0.51063	-35.83	-1.6042	-6.715	26.51	3.9789	-1.5857	23.889	-0.72761	1.5947
-11.176	43.105	137.78	0.46568	1.0333	0.01478	0.47731	0.98269	0.20145	0.40015	0.92232	0.23191	0.50094	1.3129	0.47417	0.37794	1.339	0.44077	0.49478	1.0163	0.077879	0.4206	1.0615	0.061793	0.40838	1.4184	0.85517	0.42596	1.0094	0.198	0.43846	1.3325	0.45904	77.576	1.9661	-9.7046	-14.715	0.46669	0.54126	-38.656	-1.5076	-6.9659	22.026	2.9434	-1.053	18.669	-0.99702	1.5548
-9.0127	31.464	100.34	0.46733	1.0414	0.014837	0.4755	0.99629	0.20963	0.39746	0.93843	0.24276	0.50154	1.3317	0.47247	0.37894	1.3588	0.43841	0.49485	1.0239	0.082879	0.42089	1.0681	0.062433	0.40672	1.4283	0.85576	0.42381	1.0231	0.20392	0.43922	1.3519	0.45681	75.248	1.4601	-9.0455	-10.228	0.4201	0.52694	-41.485	-1.4026	-7.1943	17.343	2.0201	-0.54469	13.843	-1.2243	1.43
-7.0782	21.814	69.173	0.46991	1.0518	0.014913	0.47355	1.0109	0.21797	0.39459	0.95556	0.25342	0.50197	1.3508	0.47105	0.37973	1.3789	0.43648	0.495	1.0328	0.088183	0.42127	1.0758	0.06327	0.40513	1.4381	0.85645	0.4214	1.0378	0.20995	0.4398	1.3715	0.45492	72.971	0.79736	-8.423	-6.7536	0.31025	0.46695	-44.28	-1.2889	-7.4011	12.64	1.2364	-0.11478	9.4891	-1.3209	1.2205
-5.3682	14.039	44.015	0.47431	1.0671	0.015026	0.47146	1.0263	0.22633	0.39154	0.97358	0.2637	0.50221	1.3703	0.46999	0.38029	1.3992	0.43503	0.49521	1.0429	0.093692	0.42175	1.0846	0.064348	0.4036	1.448	0.85723	0.41878	1.0532	0.21602	0.44015	1.3914	0.45344	70.825	0.004356	-7.8815	-4.5276	0.092434	0.40466	-47.004	-1.168	-7.5897	8.5349	0.54933	0.35974	5.8359	-1.5424	1.0623
-3.8402	7.86	24.121	0.48336	1.0949	0.015233	0.46927	1.0426	0.23457	0.38835	0.99235	0.27345	0.50225	1.3899	0.46933	0.3806	1.4197	0.43411	0.49545	1.0543	0.099319	0.4223	1.0947	0.065721	0.40214	1.4579	0.85809	0.416	1.0695	0.22207	0.44028	1.4115	0.45242	68.888	-0.88236	-7.4558	-2.334	-0.049685	0.24268	-49.628	-1.0438	-7.7655	4.1157	0.11757	0.42438	2.612	-1.0982	0.66167
0	0	0	NaN	NaN	NaN	0.46698	1.0596	0.24256	0.38503	1.0117	0.28249	0.50208	1.4097	0.46913	0.38066	1.4402	0.43373	0.49569	1.067	0.10499	0.4229	1.1062	0.067442	0.40077	1.4678	0.85903	0.41311	1.0864	0.228	0.44016	1.4315	0.4519	67.225	-1.8196	-7.1665	0.033591	0.001837	0.004648	-52.125	-0.92253	-7.9354	0.010086	0.033443	-0.034237	0.23088	0.09526	0.034536
