0.62656	0.7844	0.10318	0.51178	0.79347	0.11078	0.56899	0.71056	0.062103	0.5947	0.83427	0.52246	0.46631	0.8387	0.50106	0.62296	0.92928	0.062818	0.53516	0.95794	0.069018	0.50592	0.83836	0.90919	0.56979	0.78868	0.10755	0.53063	0.8367	0.51167	81.487	1.0575	-11.065	-6.3137	-2.2452	-1.2404
0.62655	0.7844	0.10319	0.51178	0.79347	0.11079	0.5689	0.71055	0.062034	0.59471	0.83431	0.52244	0.46633	0.8387	0.50106	0.62297	0.92927	0.062826	0.53517	0.95793	0.069049	0.506	0.83824	0.90918	0.56977	0.78868	0.10754	0.53064	0.8367	0.51167	81.51	0.99722	-11.066	-6.3429	-2.2472	-1.2306
0.62653	0.78439	0.1032	0.51179	0.79346	0.1108	0.56882	0.71054	0.061974	0.59472	0.83436	0.52243	0.46636	0.83871	0.50106	0.62297	0.92924	0.062839	0.53517	0.95792	0.069083	0.50608	0.83812	0.90917	0.56974	0.78869	0.10752	0.53065	0.83671	0.51166	81.535	0.93898	-11.068	-6.3742	-2.2488	-1.2217
0.62652	0.78439	0.10321	0.5118	0.79346	0.1108	0.56877	0.71052	0.061929	0.59473	0.83441	0.5224	0.46638	0.83874	0.50106	0.62299	0.92922	0.062857	0.53519	0.9579	0.069123	0.50616	0.838	0.90916	0.56972	0.78869	0.1075	0.53065	0.83672	0.51165	81.559	0.88574	-11.071	-6.4065	-2.2497	-1.2144
0.62651	0.78439	0.10322	0.51181	0.79345	0.1108	0.56874	0.71052	0.061899	0.59474	0.83445	0.52238	0.46641	0.83877	0.50106	0.62301	0.92919	0.06288	0.53521	0.95787	0.069166	0.50624	0.83788	0.90915	0.56969	0.7887	0.10748	0.53067	0.83672	0.51163	81.583	0.83815	-11.076	-6.4388	-2.2496	-1.2093
0.6265	0.78439	0.10323	0.51183	0.79344	0.1108	0.56873	0.71051	0.061881	0.59476	0.83449	0.52234	0.46644	0.8388	0.50106	0.62303	0.92915	0.062906	0.53523	0.95784	0.069213	0.50631	0.83777	0.90913	0.56966	0.7887	0.10746	0.53068	0.83672	0.51162	81.606	0.79529	-11.082	-6.4698	-2.2485	-1.2063
0.62648	0.78439	0.10324	0.51184	0.79343	0.1108	0.56873	0.71051	0.061871	0.59478	0.83452	0.52231	0.46646	0.83881	0.50105	0.62306	0.92912	0.062931	0.53526	0.95781	0.069263	0.50638	0.83765	0.90912	0.56963	0.78871	0.10744	0.53069	0.83671	0.5116	81.627	0.75556	-11.088	-6.4988	-2.2464	-1.2056
0.62647	0.78438	0.10325	0.51185	0.79343	0.1108	0.56873	0.7105	0.061862	0.59479	0.83454	0.52228	0.46648	0.8388	0.50104	0.62308	0.92908	0.062956	0.53528	0.95777	0.069314	0.50645	0.83754	0.9091	0.5696	0.78871	0.10741	0.53069	0.8367	0.51159	81.646	0.71755	-11.094	-6.5251	-2.2439	-1.2071
0.62645	0.78438	0.10326	0.51186	0.79342	0.1108	0.56873	0.71049	0.061854	0.5948	0.83455	0.52225	0.46649	0.83878	0.50104	0.62311	0.92905	0.062978	0.53531	0.95774	0.069365	0.50651	0.83743	0.90909	0.56957	0.78872	0.10739	0.5307	0.83668	0.51158	81.664	0.6805	-11.099	-6.5489	-2.2412	-1.2107
0.62644	0.78436	0.10327	0.51186	0.79341	0.1108	0.56873	0.71049	0.061848	0.59481	0.83456	0.52222	0.4665	0.83875	0.50104	0.62314	0.92901	0.062998	0.53534	0.95771	0.069414	0.50656	0.83731	0.90907	0.56953	0.78872	0.10736	0.5307	0.83666	0.51157	81.678	0.64401	-11.102	-6.5705	-2.2383	-1.216
0.62642	0.78434	0.10328	0.51187	0.7934	0.1108	0.56873	0.71048	0.061843	0.59483	0.83457	0.5222	0.46651	0.83872	0.50103	0.62317	0.92898	0.063017	0.53537	0.95768	0.069461	0.50661	0.8372	0.90906	0.5695	0.78873	0.10734	0.5307	0.83665	0.51156	81.689	0.60835	-11.103	-6.5901	-2.2352	-1.2223
0.62641	0.78433	0.10329	0.51188	0.79339	0.11081	0.56873	0.71047	0.061838	0.59483	0.83457	0.52217	0.46652	0.83868	0.50103	0.6232	0.92895	0.063035	0.5354	0.95765	0.069504	0.50666	0.83708	0.90905	0.56946	0.78874	0.10733	0.5307	0.83663	0.51156	81.699	0.57418	-11.103	-6.6082	-2.2318	-1.229
0.6264	0.78431	0.1033	0.51188	0.79338	0.11081	0.56873	0.71046	0.061833	0.59484	0.83457	0.52215	0.46653	0.83864	0.50103	0.62323	0.92892	0.063051	0.53543	0.95763	0.069541	0.5067	0.83697	0.90904	0.56943	0.78875	0.10731	0.5307	0.83662	0.51156	81.707	0.54232	-11.102	-6.6254	-2.2283	-1.2354
0.6264	0.7843	0.10331	0.51189	0.79337	0.11081	0.56873	0.71046	0.061826	0.59485	0.83458	0.52214	0.46653	0.83861	0.50103	0.62325	0.9289	0.063065	0.53546	0.95761	0.069572	0.50674	0.83685	0.90903	0.5694	0.78876	0.1073	0.5307	0.83661	0.51155	81.714	0.5134	-11.101	-6.6425	-2.2244	-1.2412
0.6264	0.78429	0.10332	0.5119	0.79336	0.11081	0.56873	0.71045	0.061819	0.59485	0.83458	0.52212	0.46653	0.83859	0.50102	0.62328	0.92888	0.063075	0.53548	0.95759	0.069597	0.50677	0.83672	0.90902	0.56937	0.78876	0.10728	0.5307	0.8366	0.51155	81.722	0.48815	-11.1	-6.6602	-2.2207	-1.246
0.62639	0.78429	0.10333	0.51191	0.79336	0.1108	0.56873	0.71045	0.061815	0.59486	0.83459	0.5221	0.46654	0.83857	0.50102	0.6233	0.92886	0.063081	0.5355	0.95758	0.069615	0.5068	0.8366	0.90901	0.56934	0.78875	0.10727	0.5307	0.8366	0.51154	81.729	0.46647	-11.1	-6.6794	-2.2176	-1.2495
0.62639	0.78429	0.10333	0.51191	0.79336	0.1108	0.56873	0.71044	0.061812	0.59486	0.83461	0.52208	0.46654	0.83857	0.50101	0.62331	0.92885	0.063084	0.53552	0.95757	0.069629	0.50683	0.83647	0.909	0.56932	0.78875	0.10726	0.5307	0.8366	0.51153	81.736	0.44737	-11.1	-6.7005	-2.2152	-1.2516
0.62638	0.78429	0.10333	0.51192	0.79336	0.11079	0.56873	0.71044	0.061807	0.59486	0.83463	0.52206	0.46653	0.83857	0.50101	0.62332	0.92884	0.063084	0.53553	0.95756	0.069639	0.50685	0.83634	0.909	0.5693	0.78874	0.10724	0.53069	0.83661	0.51153	81.743	0.42956	-11.1	-6.7233	-2.2134	-1.2524
0.62637	0.78429	0.10334	0.51192	0.79336	0.11079	0.56872	0.71043	0.061803	0.59486	0.83466	0.52205	0.46653	0.83859	0.50101	0.62333	0.92883	0.063083	0.53553	0.95756	0.069647	0.50687	0.83621	0.90899	0.56928	0.78874	0.10723	0.53069	0.83663	0.51152	81.749	0.41331	-11.099	-6.747	-2.2124	-1.2524
0.62636	0.7843	0.10335	0.51192	0.79336	0.11079	0.56872	0.71043	0.0618	0.59485	0.83468	0.52204	0.46653	0.8386	0.50101	0.62333	0.92883	0.063081	0.53554	0.95756	0.069653	0.50689	0.83608	0.90898	0.56926	0.78874	0.10723	0.53068	0.83666	0.51152	81.753	0.39965	-11.097	-6.771	-2.2126	-1.2524
0.62636	0.7843	0.10336	0.51192	0.79336	0.11078	0.56871	0.71042	0.061798	0.59485	0.83471	0.52203	0.46653	0.83863	0.50101	0.62333	0.92883	0.063079	0.53554	0.95756	0.069657	0.50691	0.83594	0.90898	0.56925	0.78875	0.10722	0.53068	0.83669	0.51152	81.755	0.38911	-11.094	-6.7941	-2.214	-1.2536
0.62635	0.7843	0.10336	0.51192	0.79336	0.11078	0.5687	0.71042	0.06179	0.59484	0.83472	0.52202	0.46653	0.83865	0.50101	0.62333	0.92883	0.063077	0.53554	0.95756	0.06966	0.50692	0.83581	0.90897	0.56924	0.78876	0.10722	0.53067	0.83671	0.51152	81.756	0.38029	-11.091	-6.8157	-2.2161	-1.2565
0.62634	0.7843	0.10337	0.51192	0.79337	0.11077	0.56867	0.71041	0.061772	0.59484	0.83473	0.52202	0.46653	0.83867	0.50102	0.62333	0.92883	0.063074	0.53553	0.95756	0.069659	0.50694	0.83568	0.90897	0.56923	0.78877	0.10722	0.53067	0.83673	0.51152	81.757	0.37158	-11.087	-6.8351	-2.2187	-1.2611
0.62634	0.7843	0.10338	0.51192	0.79337	0.11077	0.56864	0.71039	0.061747	0.59484	0.83473	0.52202	0.46653	0.83868	0.50103	0.62333	0.92883	0.063071	0.53553	0.95756	0.069654	0.50695	0.83554	0.90897	0.56923	0.78877	0.10722	0.53067	0.83674	0.51153	81.759	0.36282	-11.084	-6.852	-2.2215	-1.2673
0.62633	0.7843	0.10338	0.51191	0.79337	0.11076	0.56861	0.71038	0.061722	0.59485	0.83471	0.52201	0.46653	0.83866	0.50103	0.62333	0.92884	0.063067	0.53553	0.95756	0.069648	0.50697	0.8354	0.90897	0.56923	0.78877	0.10721	0.53067	0.83673	0.51153	81.759	0.35546	-11.082	-6.866	-2.2238	-1.2747
0.62633	0.7843	0.10337	0.51191	0.79337	0.11075	0.56859	0.71037	0.061706	0.59485	0.83469	0.52201	0.46654	0.83863	0.50104	0.62332	0.92884	0.063065	0.53553	0.95756	0.069641	0.50699	0.83526	0.90897	0.56923	0.78877	0.10721	0.53067	0.83671	0.51153	81.758	0.35047	-11.081	-6.877	-2.2255	-1.2831
0.62633	0.7843	0.10337	0.51192	0.79336	0.11075	0.56859	0.71037	0.061701	0.59486	0.83465	0.52201	0.46655	0.83859	0.50104	0.62332	0.92884	0.063064	0.53553	0.95756	0.069637	0.50702	0.83512	0.90897	0.56923	0.78876	0.1072	0.53068	0.83667	0.51154	81.755	0.34793	-11.081	-6.8849	-2.2265	-1.2927
0.62633	0.7843	0.10336	0.51192	0.79336	0.11075	0.56859	0.71037	0.061702	0.59488	0.8346	0.52201	0.46657	0.83853	0.50105	0.62332	0.92884	0.063066	0.53554	0.95756	0.069637	0.50705	0.83497	0.90898	0.56923	0.78876	0.1072	0.53069	0.83662	0.51155	81.75	0.34686	-11.081	-6.8897	-2.2266	-1.3028
0.62633	0.7843	0.10336	0.51192	0.79336	0.11075	0.5686	0.71037	0.061707	0.5949	0.83455	0.52201	0.46658	0.83846	0.50106	0.62333	0.92883	0.06307	0.53554	0.95756	0.069644	0.50708	0.83483	0.90899	0.56924	0.78876	0.10719	0.53071	0.83657	0.51156	81.744	0.34616	-11.081	-6.892	-2.226	-1.313
0.62633	0.78429	0.10336	0.51193	0.79335	0.11076	0.56862	0.71037	0.061715	0.59492	0.83449	0.52201	0.4666	0.83839	0.50106	0.62333	0.92883	0.063075	0.53554	0.95755	0.069656	0.50711	0.83469	0.909	0.56924	0.78876	0.10719	0.53073	0.8365	0.51157	81.736	0.34502	-11.08	-6.8923	-2.2249	-1.3219
0.62634	0.78428	0.10336	0.51194	0.79334	0.11076	0.56865	0.71037	0.061727	0.59494	0.83442	0.52202	0.46662	0.83831	0.50107	0.62333	0.92883	0.063082	0.53555	0.95755	0.069672	0.50715	0.83455	0.90902	0.56924	0.78877	0.10719	0.53075	0.83643	0.51158	81.727	0.34313	-11.077	-6.8913	-2.2235	-1.3286
0.62634	0.78427	0.10337	0.51194	0.79334	0.11077	0.56867	0.71037	0.06174	0.59496	0.83436	0.52203	0.46664	0.83823	0.50109	0.62334	0.92882	0.06309	0.53555	0.95754	0.06969	0.50718	0.83441	0.90903	0.56924	0.78878	0.10719	0.53077	0.83636	0.51159	81.718	0.34005	-11.074	-6.8899	-2.2221	-1.333
0.62634	0.78426	0.10337	0.51195	0.79334	0.11078	0.56869	0.71038	0.061751	0.59499	0.8343	0.52203	0.46667	0.83815	0.50109	0.62335	0.92881	0.063099	0.53555	0.95753	0.069708	0.50722	0.83427	0.90904	0.56923	0.78878	0.10718	0.53079	0.83628	0.5116	81.71	0.33581	-11.068	-6.8894	-2.2205	-1.3357
0.62634	0.78426	0.10337	0.51195	0.79334	0.11078	0.56871	0.71038	0.061754	0.59501	0.83424	0.52204	0.4667	0.83808	0.50111	0.62335	0.92881	0.063107	0.53556	0.95752	0.069724	0.50727	0.83412	0.90905	0.56923	0.78878	0.10718	0.53082	0.83621	0.51161	81.704	0.331	-11.063	-6.8907	-2.2188	-1.3378
0.62635	0.78425	0.10337	0.51196	0.79333	0.11079	0.56871	0.71038	0.061751	0.59504	0.83418	0.52204	0.46673	0.83801	0.50111	0.62336	0.9288	0.063116	0.53556	0.95752	0.069738	0.50731	0.83397	0.90906	0.56922	0.78877	0.10718	0.53084	0.83613	0.51162	81.701	0.32643	-11.059	-6.8938	-2.2165	-1.3403
0.62635	0.78424	0.10337	0.51197	0.79333	0.11079	0.56871	0.71038	0.061745	0.59507	0.83412	0.52204	0.46675	0.83794	0.50112	0.62338	0.92879	0.063124	0.53557	0.95751	0.069751	0.50737	0.83382	0.90907	0.56922	0.78876	0.10717	0.53087	0.83606	0.51162	81.699	0.32318	-11.057	-6.898	-2.2144	-1.3435
0.62635	0.78424	0.10337	0.51198	0.79333	0.11079	0.56872	0.71037	0.06174	0.5951	0.83405	0.52204	0.46678	0.83786	0.50112	0.62339	0.92879	0.063133	0.53558	0.95751	0.069762	0.50742	0.83366	0.90907	0.56922	0.78874	0.10717	0.53089	0.83599	0.51163	81.697	0.32221	-11.058	-6.9023	-2.2131	-1.3478
0.62636	0.78424	0.10336	0.51199	0.79332	0.11079	0.56873	0.71036	0.061741	0.59513	0.83399	0.52204	0.46681	0.83779	0.50113	0.6234	0.92878	0.063142	0.53558	0.95751	0.069774	0.50747	0.83351	0.90908	0.56922	0.78873	0.10716	0.53092	0.83592	0.51163	81.693	0.32356	-11.06	-6.9061	-2.213	-1.3528
0.62636	0.78423	0.10336	0.512	0.79331	0.11079	0.56874	0.71036	0.061751	0.59515	0.83392	0.52204	0.46684	0.83772	0.50113	0.62341	0.92878	0.063152	0.53559	0.9575	0.069786	0.50751	0.83335	0.90909	0.56923	0.78873	0.10715	0.53095	0.83585	0.51164	81.686	0.32648	-11.064	-6.9097	-2.2138	-1.3586
0.62637	0.78422	0.10336	0.51201	0.79331	0.11079	0.56877	0.71035	0.061765	0.59518	0.83386	0.52204	0.46686	0.83765	0.50114	0.62341	0.92877	0.06316	0.5356	0.9575	0.069799	0.50755	0.83319	0.9091	0.56924	0.78872	0.10714	0.53097	0.83579	0.51165	81.679	0.32924	-11.067	-6.9133	-2.2148	-1.3648
0.62637	0.78421	0.10336	0.51201	0.7933	0.11079	0.56879	0.71035	0.061778	0.5952	0.8338	0.52204	0.46688	0.83758	0.50114	0.62341	0.92877	0.063168	0.5356	0.95749	0.069814	0.50759	0.83304	0.90911	0.56924	0.78872	0.10714	0.531	0.83572	0.51166	81.672	0.32983	-11.068	-6.9177	-2.2149	-1.3713
0.62637	0.7842	0.10336	0.51202	0.7933	0.1108	0.56881	0.71035	0.061786	0.59522	0.83374	0.52205	0.4669	0.83751	0.50115	0.62341	0.92876	0.063175	0.5356	0.95749	0.069828	0.50762	0.83289	0.90912	0.56924	0.78871	0.10713	0.53102	0.83566	0.51166	81.667	0.32737	-11.069	-6.9229	-2.2136	-1.3778
0.62637	0.78419	0.10336	0.51202	0.79329	0.1108	0.56881	0.71035	0.061788	0.59525	0.83369	0.52205	0.46692	0.83745	0.50116	0.62341	0.92876	0.063182	0.5356	0.95748	0.069842	0.50765	0.83275	0.90912	0.56923	0.78871	0.10713	0.53105	0.83561	0.51167	81.662	0.32238	-11.067	-6.9287	-2.2106	-1.3835
0.62638	0.78419	0.10336	0.51203	0.79329	0.11081	0.56882	0.71035	0.061788	0.59527	0.83364	0.52206	0.46694	0.83739	0.50116	0.62341	0.92876	0.063187	0.53561	0.95748	0.069855	0.50768	0.83261	0.90913	0.56922	0.7887	0.10713	0.53107	0.83556	0.51168	81.658	0.31633	-11.064	-6.935	-2.2066	-1.3878
0.62638	0.78418	0.10336	0.51203	0.79328	0.11081	0.56882	0.71035	0.061789	0.5953	0.83359	0.52206	0.46696	0.83733	0.50117	0.62341	0.92875	0.063191	0.53562	0.95747	0.069866	0.50771	0.83247	0.90914	0.56921	0.7887	0.10712	0.5311	0.83552	0.51169	81.654	0.31128	-11.061	-6.9418	-2.2022	-1.3907
0.62638	0.78418	0.10336	0.51204	0.79328	0.11081	0.56883	0.71035	0.061789	0.59533	0.83355	0.52207	0.46697	0.83728	0.50117	0.62342	0.92875	0.063194	0.53562	0.95747	0.069874	0.50774	0.83234	0.90915	0.56921	0.78869	0.10712	0.53112	0.83547	0.5117	81.65	0.30833	-11.059	-6.9495	-2.1982	-1.3923
0.62639	0.78418	0.10336	0.51205	0.79327	0.11081	0.56883	0.71034	0.061787	0.59535	0.83351	0.52207	0.46699	0.83724	0.50118	0.62342	0.92874	0.063199	0.53563	0.95746	0.069881	0.50777	0.83222	0.90915	0.56921	0.78869	0.10712	0.53114	0.83544	0.5117	81.648	0.30707	-11.059	-6.9584	-2.1952	-1.3932
0.62639	0.78418	0.10336	0.51206	0.79327	0.11081	0.56883	0.71034	0.061778	0.59537	0.83348	0.52208	0.46701	0.8372	0.50118	0.62343	0.92874	0.063204	0.53564	0.95746	0.069886	0.50779	0.83209	0.90916	0.56922	0.78868	0.10712	0.53116	0.83541	0.51171	81.647	0.30627	-11.061	-6.9688	-2.1933	-1.394
0.62639	0.78418	0.10336	0.51206	0.79328	0.1108	0.56882	0.71033	0.061765	0.59538	0.83345	0.52208	0.46702	0.83717	0.50119	0.62343	0.92873	0.063212	0.53564	0.95746	0.069893	0.50781	0.83197	0.90916	0.56922	0.78868	0.10711	0.53117	0.83538	0.51171	81.648	0.30457	-11.064	-6.9808	-2.1927	-1.3945
0.62639	0.78418	0.10336	0.51206	0.79328	0.1108	0.56881	0.71033	0.06175	0.59539	0.83343	0.52208	0.46702	0.83714	0.50119	0.62343	0.92873	0.063221	0.53564	0.95745	0.0699	0.50783	0.83184	0.90916	0.56922	0.78868	0.1071	0.53117	0.83536	0.51171	81.65	0.30114	-11.069	-6.9946	-2.1927	-1.3948
0.62639	0.78418	0.10336	0.51206	0.79328	0.11079	0.5688	0.71032	0.061736	0.59539	0.83341	0.52207	0.46702	0.83711	0.50119	0.62344	0.92872	0.063231	0.53564	0.95745	0.069911	0.50784	0.83171	0.90916	0.56922	0.78869	0.1071	0.53117	0.83534	0.51171	81.652	0.29497	-11.073	-7.0098	-2.1925	-1.3941
0.62639	0.78418	0.10336	0.51205	0.79328	0.11078	0.56878	0.71031	0.061722	0.59539	0.83339	0.52207	0.46701	0.83708	0.50119	0.62344	0.92871	0.063242	0.53564	0.95744	0.069925	0.50785	0.83157	0.90915	0.5692	0.78869	0.10709	0.53117	0.83532	0.5117	81.655	0.28531	-11.076	-7.0258	-2.1917	-1.3921
0.62639	0.78418	0.10336	0.51203	0.79328	0.11078	0.56877	0.7103	0.061707	0.59538	0.83338	0.52206	0.46701	0.83704	0.50119	0.62345	0.9287	0.063253	0.53564	0.95743	0.069943	0.50786	0.83144	0.90915	0.56919	0.7887	0.10708	0.53117	0.8353	0.5117	81.658	0.27267	-11.078	-7.0418	-2.19	-1.3887
0.62639	0.78418	0.10336	0.51201	0.79328	0.11078	0.56876	0.7103	0.061694	0.59537	0.83336	0.52205	0.467	0.83701	0.50118	0.62346	0.92869	0.063265	0.53565	0.95742	0.069964	0.50787	0.8313	0.90915	0.56917	0.78871	0.10707	0.53116	0.83527	0.51169	81.661	0.25899	-11.08	-7.0574	-2.1876	-1.3842
0.6264	0.78417	0.10336	0.51198	0.79327	0.11078	0.56875	0.7103	0.061685	0.59537	0.83334	0.52204	0.46699	0.83697	0.50118	0.62347	0.92868	0.063277	0.53565	0.95741	0.069987	0.50788	0.83116	0.90914	0.56916	0.78872	0.10706	0.53116	0.83525	0.51168	81.663	0.24682	-11.082	-7.0731	-2.1845	-1.3793
0.6264	0.78417	0.10336	0.51196	0.79326	0.11079	0.56875	0.71029	0.061681	0.59536	0.83332	0.52203	0.46699	0.83693	0.50117	0.62348	0.92867	0.063289	0.53566	0.9574	0.070009	0.50788	0.83102	0.90914	0.56914	0.78873	0.10705	0.53115	0.83522	0.51167	81.666	0.23699	-11.086	-7.0894	-2.1808	-1.3745
0.6264	0.78416	0.10336	0.51194	0.79326	0.11079	0.56876	0.71029	0.061677	0.59536	0.8333	0.52202	0.46698	0.8369	0.50116	0.62349	0.92866	0.063301	0.53567	0.95739	0.070031	0.50789	0.83088	0.90913	0.56912	0.78873	0.10704	0.53114	0.83519	0.51166	81.67	0.22868	-11.09	-7.1069	-2.1764	-1.3696
0.6264	0.78416	0.10335	0.51192	0.79325	0.11079	0.56876	0.71029	0.061673	0.59535	0.83328	0.52201	0.46698	0.83687	0.50115	0.62349	0.92865	0.063312	0.53568	0.95738	0.070052	0.50789	0.83074	0.90912	0.5691	0.78872	0.10703	0.53114	0.83516	0.51165	81.675	0.22079	-11.094	-7.1254	-2.1716	-1.3643
0.6264	0.78415	0.10335	0.51192	0.79324	0.1108	0.56876	0.71029	0.061669	0.59535	0.83326	0.52199	0.46698	0.83684	0.50114	0.6235	0.92864	0.063325	0.53568	0.95736	0.070073	0.50789	0.83059	0.90911	0.56909	0.78872	0.10701	0.53113	0.83513	0.51164	81.681	0.21249	-11.098	-7.1444	-2.1665	-1.3583
0.6264	0.78414	0.10335	0.51192	0.79324	0.1108	0.56876	0.71028	0.061663	0.59534	0.83324	0.52198	0.46697	0.83681	0.50113	0.62351	0.92863	0.063338	0.53569	0.95735	0.070093	0.50789	0.83044	0.9091	0.56907	0.78871	0.107	0.53113	0.83509	0.51162	81.687	0.20319	-11.102	-7.1629	-2.1614	-1.3521
0.6264	0.78413	0.10336	0.51193	0.79323	0.1108	0.56876	0.71027	0.061653	0.59534	0.83321	0.52197	0.46697	0.83677	0.50112	0.62352	0.92861	0.063351	0.5357	0.95734	0.070113	0.50788	0.83029	0.90909	0.56905	0.7887	0.10699	0.53112	0.83505	0.51161	81.693	0.19281	-11.104	-7.1798	-2.1568	-1.3464
0.6264	0.78412	0.10336	0.51194	0.79323	0.11081	0.56875	0.71026	0.061638	0.59534	0.83318	0.52196	0.46697	0.83673	0.50111	0.62353	0.9286	0.063364	0.53571	0.95732	0.070132	0.50788	0.83012	0.90909	0.56905	0.7887	0.10698	0.53112	0.83501	0.5116	81.697	0.18212	-11.104	-7.1946	-2.153	-1.3422
0.6264	0.78411	0.10337	0.51195	0.79322	0.11081	0.56873	0.71025	0.061621	0.59534	0.83314	0.52196	0.46697	0.83669	0.50111	0.62355	0.92859	0.063375	0.53572	0.95731	0.070151	0.50787	0.82996	0.90908	0.56904	0.7887	0.10698	0.53112	0.83496	0.51159	81.699	0.1723	-11.104	-7.2068	-2.1501	-1.3396
0.6264	0.7841	0.10338	0.51196	0.79322	0.11082	0.56873	0.71024	0.061607	0.59534	0.83309	0.52196	0.46697	0.83664	0.5011	0.62356	0.92858	0.063385	0.53574	0.9573	0.070168	0.50787	0.82978	0.90907	0.56905	0.78869	0.10697	0.53112	0.8349	0.51158	81.699	0.16473	-11.102	-7.2165	-2.1478	-1.3389
0.6264	0.78409	0.10339	0.51197	0.79321	0.11082	0.56873	0.71024	0.061599	0.59534	0.83303	0.52196	0.46697	0.83658	0.5011	0.62358	0.92857	0.063393	0.53576	0.95729	0.070183	0.50786	0.8296	0.90906	0.56905	0.78869	0.10697	0.53113	0.83484	0.51157	81.696	0.16006	-11.102	-7.2236	-2.1458	-1.3392
0.62641	0.78408	0.10339	0.51198	0.79321	0.11082	0.56875	0.71023	0.061598	0.59534	0.83296	0.52196	0.46697	0.83652	0.5011	0.62359	0.92856	0.063399	0.53578	0.95728	0.070197	0.50786	0.82941	0.90906	0.56905	0.78869	0.10697	0.53113	0.83476	0.51156	81.691	0.1584	-11.102	-7.2285	-2.1443	-1.3398
0.62641	0.78407	0.10339	0.51199	0.7932	0.11083	0.56876	0.71023	0.061604	0.59533	0.83288	0.52196	0.46698	0.83644	0.5011	0.6236	0.92855	0.063404	0.53579	0.95728	0.070209	0.50785	0.82922	0.90905	0.56905	0.78868	0.10696	0.53114	0.83467	0.51156	81.683	0.1594	-11.105	-7.2314	-2.1434	-1.3404
0.62642	0.78406	0.10339	0.51199	0.7932	0.11083	0.56878	0.71023	0.061615	0.59533	0.83279	0.52196	0.46698	0.83637	0.50109	0.62362	0.92854	0.063408	0.53581	0.95728	0.070221	0.50785	0.82903	0.90905	0.56905	0.78867	0.10696	0.53114	0.83458	0.51155	81.674	0.16283	-11.109	-7.2328	-2.1433	-1.3404
0.62642	0.78405	0.10339	0.512	0.79319	0.11083	0.56881	0.71022	0.061632	0.59532	0.83269	0.52197	0.46698	0.83628	0.50109	0.62363	0.92854	0.063414	0.53582	0.95727	0.070233	0.50784	0.82884	0.90904	0.56905	0.78866	0.10696	0.53114	0.83448	0.51155	81.663	0.16864	-11.114	-7.2327	-2.1442	-1.3396
0.62643	0.78404	0.10338	0.512	0.79319	0.11084	0.56885	0.71022	0.061651	0.59532	0.83259	0.52197	0.46698	0.8362	0.50109	0.62364	0.92853	0.063421	0.53584	0.95727	0.070246	0.50784	0.82865	0.90904	0.56904	0.78865	0.10695	0.53114	0.83437	0.51155	81.651	0.17655	-11.119	-7.2317	-2.1452	-1.3377
0.62643	0.78403	0.10338	0.51201	0.79319	0.11084	0.56888	0.71022	0.061672	0.59531	0.83249	0.52197	0.46698	0.83611	0.5011	0.62365	0.92852	0.063429	0.53585	0.95727	0.070261	0.50783	0.82846	0.90903	0.56904	0.78864	0.10695	0.53113	0.83427	0.51155	81.638	0.18576	-11.122	-7.2303	-2.1457	-1.3348
0.62643	0.78402	0.10338	0.51202	0.79318	0.11084	0.56892	0.71021	0.061691	0.59531	0.83239	0.52198	0.46697	0.83602	0.5011	0.62366	0.92851	0.063437	0.53587	0.95726	0.070277	0.50782	0.82826	0.90903	0.56903	0.78864	0.10694	0.53113	0.83417	0.51155	81.625	0.1951	-11.123	-7.2287	-2.1456	-1.3308
0.62643	0.78401	0.10338	0.51202	0.79318	0.11084	0.56895	0.7102	0.061704	0.59531	0.83228	0.52199	0.46697	0.83593	0.50111	0.62367	0.9285	0.063443	0.53588	0.95726	0.070294	0.50781	0.82807	0.90902	0.56903	0.78864	0.10694	0.53113	0.83407	0.51156	81.613	0.20332	-11.124	-7.2269	-2.1444	-1.326
0.62644	0.78399	0.10338	0.51203	0.79317	0.11085	0.56896	0.7102	0.061709	0.59531	0.83218	0.522	0.46697	0.83585	0.50112	0.62369	0.92849	0.063446	0.53589	0.95725	0.070312	0.5078	0.82787	0.90902	0.56902	0.78864	0.10693	0.53113	0.83397	0.51156	81.601	0.20947	-11.124	-7.2247	-2.1421	-1.3214
0.62644	0.78398	0.10338	0.51204	0.79317	0.11085	0.56896	0.71019	0.061702	0.59531	0.83206	0.52201	0.46697	0.83576	0.50113	0.6237	0.92849	0.063447	0.53591	0.95725	0.07033	0.50779	0.82768	0.90902	0.569	0.78864	0.10692	0.53114	0.83386	0.51156	81.591	0.21297	-11.123	-7.2217	-2.1392	-1.3182
0.62644	0.78396	0.10339	0.51206	0.79316	0.11085	0.56893	0.71018	0.061684	0.59532	0.83195	0.52202	0.46697	0.83566	0.50114	0.62372	0.92848	0.063447	0.53592	0.95724	0.070349	0.50778	0.82749	0.90902	0.569	0.78864	0.10691	0.53114	0.83375	0.51157	81.583	0.21402	-11.123	-7.2173	-2.1368	-1.318
0.62645	0.78394	0.10339	0.51207	0.79315	0.11086	0.56889	0.71017	0.061655	0.59532	0.83182	0.52203	0.46698	0.83556	0.50115	0.62374	0.92846	0.063446	0.53594	0.95723	0.070368	0.50776	0.8273	0.90902	0.569	0.78863	0.10691	0.53115	0.83364	0.51158	81.576	0.21388	-11.124	-7.211	-2.1357	-1.3218
0.62645	0.78393	0.10339	0.51208	0.79314	0.11086	0.56885	0.71016	0.061621	0.59532	0.8317	0.52204	0.46699	0.83545	0.50116	0.62376	0.92845	0.063448	0.53596	0.95722	0.070387	0.50775	0.82712	0.90902	0.56901	0.78862	0.1069	0.53116	0.83351	0.51159	81.569	0.21379	-11.128	-7.2028	-2.1361	-1.3296
0.62646	0.78391	0.10339	0.51209	0.79313	0.11086	0.5688	0.71015	0.061584	0.59533	0.83157	0.52205	0.46699	0.83533	0.50117	0.62378	0.92844	0.063452	0.53598	0.95721	0.070407	0.50773	0.82693	0.90902	0.56903	0.78861	0.10689	0.53117	0.83338	0.5116	81.563	0.21386	-11.134	-7.1931	-2.1376	-1.34
0.62647	0.7839	0.10339	0.5121	0.79312	0.11087	0.56877	0.71013	0.061548	0.59534	0.83144	0.52206	0.467	0.83521	0.50118	0.6238	0.92843	0.063457	0.536	0.9572	0.070428	0.50771	0.82676	0.90903	0.56905	0.78859	0.10688	0.53117	0.83325	0.5116	81.557	0.21435	-11.141	-7.1824	-2.1396	-1.3512
0.62647	0.78388	0.10339	0.51211	0.79311	0.11087	0.56875	0.71012	0.06152	0.59535	0.83132	0.52207	0.467	0.83509	0.50119	0.62382	0.92842	0.063463	0.53602	0.95719	0.070448	0.5077	0.82659	0.90903	0.56907	0.78858	0.10688	0.53119	0.83312	0.51161	81.55	0.21612	-11.148	-7.1715	-2.1416	-1.3612
0.62648	0.78387	0.10339	0.51212	0.7931	0.11087	0.56874	0.7101	0.061504	0.59536	0.83121	0.52208	0.467	0.83497	0.50121	0.62383	0.92841	0.063469	0.53604	0.95718	0.070468	0.50768	0.82642	0.90904	0.56909	0.78856	0.10687	0.53119	0.83299	0.51162	81.542	0.21989	-11.156	-7.1608	-2.1436	-1.3691
0.62648	0.78386	0.10338	0.51212	0.7931	0.11088	0.56874	0.71009	0.061497	0.59536	0.8311	0.52209	0.467	0.83486	0.50122	0.62385	0.9284	0.063475	0.53605	0.95718	0.070488	0.50767	0.82625	0.90905	0.56911	0.78855	0.10687	0.5312	0.83287	0.51162	81.532	0.22533	-11.162	-7.1507	-2.1452	-1.3744
0.62649	0.78385	0.10338	0.51213	0.79309	0.11088	0.56875	0.71009	0.061496	0.59537	0.83099	0.52211	0.467	0.83476	0.50123	0.62386	0.92839	0.06348	0.53607	0.95717	0.070505	0.50766	0.82608	0.90905	0.56912	0.78853	0.10686	0.53121	0.83275	0.51163	81.523	0.23172	-11.168	-7.1416	-2.1461	-1.3777
0.62649	0.78384	0.10337	0.51213	0.79308	0.11088	0.56876	0.71008	0.061498	0.59537	0.83089	0.52211	0.467	0.83466	0.50124	0.62387	0.92839	0.063483	0.53608	0.95716	0.070521	0.50765	0.82592	0.90905	0.56913	0.78852	0.10686	0.53121	0.83264	0.51163	81.514	0.23811	-11.172	-7.1339	-2.1461	-1.3797
0.6265	0.78383	0.10336	0.51214	0.79308	0.11088	0.56877	0.71008	0.0615	0.59538	0.83079	0.52212	0.467	0.83457	0.50125	0.62389	0.92838	0.063483	0.5361	0.95716	0.070535	0.50763	0.82576	0.90905	0.56914	0.7885	0.10686	0.53121	0.83254	0.51164	81.505	0.24421	-11.175	-7.1274	-2.1452	-1.3811
0.62651	0.78382	0.10336	0.51214	0.79307	0.11088	0.56877	0.71007	0.061502	0.59538	0.8307	0.52212	0.46701	0.83448	0.50125	0.6239	0.92837	0.06348	0.53612	0.95715	0.070547	0.50762	0.82561	0.90905	0.56914	0.78849	0.10685	0.53122	0.83245	0.51164	81.496	0.24963	-11.178	-7.1219	-2.144	-1.3822
0.62652	0.78381	0.10336	0.51215	0.79307	0.11088	0.56877	0.71007	0.061502	0.59538	0.83061	0.52213	0.46701	0.8344	0.50126	0.62391	0.92837	0.063477	0.53613	0.95715	0.070556	0.50761	0.82545	0.90904	0.56914	0.78848	0.10685	0.53122	0.83236	0.51164	81.489	0.25451	-11.181	-7.1174	-2.1428	-1.3831
0.62653	0.78381	0.10335	0.51215	0.79306	0.11087	0.56877	0.71006	0.061502	0.59538	0.83053	0.52213	0.46701	0.83433	0.50126	0.62392	0.92837	0.063476	0.53614	0.95715	0.070562	0.50759	0.8253	0.90904	0.56914	0.78848	0.10684	0.53122	0.83228	0.51164	81.481	0.25908	-11.184	-7.1138	-2.1421	-1.3836
0.62654	0.7838	0.10335	0.51215	0.79305	0.11087	0.56878	0.71006	0.061505	0.59537	0.83046	0.52214	0.467	0.83427	0.50126	0.62393	0.92836	0.063475	0.53614	0.95715	0.070564	0.50757	0.82516	0.90904	0.56914	0.78847	0.10684	0.53122	0.8322	0.51164	81.474	0.26371	-11.187	-7.1113	-2.1417	-1.3839
0.62654	0.7838	0.10335	0.51216	0.79305	0.11087	0.56879	0.71005	0.06151	0.59537	0.83039	0.52214	0.467	0.8342	0.50126	0.62393	0.92836	0.063477	0.53614	0.95715	0.070563	0.50756	0.82502	0.90904	0.56914	0.78846	0.10684	0.53122	0.83213	0.51165	81.468	0.26815	-11.19	-7.1098	-2.1415	-1.3843
0.62655	0.7838	0.10335	0.51217	0.79305	0.11088	0.5688	0.71005	0.061514	0.59536	0.83032	0.52215	0.46699	0.83413	0.50126	0.62394	0.92836	0.063478	0.53614	0.95715	0.07056	0.50754	0.82488	0.90904	0.56913	0.78845	0.10684	0.53122	0.83206	0.51165	81.462	0.27198	-11.193	-7.109	-2.1415	-1.3852
0.62656	0.78379	0.10335	0.51218	0.79305	0.11088	0.56881	0.71005	0.061516	0.59536	0.83025	0.52216	0.46698	0.83407	0.50127	0.62395	0.92836	0.06348	0.53613	0.95714	0.070557	0.50753	0.82475	0.90904	0.56913	0.78844	0.10684	0.53122	0.83199	0.51165	81.456	0.27553	-11.196	-7.1083	-2.1414	-1.3869
0.62656	0.78379	0.10335	0.51221	0.79304	0.11088	0.56881	0.71005	0.061515	0.59535	0.83018	0.52217	0.46698	0.834	0.50127	0.62396	0.92836	0.06348	0.53613	0.95714	0.070556	0.50752	0.82463	0.90904	0.56913	0.78843	0.10684	0.53121	0.83192	0.51166	81.451	0.27986	-11.199	-7.1071	-2.1412	-1.3895
0.62657	0.78378	0.10335	0.51224	0.79304	0.11088	0.56881	0.71005	0.061515	0.59535	0.83011	0.52217	0.46697	0.83394	0.50128	0.62397	0.92835	0.06348	0.53613	0.95714	0.070558	0.5075	0.82451	0.90905	0.56913	0.78842	0.10684	0.53121	0.83185	0.51167	81.446	0.28587	-11.202	-7.1052	-2.141	-1.3928
0.62658	0.78378	0.10335	0.51228	0.79303	0.11088	0.56882	0.71005	0.061513	0.59534	0.83003	0.52218	0.46697	0.83388	0.50129	0.62398	0.92835	0.063479	0.53613	0.95713	0.070562	0.50749	0.82441	0.90905	0.56913	0.78841	0.10684	0.5312	0.83178	0.51168	81.44	0.29335	-11.205	-7.1025	-2.1409	-1.3963
0.62658	0.78377	0.10334	0.51231	0.79302	0.11088	0.56881	0.71004	0.061507	0.59534	0.82996	0.52219	0.46697	0.83382	0.50129	0.62399	0.92835	0.063477	0.53614	0.95713	0.070568	0.50748	0.82431	0.90906	0.56913	0.78839	0.10684	0.53119	0.83171	0.51168	81.434	0.30078	-11.209	-7.0994	-2.1409	-1.3997
0.62658	0.78376	0.10333	0.51235	0.79301	0.11088	0.56879	0.71004	0.061493	0.59534	0.82989	0.52219	0.46697	0.83376	0.5013	0.624	0.92834	0.063475	0.53614	0.95713	0.070575	0.50747	0.82421	0.90907	0.56913	0.78839	0.10684	0.53119	0.83165	0.51169	81.43	0.30622	-11.213	-7.0967	-2.1413	-1.4029
0.62658	0.78375	0.10331	0.51237	0.79301	0.11088	0.56876	0.71004	0.06147	0.59534	0.82983	0.52219	0.46696	0.83371	0.5013	0.62401	0.92834	0.063474	0.53615	0.95713	0.070582	0.50745	0.82412	0.90907	0.56914	0.78838	0.10684	0.53119	0.83159	0.5117	81.426	0.30836	-11.218	-7.0952	-2.1416	-1.4063
0.62657	0.78375	0.1033	0.51238	0.793	0.11088	0.56871	0.71003	0.061439	0.59534	0.82977	0.52219	0.46695	0.83366	0.50131	0.62402	0.92833	0.063473	0.53616	0.95712	0.070591	0.50745	0.82402	0.90908	0.56914	0.78838	0.10683	0.53119	0.83154	0.5117	81.424	0.30676	-11.222	-7.0958	-2.1417	-1.4104
0.62655	0.78375	0.10329	0.5124	0.793	0.11088	0.56866	0.71002	0.061406	0.59534	0.82972	0.52218	0.46695	0.83361	0.50131	0.62403	0.92833	0.063474	0.53616	0.95712	0.070601	0.50744	0.82392	0.90908	0.56914	0.78838	0.10683	0.53118	0.83149	0.5117	81.422	0.30176	-11.226	-7.0989	-2.1415	-1.415
