4.3554	4.998	63.68	0.53687	0.83627	0.013692	0.58317	0.85153	0.10409	0.50591	0.81439	0.044717	0.58681	0.70894	0.5082	0.45702	0.71504	0.50147	0.61574	0.99498	0.12504	0.53875	1.0371	0.15479	0.52858	0.56929	0.86864	0.5297	0.85393	0.12149	0.52374	0.71292	0.49966	79.468	-5.6203	-11.304	1.104	1.1735	-0.22638	-1.4725	-2.7407	-10.667	-10.335	2.8996	-0.7296	-21.446	3.5119	2.575
5.7734	5.6223	94.095	0.53853	0.84842	0.013777	0.58291	0.86084	0.10381	0.50594	0.82296	0.044811	0.58633	0.71808	0.50667	0.45652	0.72287	0.49936	0.61418	1.0046	0.12389	0.53682	1.0463	0.15315	0.52855	0.57975	0.8674	0.52907	0.86296	0.12006	0.52317	0.72128	0.49796	78.993	-5.8658	-11.211	1.5203	1.7996	-0.43573	-1.1217	-2.7246	-10.521	-14.488	4.2453	-1.1194	-30.056	4.9361	3.396
7.245	5.5455	130.63	0.53976	0.85771	0.013841	0.58264	0.8689	0.10346	0.50599	0.82983	0.04518	0.58593	0.72753	0.50544	0.45612	0.73113	0.4976	0.61251	1.0132	0.12157	0.53473	1.0545	0.14998	0.52862	0.59027	0.86632	0.52841	0.87092	0.11842	0.52268	0.73008	0.49665	78.297	-6.0883	-11.072	2.1919	2.6196	-0.69634	-1.0331	-2.688	-10.389	-18.92	5.889	-1.5795	-39.62	6.5844	4.2942
8.6149	4.1182	172.85	0.54081	0.86573	0.013897	0.58238	0.87588	0.10304	0.50604	0.83524	0.04579	0.58562	0.73725	0.50451	0.45581	0.7398	0.4962	0.61079	1.0207	0.11818	0.53252	1.0618	0.14541	0.52877	0.60088	0.86542	0.52773	0.87796	0.11662	0.52227	0.73928	0.4957	77.384	-6.2893	-10.89	3.0391	3.6172	-0.99008	-1.169	-2.635	-10.259	-23.047	7.7112	-2.0762	-49.041	8.2702	5.1447
9.6536	0.51013	219.79	0.5418	0.87327	0.013949	0.58211	0.88194	0.10254	0.50609	0.83944	0.046603	0.58539	0.74719	0.50384	0.45559	0.74884	0.49515	0.60906	1.0273	0.11388	0.53029	1.0684	0.13963	0.52902	0.61156	0.86472	0.52707	0.88427	0.11472	0.52195	0.74882	0.49508	76.281	-6.4776	-10.669	4.039	4.796	-1.2838	-1.4877	-2.5691	-10.114	-26.435	9.6102	-2.571	-57.589	9.8475	5.8894
10.11	-5.8943	270.59	0.54281	0.88071	0.014	0.58186	0.88724	0.10198	0.50613	0.84267	0.047575	0.58526	0.75728	0.50341	0.45547	0.75819	0.49442	0.6074	1.0332	0.10889	0.5281	1.0743	0.13294	0.52937	0.62232	0.86422	0.52646	0.88999	0.1128	0.52173	0.75862	0.49475	75.035	-6.6681	-10.417	5.0958	6.1389	-1.5448	-1.9483	-2.4936	-9.9325	-28.632	11.41	-3.0208	-64.401	11.083	6.4081
9.7345	-15.255	324.86	0.54392	0.88811	0.014052	0.58162	0.89189	0.1014	0.50616	0.84515	0.048662	0.58523	0.76747	0.50319	0.45545	0.76782	0.49401	0.60584	1.0384	0.10344	0.52604	1.0796	0.12564	0.52982	0.63317	0.86394	0.5259	0.89525	0.11092	0.52162	0.76861	0.49467	73.711	-6.8796	-10.148	6.1245	7.6459	-1.7506	-2.5167	-2.4121	-9.6901	-29.503	12.963	-3.4025	-69.227	11.78	6.6016
8.3075	-27.31	382.53	0.54515	0.89538	0.014103	0.58142	0.89601	0.1008	0.50618	0.84706	0.049813	0.58529	0.77772	0.50317	0.45552	0.77767	0.49387	0.60442	1.0429	0.097788	0.52415	1.0844	0.11806	0.53035	0.64409	0.86387	0.5254	0.90011	0.10912	0.52162	0.77875	0.4948	72.383	-7.1308	-9.879	7.0476	9.3268	-1.8913	-3.1688	-2.3286	-9.3681	-29.098	14.155	-3.7074	-72.192	11.772	6.3838
5.6823	-41.579	443.39	0.5465	0.9024	0.014153	0.58123	0.89963	0.10022	0.5062	0.84854	0.050983	0.58545	0.788	0.50332	0.45568	0.7877	0.49401	0.60316	1.0468	0.092143	0.52249	1.0885	0.11049	0.53097	0.65507	0.86401	0.52497	0.9046	0.10744	0.52172	0.78897	0.4951	71.13	-7.4362	-9.626	7.7928	11.186	-1.9614	-3.89	-2.2485	-8.9568	-27.517	14.913	-3.9279	-73.522	10.941	5.7001
1.8343	-57.55	506.82	0.54793	0.90909	0.014201	0.58107	0.90282	0.099688	0.50621	0.84971	0.052127	0.58567	0.79828	0.50363	0.4559	0.79783	0.4944	0.60208	1.0502	0.086708	0.52108	1.0922	0.1032	0.53167	0.66607	0.86436	0.5246	0.90872	0.10591	0.52191	0.79922	0.49555	70.021	-7.8031	-9.4023	8.2926	13.214	-1.954	-4.6719	-2.1777	-8.4599	-24.828	15.21	-4.0488	-73.39	9.2256	4.5404
-3.1353	-74.707	571.82	0.54938	0.91541	0.014246	0.58093	0.90559	0.099215	0.50622	0.85064	0.053209	0.58596	0.80854	0.50408	0.45618	0.808	0.49501	0.60119	1.0529	0.08165	0.51992	1.0953	0.096391	0.53243	0.67708	0.86491	0.5243	0.91244	0.10455	0.52219	0.80945	0.49612	69.11	-8.2306	-9.2137	8.4858	15.382	-1.8578	-5.5074	-2.1217	-7.8936	-21.067	15.062	-4.0448	-71.877	6.6305	2.9428
-9.0158	-92.443	637.16	0.55078	0.92132	0.014289	0.58079	0.90799	0.098825	0.50621	0.85138	0.054202	0.58629	0.81874	0.50465	0.45649	0.81813	0.49584	0.60046	1.0552	0.077095	0.519	1.0979	0.090228	0.53325	0.68806	0.86563	0.52404	0.91574	0.10336	0.52254	0.81961	0.49678	68.434	-8.7102	-9.0582	8.3294	17.651	-1.6599	-6.3856	-2.0835	-7.2836	-16.311	14.525	-3.8874	-69.104	3.2276	0.99016
-15.502	-110.07	701.58	0.55208	0.92676	0.014328	0.58064	0.91002	0.098528	0.50621	0.85198	0.055084	0.58664	0.82883	0.50532	0.45682	0.82812	0.49682	0.59988	1.057	0.073127	0.51829	1.1	0.084812	0.53412	0.69898	0.86652	0.52382	0.91863	0.10236	0.52294	0.82963	0.49752	68.007	-9.2284	-8.9282	7.8069	19.977	-1.3492	-7.2902	-2.0624	-6.6596	-10.704	13.69	-3.5539	-65.267	-0.8365	-1.1956
-22.233	-126.9	763.87	0.55324	0.93169	0.014364	0.58048	0.91173	0.098326	0.5062	0.85247	0.055847	0.587	0.83872	0.50605	0.45715	0.83789	0.49793	0.5994	1.0585	0.069793	0.51774	1.1017	0.080196	0.53503	0.70982	0.86756	0.52362	0.92111	0.10155	0.52336	0.83944	0.49832	67.83	-9.7685	-8.8123	6.9307	22.312	-0.92243	-8.1997	-2.0545	-6.0523	-4.4405	12.664	-3.0347	-60.595	-5.3581	-3.4731
-28.849	-142.3	822.9	0.55424	0.93608	0.014396	0.5803	0.91312	0.098215	0.50619	0.85286	0.056485	0.58736	0.84835	0.50683	0.45749	0.84734	0.49912	0.59902	1.0595	0.067095	0.51732	1.103	0.076388	0.53597	0.72055	0.86872	0.52342	0.92321	0.10093	0.5238	0.84895	0.49916	67.888	-10.312	-8.6985	5.7408	24.6	-0.3882	-9.0892	-2.053	-5.4912	2.2488	11.547	-2.3397	-55.321	-10.106	-5.7064
-35.054	-155.69	877.67	0.55506	0.93991	0.014423	0.5801	0.91425	0.098184	0.50618	0.85317	0.057003	0.58771	0.85763	0.50763	0.45782	0.85638	0.50031	0.5987	1.0603	0.064998	0.51701	1.104	0.073349	0.53693	0.73117	0.86999	0.52321	0.92497	0.10049	0.52423	0.8581	0.50002	68.152	-10.841	-8.5765	4.2962	26.785	0.22949	-9.9329	-2.0503	-5.0045	9.1007	10.412	-1.5017	-49.694	-14.861	-7.7889
-40.67	-166.68	927.44	0.55571	0.9432	0.014446	0.57989	0.91513	0.098218	0.50617	0.85341	0.05741	0.58806	0.86649	0.50842	0.45815	0.86494	0.50147	0.59843	1.0608	0.063439	0.51677	1.1047	0.071005	0.5379	0.74168	0.87135	0.52299	0.92641	0.10021	0.52464	0.8668	0.50088	68.588	-11.335	-8.4397	2.6598	28.817	0.89736	-10.706	-2.0393	-4.6179	15.853	9.2944	-0.56716	-43.936	-19.456	-9.6584
-45.563	-175.05	971.67	0.55621	0.94598	0.014466	0.57967	0.91581	0.098302	0.50616	0.85359	0.05772	0.58839	0.87488	0.50919	0.45847	0.87294	0.50254	0.5982	1.0612	0.062336	0.51659	1.1052	0.06926	0.53886	0.75207	0.87278	0.52276	0.9276	0.10007	0.52503	0.87502	0.5017	69.155	-11.778	-8.2856	0.89859	30.656	1.5842	-11.389	-2.0141	-4.3529	22.282	8.2226	0.41458	-38.2	-23.739	-11.265
-49.603	-180.69	1009.8	0.55656	0.94829	0.014482	0.57945	0.91633	0.098419	0.50615	0.85373	0.057947	0.5887	0.88277	0.50991	0.45878	0.88034	0.50349	0.598	1.0614	0.061603	0.51646	1.1056	0.068009	0.5398	0.76235	0.87427	0.52252	0.92857	0.10003	0.52538	0.88269	0.50247	69.814	-12.156	-8.1152	-0.91406	32.264	2.2632	-11.963	-1.971	-4.2238	28.2	7.2221	1.395	-32.585	-27.562	-12.565
-52.715	-183.55	1041.3	0.5568	0.95015	0.014495	0.57923	0.91671	0.098558	0.50615	0.85383	0.058106	0.58899	0.89016	0.51058	0.45908	0.88712	0.5043	0.59783	1.0615	0.061159	0.51636	1.1058	0.067155	0.5407	0.77252	0.8758	0.52228	0.92936	0.10006	0.52569	0.88981	0.50317	70.53	-12.461	-7.9332	-2.7012	33.602	2.9088	-12.419	-1.9085	-4.2347	33.454	6.3028	2.3283	-27.161	-30.816	-13.537
-54.919	-183.64	1065.5	0.55693	0.95159	0.014505	0.57901	0.91699	0.098705	0.50614	0.8539	0.058213	0.58926	0.89705	0.51117	0.45936	0.89328	0.50495	0.59769	1.0615	0.060929	0.51628	1.1059	0.066608	0.54153	0.78258	0.87738	0.52204	0.93001	0.10013	0.52597	0.89637	0.50379	71.273	-12.693	-7.7465	-4.3919	34.641	3.4949	-12.752	-1.8276	-4.3766	37.919	5.4473	3.1761	-21.98	-33.455	-14.197
-56.311	-181.07	1081.7	0.55701	0.95266	0.014512	0.57881	0.91718	0.098854	0.50614	0.85395	0.05828	0.5895	0.90346	0.51168	0.45963	0.89885	0.50547	0.59757	1.0615	0.060853	0.51623	1.106	0.066294	0.5423	0.79253	0.879	0.52182	0.93053	0.10024	0.52621	0.9024	0.50431	72.022	-12.855	-7.563	-5.9294	35.364	3.999	-12.963	-1.7309	-4.6284	41.51	4.6261	3.911	-17.078	-35.492	-14.589
-57.044	-176.04	1089.6	0.55706	0.9534	0.014517	0.57863	0.91731	0.098996	0.50615	0.85398	0.058318	0.58972	0.90941	0.51212	0.45989	0.9039	0.50587	0.59748	1.0615	0.06088	0.51619	1.106	0.066151	0.54298	0.80238	0.88065	0.52161	0.93095	0.10036	0.52644	0.90793	0.50477	72.758	-12.958	-7.39	-7.273	35.768	4.4026	-13.058	-1.623	-4.9593	44.174	3.808	4.5159	-12.488	-36.984	-14.767
-57.303	-168.82	1089	0.55712	0.95386	0.01452	0.57847	0.91739	0.09913	0.50615	0.854	0.058339	0.58994	0.91492	0.51249	0.46015	0.9085	0.50618	0.59741	1.0615	0.060971	0.51616	1.106	0.066129	0.54356	0.8121	0.88232	0.52143	0.93127	0.10049	0.52665	0.913	0.50515	73.469	-13.011	-7.2326	-8.4005	35.867	4.6924	-13.048	-1.5098	-5.3323	45.899	2.97	4.9819	-8.2563	-38.019	-14.796
-57.267	-159.77	1080.3	0.55723	0.95409	0.014522	0.57834	0.91744	0.099251	0.50616	0.854	0.058351	0.59015	0.92001	0.5128	0.46041	0.91272	0.50643	0.59737	1.0615	0.061096	0.51615	1.1059	0.066189	0.54404	0.82171	0.88402	0.52128	0.93152	0.10063	0.52685	0.91765	0.5055	74.148	-13.023	-7.0941	-9.3092	35.688	4.8615	-12.941	-1.3986	-5.7091	46.698	2.1074	5.3069	-4.4388	-38.696	-14.73
-57.071	-149.26	1064	0.5574	0.95414	0.014523	0.57824	0.91745	0.09936	0.50616	0.854	0.058358	0.59036	0.92471	0.51305	0.46067	0.91665	0.50664	0.59734	1.0614	0.061234	0.51615	1.1059	0.066299	0.54443	0.83118	0.88575	0.52116	0.93169	0.10079	0.52706	0.92195	0.50581	74.788	-13.004	-6.976	-10.017	35.267	4.9118	-12.751	-1.2973	-6.0544	46.623	1.2379	5.4949	-1.082	-39.103	-14.607
-56.797	-137.72	1040.9	0.55765	0.95406	0.014523	0.57816	0.91746	0.099457	0.50617	0.85399	0.058368	0.59059	0.92901	0.51327	0.46094	0.92035	0.50686	0.59734	1.0614	0.061369	0.51615	1.1058	0.066435	0.54472	0.84053	0.8875	0.52108	0.9318	0.10095	0.52728	0.92593	0.50611	75.386	-12.958	-6.8786	-10.555	34.646	4.8517	-12.487	-1.2137	-6.3395	45.752	0.39793	5.5529	1.7844	-39.298	-14.446
-56.469	-125.53	1012.3	0.55799	0.95391	0.014523	0.57811	0.91744	0.099543	0.50618	0.85399	0.058382	0.59084	0.93296	0.51346	0.46121	0.92389	0.50709	0.59734	1.0613	0.061492	0.51616	1.1058	0.06658	0.54493	0.84976	0.88927	0.52105	0.93187	0.10113	0.52752	0.92963	0.50641	75.941	-12.889	-6.801	-10.967	33.867	4.6946	-12.159	-1.154	-6.5446	44.183	-0.3652	5.49	4.1495	-39.312	-14.252
-56.07	-113.07	979.17	0.55842	0.95374	0.014523	0.57807	0.91743	0.099619	0.50618	0.85398	0.058405	0.59111	0.93656	0.51363	0.46149	0.92732	0.50734	0.59736	1.0613	0.061598	0.51618	1.1057	0.066721	0.54508	0.85888	0.89103	0.52107	0.9319	0.10133	0.52777	0.93308	0.50671	76.45	-12.798	-6.7413	-11.301	32.975	4.4571	-11.773	-1.1214	-6.6605	42.029	-1.0054	5.3172	6.0218	-39.147	-14.014
-55.565	-100.65	942.76	0.55894	0.95362	0.014524	0.57806	0.91742	0.099687	0.50619	0.85398	0.058437	0.59139	0.93986	0.51379	0.46176	0.93065	0.50761	0.59739	1.0613	0.061683	0.51621	1.1057	0.066847	0.54517	0.86791	0.89278	0.52114	0.93191	0.10153	0.52804	0.93633	0.50701	76.916	-12.684	-6.6966	-11.602	32.01	4.1571	-11.337	-1.1158	-6.6883	39.409	-1.4913	5.0479	7.4291	-38.791	-13.718
-54.917	-88.543	904.22	0.55955	0.95358	0.014525	0.57805	0.91741	0.099748	0.50619	0.85398	0.05848	0.59169	0.94288	0.51394	0.46203	0.93393	0.50788	0.59742	1.0612	0.061748	0.51623	1.1056	0.066953	0.54522	0.87686	0.8945	0.52124	0.93191	0.10174	0.52831	0.93939	0.50733	77.34	-12.546	-6.6636	-11.916	31.005	3.8127	-10.857	-1.1337	-6.6385	36.442	-1.8098	4.6984	8.4111	-38.233	-13.352
-54.097	-76.957	864.65	0.56022	0.95369	0.014528	0.57805	0.91741	0.099804	0.50619	0.85399	0.058534	0.59199	0.94566	0.51408	0.4623	0.93715	0.50815	0.59746	1.0612	0.061793	0.51626	1.1056	0.067035	0.54524	0.88576	0.89617	0.52139	0.93192	0.10196	0.52858	0.9423	0.50764	77.727	-12.382	-6.6384	-12.279	29.99	3.4416	-10.337	-1.1688	-6.5282	33.237	-1.9624	4.2869	9.0146	-37.462	-12.906
-53.09	-66.05	825.03	0.56096	0.95398	0.014532	0.57805	0.91742	0.099857	0.50618	0.85401	0.0586	0.59229	0.94825	0.51421	0.46256	0.94031	0.50838	0.59749	1.0612	0.061819	0.51629	1.1056	0.067091	0.54523	0.89462	0.89778	0.52155	0.93193	0.10219	0.52884	0.94508	0.50795	78.081	-12.193	-6.6175	-12.725	28.988	3.0597	-9.7853	-1.2138	-6.3792	29.892	-1.9601	3.8323	9.2899	-36.478	-12.378
-51.901	-55.929	786.27	0.56176	0.95452	0.014538	0.57805	0.91744	0.099908	0.50617	0.85403	0.058677	0.59258	0.9507	0.51434	0.46281	0.94342	0.50858	0.59752	1.0612	0.061828	0.51632	1.1056	0.06712	0.54521	0.90345	0.8993	0.52173	0.93196	0.10242	0.52907	0.94775	0.50826	78.407	-11.977	-6.5986	-13.28	28.023	2.6802	-9.2078	-1.2618	-6.2144	26.49	-1.8195	3.3529	9.2889	-35.294	-11.777
-50.552	-46.666	749.16	0.56261	0.95535	0.014546	0.57804	0.91748	0.099958	0.50616	0.85406	0.058766	0.59286	0.95303	0.51446	0.46305	0.94645	0.50873	0.59755	1.0612	0.061822	0.51635	1.1056	0.06712	0.54517	0.91225	0.90073	0.52192	0.93201	0.10266	0.52929	0.95033	0.50855	78.709	-11.738	-6.5799	-13.968	27.115	2.3136	-8.6117	-1.3068	-6.0556	23.098	-1.5601	2.8659	9.0651	-33.936	-11.118
-49.082	-38.296	714.39	0.56349	0.95652	0.014556	0.57802	0.91753	0.10001	0.50614	0.85411	0.058866	0.59312	0.95531	0.51458	0.46327	0.94942	0.50883	0.59757	1.0612	0.061801	0.51638	1.1056	0.067093	0.54512	0.92105	0.90205	0.52211	0.93207	0.1029	0.52948	0.95286	0.50884	78.992	-11.48	-6.5606	-14.808	26.279	1.9675	-8.0046	-1.3445	-5.9209	19.77	-1.2026	2.3866	8.6751	-32.445	-10.421
-47.549	-30.833	682.53	0.56441	0.95807	0.014568	0.578	0.91761	0.10007	0.50612	0.85416	0.058977	0.59335	0.95757	0.51468	0.46348	0.95232	0.50888	0.59759	1.0613	0.061766	0.51641	1.1056	0.067037	0.54506	0.92982	0.90325	0.52229	0.93217	0.10315	0.52964	0.95535	0.50911	79.26	-11.208	-6.5408	-15.816	25.532	1.6469	-7.3938	-1.3723	-5.8239	16.548	-0.76836	1.9278	8.1786	-30.871	-9.7115
-46.027	-24.269	654	0.56536	0.96005	0.014584	0.57796	0.9177	0.10013	0.5061	0.85422	0.0591	0.59356	0.95984	0.51477	0.46367	0.95515	0.50889	0.5976	1.0613	0.061719	0.51645	1.1057	0.066954	0.54499	0.93859	0.90433	0.52247	0.93228	0.1034	0.52977	0.95784	0.50937	79.516	-10.931	-6.5205	-17.007	24.887	1.3546	-6.7871	-1.3889	-5.7732	13.466	-0.27962	1.4992	7.6387	-29.276	-9.0162
-44.599	-18.587	629.11	0.56634	0.96249	0.014603	0.57791	0.9178	0.10019	0.50607	0.85429	0.059234	0.59374	0.96217	0.51485	0.46384	0.95793	0.50886	0.5976	1.0614	0.061659	0.51648	1.1058	0.066844	0.54492	0.94734	0.90529	0.52262	0.93243	0.10366	0.52988	0.96035	0.50961	79.764	-10.656	-6.5001	-18.39	24.357	1.0922	-6.192	-1.394	-5.7719	10.55	0.24043	1.1086	7.1226	-27.727	-8.3601
-43.352	-13.748	608.04	0.56737	0.96538	0.014625	0.57786	0.91793	0.10027	0.50605	0.85437	0.05938	0.59389	0.96459	0.51491	0.46399	0.96066	0.50881	0.5976	1.0615	0.061586	0.5165	1.1059	0.066709	0.54483	0.95606	0.90611	0.52276	0.9326	0.10392	0.52996	0.96289	0.50983	80.007	-10.392	-6.4797	-19.972	23.951	0.85993	-5.6155	-1.3886	-5.819	7.8189	0.76829	0.76063	6.6943	-26.289	-7.7638
-42.361	-9.6964	590.83	0.56843	0.96872	0.01465	0.57779	0.91807	0.10035	0.50603	0.85446	0.059538	0.59401	0.9671	0.51495	0.46411	0.96338	0.50873	0.59759	1.0616	0.061502	0.51653	1.106	0.066549	0.54474	0.96477	0.9068	0.52287	0.93281	0.10418	0.53002	0.9655	0.51003	80.248	-10.147	-6.4597	-21.754	23.674	0.65615	-5.0636	-1.3742	-5.9096	5.2857	1.2843	0.45619	6.4093	-25.02	-7.2409
-41.68	-6.3551	577.44	0.56952	0.97247	0.014677	0.57771	0.91824	0.10043	0.506	0.85456	0.059706	0.59412	0.96974	0.51496	0.46422	0.96609	0.50864	0.59758	1.0617	0.061407	0.51655	1.1061	0.066367	0.54464	0.97345	0.90735	0.52296	0.93304	0.10445	0.53005	0.9682	0.51021	80.489	-9.9267	-6.4407	-23.735	23.531	0.4779	-4.5413	-1.353	-6.0361	2.9543	1.7755	0.19277	6.3105	-23.963	-6.7972
-41.335	-3.6304	567.72	0.57065	0.97657	0.014707	0.57761	0.91841	0.10052	0.50598	0.85467	0.059882	0.5942	0.97252	0.51494	0.46431	0.96884	0.50853	0.59757	1.0618	0.061302	0.51658	1.1063	0.066165	0.54454	0.98211	0.90777	0.52303	0.9333	0.10472	0.53007	0.971	0.51036	80.735	-9.7344	-6.4233	-25.905	23.521	0.32217	-4.0522	-1.3277	-6.1902	0.82321	2.2364	-0.03371	6.4274	-23.137	-6.4307
-41.322	-1.419	561.46	0.57179	0.98093	0.014739	0.57751	0.9186	0.10061	0.50595	0.85478	0.060066	0.59427	0.97545	0.51489	0.46438	0.97164	0.50841	0.59755	1.0619	0.061188	0.5166	1.1065	0.065946	0.54444	0.99075	0.90804	0.52307	0.93358	0.10498	0.53007	0.97391	0.51049	80.986	-9.571	-6.4081	-28.253	23.638	0.18593	-3.5991	-1.3008	-6.3624	-1.115	2.6699	-0.2285	6.776	-22.541	-6.1324
-41.609	0.38884	558.4	0.57292	0.98547	0.014772	0.57738	0.9188	0.10071	0.50592	0.85489	0.060253	0.59431	0.97853	0.51481	0.46443	0.97453	0.50827	0.59753	1.0621	0.061068	0.51662	1.1067	0.065713	0.54434	0.99937	0.90817	0.5231	0.93389	0.10524	0.53006	0.97697	0.51058	81.247	-9.4355	-6.3952	-30.769	23.875	0.066242	-3.1839	-1.2744	-6.5435	-2.8734	3.0851	-0.39726	7.3577	-22.155	-5.89
-42.148	1.8961	558.28	0.57402	0.99011	0.014806	0.57725	0.91901	0.10081	0.50587	0.85501	0.060442	0.59433	0.98176	0.5147	0.46447	0.97754	0.50812	0.59751	1.0622	0.060944	0.51665	1.1069	0.06547	0.54425	1.008	0.90816	0.52311	0.93422	0.1055	0.53003	0.98017	0.51065	81.52	-9.3246	-6.3844	-33.445	24.221	-0.040038	-2.8079	-1.2502	-6.725	-4.467	3.4951	-0.54584	8.1675	-21.944	-5.6906
-42.886	3.1894	560.85	0.57507	0.99478	0.014839	0.57709	0.91923	0.10091	0.50582	0.85514	0.060631	0.59434	0.98514	0.51455	0.46448	0.98069	0.50795	0.5975	1.0624	0.060818	0.51668	1.1071	0.065222	0.54417	1.0166	0.90801	0.52309	0.93457	0.10575	0.52998	0.98352	0.51068	81.806	-9.2331	-6.3747	-36.277	24.665	-0.13608	-2.4722	-1.2292	-6.8991	-5.9092	3.9131	-0.67977	9.2012	-21.871	-5.5233
-43.775	4.338	565.87	0.57603	0.99942	0.014872	0.57692	0.91945	0.10102	0.50575	0.85526	0.060819	0.59434	0.98866	0.51437	0.46449	0.98401	0.50776	0.59748	1.0626	0.060692	0.51671	1.1074	0.064971	0.5441	1.0252	0.90772	0.52306	0.93494	0.10601	0.52992	0.98703	0.51068	82.109	-9.1548	-6.3654	-39.264	25.19	-0.22448	-2.1769	-1.2122	-7.0589	-7.2111	4.3478	-0.80353	10.457	-21.905	-5.3795
-44.782	5.3965	573.13	0.5769	1.004	0.014905	0.57673	0.91968	0.10113	0.50567	0.8554	0.061008	0.59432	0.99232	0.51416	0.46447	0.98751	0.50754	0.59748	1.0627	0.06057	0.51675	1.1076	0.064722	0.54404	1.0338	0.9073	0.52301	0.93533	0.10626	0.52985	0.99071	0.51064	82.429	-9.0825	-6.3555	-42.409	25.779	-0.30869	-1.9216	-1.1998	-7.1985	-8.3805	4.8012	-0.92193	11.94	-22.026	-5.2561
-45.885	6.4138	582.48	0.57765	1.0085	0.014936	0.57652	0.91991	0.10124	0.50558	0.85554	0.061202	0.59429	0.9961	0.51393	0.46445	0.99122	0.50729	0.59747	1.0629	0.060454	0.51679	1.1079	0.064477	0.544	1.0424	0.90673	0.52295	0.93573	0.10652	0.52976	0.99455	0.51055	82.765	-9.0094	-6.3445	-45.714	26.414	-0.39305	-1.7048	-1.1922	-7.314	-9.4245	5.2703	-1.0402	13.652	-22.225	-5.1533
-47.083	7.4392	593.79	0.57828	1.0128	0.014967	0.57629	0.92015	0.10137	0.50548	0.85569	0.061403	0.59425	1	0.51366	0.46441	0.99512	0.50699	0.59748	1.0631	0.060343	0.51684	1.1081	0.064241	0.54398	1.051	0.90604	0.52287	0.93615	0.10677	0.52967	0.99854	0.51043	83.119	-8.9294	-6.3318	-49.183	27.083	-0.48245	-1.5241	-1.1891	-7.4032	-10.35	5.7476	-1.1636	15.597	-22.505	-5.0744
-48.38	8.5295	606.95	0.57879	1.017	0.014996	0.57604	0.92039	0.1015	0.50539	0.85585	0.061614	0.59421	1.004	0.51336	0.46437	0.99922	0.50666	0.59748	1.0633	0.060238	0.51689	1.1084	0.064014	0.54398	1.0597	0.90522	0.52278	0.93659	0.10703	0.52956	1.0027	0.51026	83.488	-8.8383	-6.3172	-52.817	27.771	-0.58181	-1.3762	-1.1899	-7.4667	-11.165	6.2237	-1.297	17.772	-22.872	-5.0239
-49.786	9.7547	621.9	0.57918	1.021	0.015023	0.57577	0.92065	0.10165	0.50529	0.85602	0.061836	0.59416	1.0081	0.51304	0.46432	1.0035	0.50628	0.59749	1.0634	0.060138	0.51695	1.1086	0.063798	0.54399	1.0684	0.90428	0.52267	0.93705	0.10728	0.52946	1.007	0.51005	83.872	-8.7343	-6.3006	-56.615	28.473	-0.69486	-1.2572	-1.1939	-7.5066	-11.879	6.691	-1.444	20.167	-23.337	-5.005
-51.308	11.195	638.54	0.57946	1.0248	0.015048	0.57549	0.92093	0.10182	0.50518	0.8562	0.062071	0.59412	1.0123	0.51268	0.46427	1.0079	0.50584	0.5975	1.0636	0.060041	0.51702	1.1089	0.063592	0.54403	1.0771	0.90322	0.52255	0.93754	0.10754	0.52936	1.0114	0.50978	84.269	-8.6175	-6.2829	-60.57	29.185	-0.82333	-1.1629	-1.2006	-7.5267	-12.503	7.1467	-1.6059	22.765	-23.906	-5.0186
-52.949	12.934	656.8	0.57964	1.0283	0.015072	0.5752	0.92122	0.10202	0.50507	0.85638	0.062322	0.59407	1.0166	0.51229	0.46421	1.0125	0.50537	0.5975	1.0637	0.059946	0.51708	1.1091	0.063397	0.54407	1.0858	0.90205	0.52242	0.93806	0.1078	0.52925	1.0159	0.50947	84.676	-8.4902	-6.2658	-64.668	29.906	-0.96704	-1.0892	-1.21	-7.5316	-13.048	7.5931	-1.7822	25.546	-24.576	-5.063
-54.703	15.058	676.57	0.57974	1.0316	0.015094	0.57489	0.92152	0.10224	0.50494	0.85657	0.062593	0.59401	1.0209	0.51187	0.46415	1.0173	0.50485	0.5975	1.0638	0.059851	0.51714	1.1093	0.06321	0.54414	1.0946	0.90078	0.52227	0.93861	0.10806	0.52914	1.0205	0.50912	85.09	-8.3555	-6.2511	-68.892	30.637	-1.1245	-1.0323	-1.2222	-7.5268	-13.523	8.0369	-1.9713	28.487	-25.34	-5.1353
-56.554	17.643	697.7	0.57976	1.0346	0.015113	0.57457	0.92185	0.10249	0.50481	0.85676	0.062891	0.59395	1.0254	0.51143	0.46409	1.0221	0.50429	0.59749	1.0639	0.059759	0.5172	1.1095	0.063031	0.54421	1.1034	0.89941	0.52211	0.9392	0.10833	0.52902	1.0252	0.50873	85.508	-8.2172	-6.241	-73.219	31.378	-1.2934	-0.98993	-1.2375	-7.5175	-13.933	8.4869	-2.1704	31.562	-26.183	-5.232
-58.483	20.757	720.01	0.57973	1.0372	0.01513	0.57424	0.9222	0.10277	0.50467	0.85697	0.063227	0.59388	1.0299	0.51095	0.46401	1.027	0.5037	0.59749	1.064	0.059671	0.51726	1.1097	0.062861	0.54428	1.1122	0.89797	0.52194	0.93982	0.1086	0.5289	1.03	0.5083	85.928	-8.079	-6.237	-77.621	32.129	-1.4707	-0.96107	-1.2559	-7.5086	-14.278	8.952	-2.3766	34.752	-27.087	-5.3493
-60.461	24.456	743.3	0.57963	1.0396	0.015146	0.57391	0.92258	0.1031	0.50452	0.85718	0.06361	0.59379	1.0345	0.51044	0.46392	1.032	0.50309	0.59748	1.0641	0.059591	0.51731	1.1099	0.0627	0.54435	1.121	0.89645	0.52176	0.94048	0.10889	0.52876	1.0349	0.50784	86.348	-7.9435	-6.2402	-82.067	32.885	-1.6531	-0.94624	-1.2772	-7.5038	-14.553	9.4398	-2.586	38.035	-28.029	-5.483
-62.464	28.78	767.35	0.57949	1.0417	0.015159	0.57358	0.92299	0.10347	0.50436	0.85742	0.064056	0.59369	1.0392	0.50991	0.46382	1.037	0.50245	0.59747	1.0642	0.059522	0.51736	1.11	0.062547	0.54441	1.1299	0.89487	0.52156	0.94117	0.1092	0.52861	1.0399	0.50735	86.766	-7.8124	-6.2517	-86.526	33.638	-1.8367	-0.94695	-1.3011	-7.5054	-14.75	9.9535	-2.7947	41.392	-28.988	-5.6288
-64.476	33.751	791.93	0.5793	1.0436	0.015171	0.57326	0.92344	0.10389	0.5042	0.85767	0.064578	0.59356	1.044	0.50936	0.46369	1.0422	0.5018	0.59747	1.0644	0.059468	0.51741	1.1102	0.062404	0.54446	1.1388	0.89325	0.52136	0.9419	0.10953	0.52845	1.045	0.50684	87.181	-7.6861	-6.2727	-90.969	34.38	-2.0177	-0.96543	-1.3271	-7.5141	-14.855	10.49	-2.9988	44.811	-29.95	-5.7822
-66.491	39.371	816.8	0.57908	1.0452	0.015181	0.57295	0.92393	0.10437	0.50405	0.85795	0.065192	0.59342	1.0488	0.50879	0.46355	1.0474	0.50113	0.59748	1.0645	0.05943	0.51746	1.1104	0.062269	0.54448	1.1477	0.89159	0.52116	0.94265	0.1099	0.52826	1.0501	0.50631	87.59	-7.5634	-6.3052	-95.368	35.098	-2.1917	-1.0045	-1.3551	-7.5285	-14.852	11.044	-3.194	48.284	-30.906	-5.9375
-68.511	45.622	841.73	0.57883	1.0466	0.015189	0.57267	0.92448	0.10492	0.5039	0.85826	0.065913	0.59325	1.0538	0.5082	0.46338	1.0527	0.50045	0.59748	1.0646	0.059409	0.51751	1.1105	0.062144	0.54447	1.1566	0.8899	0.52096	0.94344	0.11032	0.52806	1.0554	0.50577	87.994	-7.442	-6.3508	-99.697	35.781	-2.3534	-1.0673	-1.385	-7.5457	-14.719	11.603	-3.3756	51.812	-31.851	-6.087
-70.545	52.461	866.45	0.57857	1.0478	0.015196	0.57242	0.92508	0.10553	0.50377	0.8586	0.066755	0.59305	1.059	0.5076	0.46319	1.0582	0.49975	0.59749	1.0647	0.059402	0.51756	1.1107	0.062028	0.54442	1.1655	0.88818	0.52077	0.94426	0.1108	0.52784	1.0608	0.50521	88.39	-7.3189	-6.4115	-103.94	36.412	-2.4965	-1.1567	-1.4168	-7.5611	-14.434	12.153	-3.5384	55.397	-32.787	-6.2207
-72.602	59.829	890.68	0.57831	1.0489	0.015203	0.5722	0.92575	0.10622	0.50366	0.85898	0.067731	0.59284	1.0642	0.50699	0.46298	1.0638	0.49905	0.59749	1.0648	0.059407	0.51761	1.1109	0.06192	0.54433	1.1745	0.88643	0.5206	0.94513	0.11134	0.52761	1.0664	0.50463	88.778	-7.1907	-6.4886	-108.07	36.975	-2.6139	-1.2757	-1.4509	-7.569	-13.972	12.677	-3.6765	59.046	-33.716	-6.3266
-74.679	67.661	914.14	0.57805	1.05	0.015209	0.57201	0.92649	0.10698	0.50357	0.85941	0.068854	0.59261	1.0697	0.50639	0.46275	1.0696	0.49832	0.59748	1.0649	0.059421	0.51767	1.1111	0.061819	0.54419	1.1836	0.88465	0.52046	0.94604	0.11197	0.52736	1.0722	0.50404	89.158	-7.0545	-6.5837	-112.08	37.449	-2.6986	-1.427	-1.4875	-7.5625	-13.31	13.159	-3.784	62.765	-34.633	-6.3907
-76.76	75.894	936.55	0.5778	1.0509	0.015215	0.57188	0.92731	0.10781	0.5035	0.85989	0.070133	0.59235	1.0752	0.50578	0.46251	1.0757	0.49757	0.59745	1.065	0.05944	0.51772	1.1113	0.061726	0.544	1.1927	0.88286	0.52036	0.947	0.11268	0.5271	1.0781	0.50343	89.53	-6.9076	-6.6979	-115.95	37.812	-2.7447	-1.6129	-1.527	-7.5344	-12.427	13.588	-3.8558	66.554	-35.531	-6.4001
-78.812	84.471	957.65	0.57754	1.0519	0.01522	0.57179	0.92822	0.10873	0.50346	0.86042	0.071578	0.59209	1.081	0.50517	0.46226	1.0819	0.49678	0.59741	1.0651	0.059459	0.51778	1.1115	0.061638	0.54375	1.202	0.88105	0.5203	0.94803	0.1135	0.52684	1.0843	0.5028	89.894	-6.7479	-6.8325	-119.64	38.042	-2.7468	-1.836	-1.5697	-7.4786	-11.305	13.958	-3.8875	70.398	-36.385	-6.345
-80.781	93.345	977.12	0.57728	1.0528	0.015225	0.57176	0.92921	0.10974	0.50345	0.86101	0.073198	0.59181	1.0869	0.50457	0.46201	1.0885	0.49596	0.59734	1.0652	0.059474	0.51784	1.1117	0.061556	0.54346	1.2114	0.87923	0.52029	0.94912	0.11442	0.52657	1.0906	0.50215	90.249	-6.5733	-6.9886	-123.13	38.117	-2.7009	-2.0992	-1.6158	-7.3909	-9.9342	14.274	-3.8755	74.263	-37.159	-6.2207
-82.598	102.48	994.67	0.57701	1.0537	0.01523	0.57177	0.9303	0.11083	0.50346	0.86166	0.075004	0.59154	1.0931	0.50398	0.46176	1.0953	0.49509	0.59725	1.0653	0.05948	0.51789	1.1119	0.061481	0.54312	1.2208	0.87741	0.52033	0.95028	0.11547	0.52631	1.0972	0.50147	90.595	-6.3822	-7.1671	-126.37	38.016	-2.605	-2.4059	-1.6651	-7.2697	-8.3152	14.547	-3.8184	78.088	-37.804	-6.0292
-84.184	111.83	1010	0.57672	1.0546	0.015236	0.57185	0.9315	0.11201	0.50352	0.86239	0.077003	0.59126	1.0994	0.5034	0.46153	1.1024	0.49416	0.59713	1.0654	0.059471	0.51795	1.112	0.061411	0.54274	1.2304	0.87563	0.52042	0.95154	0.11664	0.52606	1.1041	0.50077	90.93	-6.1728	-7.369	-129.33	37.717	-2.4603	-2.7595	-1.7172	-7.1162	-6.4543	14.787	-3.7179	81.797	-38.264	-5.7771
-85.463	121.37	1022.6	0.57641	1.0555	0.015241	0.57198	0.9328	0.11329	0.5036	0.8632	0.079208	0.591	1.106	0.50282	0.46132	1.1099	0.49316	0.59698	1.0654	0.059441	0.51801	1.1122	0.061348	0.54231	1.2401	0.87388	0.52056	0.9529	0.11793	0.52582	1.1113	0.50004	91.254	-5.944	-7.5946	-131.93	37.2	-2.2716	-3.1629	-1.7714	-6.9338	-4.3642	15.007	-3.5785	85.3	-38.488	-5.4733
-86.371	131.04	1032.3	0.57607	1.0564	0.015245	0.57218	0.93423	0.11467	0.50372	0.8641	0.081629	0.59076	1.1129	0.50225	0.46114	1.1176	0.4921	0.5968	1.0654	0.059384	0.51807	1.1124	0.061291	0.54183	1.25	0.87218	0.52075	0.95437	0.11937	0.5256	1.1187	0.49929	91.565	-5.6953	-7.8442	-134.14	36.453	-2.0455	-3.6188	-1.8263	-6.7281	-2.0617	15.213	-3.4068	88.501	-38.434	-5.1264
-86.86	140.78	1038.7	0.57569	1.0572	0.01525	0.57243	0.93577	0.11615	0.50389	0.8651	0.084278	0.59054	1.12	0.50169	0.461	1.1257	0.49096	0.5966	1.0654	0.059293	0.51813	1.1125	0.061241	0.5413	1.2599	0.87054	0.52099	0.95597	0.12095	0.52541	1.1264	0.4985	91.862	-5.4268	-8.1179	-135.88	35.467	-1.7895	-4.1299	-1.8806	-6.5058	0.43534	15.404	-3.2101	91.309	-38.071	-4.7433
-86.901	150.47	1041.3	0.57529	1.0581	0.015254	0.57275	0.93745	0.11773	0.5041	0.86622	0.087165	0.59035	1.1274	0.50111	0.46092	1.134	0.48974	0.59637	1.0653	0.05916	0.51818	1.1126	0.061198	0.54072	1.2699	0.86896	0.52129	0.9577	0.12268	0.52525	1.1344	0.49768	92.142	-5.1392	-8.4157	-137.1	34.243	-1.5115	-4.6993	-1.9331	-6.2749	3.1099	15.574	-2.9962	93.635	-37.389	-4.3283
-86.48	160.01	1040	0.57486	1.0589	0.015259	0.57314	0.93927	0.11942	0.50435	0.86747	0.090304	0.5902	1.1351	0.50053	0.46088	1.1427	0.48845	0.59612	1.0652	0.05898	0.51824	1.1126	0.06116	0.54007	1.28	0.86745	0.52164	0.95959	0.12455	0.52513	1.1427	0.49681	92.403	-4.8334	-8.7373	-137.74	32.786	-1.2189	-5.3308	-1.9821	-6.0436	5.9451	15.711	-2.7724	95.4	-36.39	-3.8841
-85.587	169.24	1034.2	0.57441	1.0597	0.015263	0.57359	0.94125	0.12122	0.50465	0.86888	0.093706	0.5901	1.1431	0.49991	0.46092	1.1516	0.48707	0.59586	1.0651	0.058746	0.5183	1.1126	0.061127	0.53934	1.2902	0.86601	0.52204	0.96165	0.12657	0.52507	1.1513	0.49588	92.643	-4.5102	-9.0817	-137.74	31.108	-0.91784	-6.0288	-2.0262	-5.8203	8.9252	15.802	-2.5454	96.533	-35.081	-3.4113
-84.21	177.96	1023.8	0.57395	1.0605	0.015267	0.57411	0.94339	0.12313	0.50499	0.87048	0.097385	0.59006	1.1514	0.49925	0.46102	1.1609	0.4856	0.59558	1.0649	0.058458	0.51836	1.1126	0.061096	0.53852	1.3005	0.86464	0.5225	0.9639	0.12874	0.52507	1.1602	0.49489	92.858	-4.1703	-9.4469	-137.03	29.226	-0.61373	-6.7986	-2.0642	-5.6127	12.033	15.837	-2.3221	96.976	-33.474	-2.9103
-82.328	185.95	1008.3	0.57347	1.0613	0.01527	0.57468	0.94572	0.12516	0.50536	0.87229	0.10136	0.59008	1.1601	0.49853	0.4612	1.1704	0.48403	0.5953	1.0647	0.058116	0.51841	1.1125	0.061068	0.53761	1.3109	0.86334	0.52301	0.96636	0.13105	0.52513	1.1695	0.49382	93.044	-3.8139	-9.8292	-135.54	27.163	-0.31184	-7.6459	-2.0945	-5.4276	15.246	15.809	-2.1103	96.683	-31.579	-2.3831
-79.913	192.93	987.35	0.57298	1.0621	0.015274	0.57531	0.94825	0.12731	0.50577	0.87436	0.10564	0.59017	1.1691	0.49774	0.46147	1.1804	0.48236	0.59501	1.0644	0.057726	0.51847	1.1124	0.061038	0.5366	1.3214	0.86212	0.52358	0.96906	0.13351	0.52528	1.1792	0.49265	93.193	-3.4405	-10.223	-133.23	24.944	-0.016778	-8.5769	-2.1158	-5.2709	18.539	15.718	-1.9184	95.625	-29.4	-1.834
-76.931	198.57	960.65	0.57249	1.0629	0.015278	0.57597	0.95103	0.1296	0.50619	0.87675	0.11026	0.59034	1.1786	0.49686	0.46182	1.1906	0.48056	0.59473	1.0641	0.057302	0.51852	1.1122	0.061006	0.53547	1.332	0.86096	0.52418	0.97204	0.13613	0.52551	1.1892	0.49138	93.295	-3.049	-10.621	-130.01	22.601	0.26718	-9.5985	-2.1263	-5.1477	21.872	15.565	-1.7555	93.787	-26.948	-1.2721
-73.357	202.53	927.88	0.57199	1.0637	0.015282	0.57666	0.95409	0.13205	0.5066	0.8795	0.11524	0.59059	1.1885	0.49589	0.46228	1.2014	0.47863	0.59446	1.0638	0.056865	0.51858	1.112	0.060969	0.53423	1.3427	0.85988	0.52482	0.97534	0.1389	0.52585	1.1997	0.48998	93.338	-2.6383	-11.013	-125.84	20.17	0.5361	-10.718	-2.1249	-5.0624	25.198	15.351	-1.6309	91.176	-24.241	-0.71141
-69.185	204.42	888.82	0.57147	1.0646	0.015286	0.57734	0.95747	0.1347	0.50698	0.88269	0.12061	0.59094	1.1989	0.49481	0.46285	1.2125	0.47656	0.5942	1.0635	0.056447	0.51863	1.1118	0.060926	0.53288	1.3534	0.85889	0.52548	0.979	0.14183	0.52629	1.2106	0.48844	93.306	-2.2074	-11.388	-120.67	17.692	0.78613	-11.945	-2.1105	-5.0181	28.451	15.076	-1.5536	87.817	-21.314	-0.17059
-64.443	203.88	843.39	0.57094	1.0655	0.015291	0.578	0.96122	0.13756	0.5073	0.88639	0.1264	0.59139	1.2098	0.49362	0.46354	1.2242	0.47433	0.59396	1.0632	0.056091	0.51868	1.1116	0.060877	0.53143	1.3642	0.85798	0.52613	0.98309	0.14492	0.52684	1.2221	0.48675	93.18	-1.7568	-11.735	-114.49	15.221	1.0129	-13.289	-2.0826	-5.017	31.546	14.733	-1.5302	83.759	-18.229	0.32981
-59.21	200.57	791.75	0.57041	1.0666	0.015296	0.57861	0.9654	0.14069	0.50753	0.89069	0.13267	0.59195	1.2212	0.49231	0.46436	1.2365	0.47193	0.59376	1.063	0.055853	0.51872	1.1115	0.060821	0.52989	1.375	0.85718	0.52677	0.98767	0.1482	0.52752	1.2341	0.48491	92.937	-1.289	-12.042	-107.32	12.815	1.2121	-14.759	-2.0416	-5.0595	34.379	14.31	-1.5625	79.08	-15.076	0.77158
-53.615	194.28	734.37	0.56987	1.0679	0.015303	0.57915	0.97007	0.14413	0.50764	0.89567	0.13942	0.59262	1.2333	0.49089	0.46532	1.2493	0.46937	0.59359	1.0629	0.055795	0.51877	1.1115	0.060762	0.52828	1.3859	0.85649	0.52736	0.99279	0.15166	0.52832	1.2468	0.48292	92.552	-0.80904	-12.294	-99.22	10.541	1.3788	-16.365	-1.9882	-5.1445	36.831	13.785	-1.6451	73.877	-11.975	1.1417
-47.827	184.94	672.06	0.56934	1.0695	0.015312	0.57958	0.9753	0.14794	0.5076	0.90141	0.14671	0.5934	1.2459	0.48936	0.46643	1.2629	0.46664	0.59345	1.0631	0.055992	0.51882	1.1117	0.060702	0.52662	1.3967	0.85593	0.52788	0.99852	0.15534	0.52924	1.26	0.48076	91.999	-0.32579	-12.48	-90.313	8.4618	1.5085	-18.118	-1.9239	-5.2693	38.776	13.137	-1.764	68.278	-9.0618	1.4348
-42.037	172.67	606	0.56883	1.0714	0.015323	0.57987	0.98116	0.15216	0.50739	0.908	0.15455	0.5943	1.2593	0.48771	0.46768	1.2772	0.46375	0.59335	1.0636	0.056517	0.51886	1.1122	0.060649	0.52492	1.4074	0.8555	0.5283	1.0049	0.15923	0.53028	1.274	0.47846	91.252	0.14842	-12.587	-80.78	6.6363	1.5975	-20.024	-1.8506	-5.4292	40.091	12.351	-1.8968	62.427	-6.471	1.6549
-36.441	157.82	537.68	0.56837	1.0736	0.015336	0.58002	0.98772	0.15683	0.50699	0.91552	0.16296	0.59529	1.2733	0.48596	0.46906	1.2922	0.46074	0.59328	1.0644	0.057449	0.51891	1.113	0.060612	0.52321	1.4181	0.85523	0.52859	1.012	0.16337	0.53143	1.2887	0.47601	90.289	0.59695	-12.603	-70.857	5.1046	1.6429	-22.09	-1.7707	-5.6175	40.658	11.419	-2.015	56.456	-4.3168	1.8125
-31.21	140.96	468.78	0.56798	1.0764	0.015353	0.57998	0.99505	0.16201	0.50638	0.92404	0.17193	0.59637	1.2881	0.48409	0.47055	1.308	0.45761	0.59323	1.0657	0.058857	0.51896	1.1143	0.060604	0.5215	1.4286	0.8551	0.52871	1.0199	0.16777	0.53266	1.3042	0.47345	89.09	0.99966	-12.517	-60.818	3.8847	1.6443	-24.316	-1.6865	-5.8257	40.38	10.346	-2.0866	50.47	-2.6734	1.921
-26.471	122.81	401.02	0.56771	1.0796	0.015374	0.57976	1.0032	0.16772	0.50557	0.93363	0.18145	0.5975	1.3036	0.48215	0.47212	1.3245	0.45443	0.59322	1.0677	0.060801	0.51903	1.1162	0.060641	0.51981	1.439	0.85513	0.52863	1.0287	0.17244	0.53396	1.3204	0.47079	87.648	1.334	-12.323	-50.96	2.967	1.6031	-26.698	-1.6001	-6.044	39.194	9.1534	-2.0828	44.548	-1.5612	1.9905
-22.289	104.2	336.06	0.56759	1.0834	0.015398	0.57935	1.0123	0.17397	0.50453	0.94433	0.19147	0.59866	1.3198	0.48014	0.47373	1.3418	0.45123	0.59324	1.0704	0.063324	0.51912	1.1186	0.060743	0.51815	1.4493	0.8553	0.52831	1.0382	0.1774	0.5353	1.3373	0.46809	85.965	1.5765	-12.014	-41.58	2.3148	1.5229	-29.225	-1.5131	-6.2627	37.092	7.879	-1.9845	38.747	-0.94136	2.0237
-18.662	85.939	275.34	0.56769	1.0878	0.015427	0.57874	1.0223	0.18076	0.50329	0.95617	0.20194	0.59982	1.3368	0.47811	0.47535	1.3598	0.4481	0.5933	1.074	0.066444	0.51924	1.1219	0.060934	0.51651	1.4594	0.85561	0.52771	1.0487	0.18265	0.53663	1.3548	0.46538	84.059	1.7043	-11.595	-32.943	1.8706	1.409	-31.877	-1.4264	-6.4733	34.132	6.574	-1.7872	33.119	-0.72126	2.0163
-15.537	68.729	219.99	0.56805	1.0929	0.015462	0.57794	1.0333	0.18806	0.50184	0.96918	0.21277	0.60094	1.3543	0.47611	0.47691	1.3784	0.44509	0.59342	1.0786	0.070149	0.51941	1.1259	0.061238	0.51491	1.4695	0.85604	0.52683	1.06	0.18819	0.53791	1.373	0.46274	81.967	1.6974	-11.075	-25.263	1.5651	1.2666	-34.629	-1.3401	-6.6687	30.432	5.291	-1.5028	27.702	-0.77761	1.9581
-12.827	53.135	170.74	0.5687	1.0988	0.015502	0.57696	1.0453	0.19581	0.5002	0.98334	0.22383	0.60198	1.3724	0.4742	0.47839	1.3976	0.44228	0.59359	1.0844	0.074397	0.51966	1.1309	0.061684	0.51336	1.4794	0.85658	0.52566	1.0723	0.19399	0.5391	1.3918	0.46023	79.739	1.5408	-10.477	-18.676	1.3324	1.1007	-37.448	-1.2532	-6.8447	26.154	4.08	-1.1591	22.53	-0.97341	1.8379
-10.443	39.512	127.96	0.56971	1.1057	0.01555	0.57582	1.0584	0.20394	0.49837	0.99862	0.23499	0.6029	1.391	0.47246	0.47973	1.4172	0.43977	0.59386	1.0913	0.079119	0.52	1.1369	0.062299	0.51185	1.4892	0.85719	0.52419	1.0855	0.20002	0.54017	1.411	0.45793	77.445	1.227	-9.834	-13.255	1.1186	0.91612	-40.298	-1.1646	-6.9995	21.519	2.9778	-0.7866	17.661	-1.2021	1.6539
-8.3202	28.014	91.713	0.57118	1.1141	0.015609	0.57453	1.0724	0.21233	0.49638	1.015	0.24608	0.60368	1.4101	0.47095	0.48089	1.4373	0.43762	0.59422	1.0995	0.084228	0.52044	1.1439	0.063117	0.51039	1.4991	0.85787	0.52246	1.0995	0.20624	0.54108	1.4305	0.45592	75.162	0.75808	-9.1852	-8.9833	0.89095	0.7183	-43.141	-1.0734	-7.1339	16.752	2.0117	-0.4231	13.164	-1.3766	1.4109
-6.4254	18.61	61.835	0.57338	1.125	0.015687	0.57312	1.0874	0.22085	0.49421	1.0323	0.25693	0.60428	1.4294	0.46975	0.48184	1.4576	0.43591	0.59467	1.109	0.089628	0.52101	1.1521	0.064176	0.50899	1.509	0.8586	0.52048	1.1144	0.21255	0.5418	1.4503	0.45425	72.975	0.14724	-8.5744	-5.736	0.64145	0.51509	-45.939	-0.97877	-7.2514	12.041	1.2073	-0.11651	9.1054	-1.4087	1.1164
-4.7607	11.154	38.023	0.57703	1.1415	0.015805	0.5716	1.1032	0.22937	0.4919	1.0504	0.26735	0.6047	1.4491	0.46892	0.48256	1.478	0.4347	0.59522	1.1199	0.095229	0.52169	1.1616	0.065527	0.50765	1.5189	0.85939	0.51832	1.1301	0.21891	0.54232	1.4704	0.45301	70.964	-0.5812	-8.0409	-3.6342	0.35877	0.31431	-48.66	-0.8817	-7.3569	7.9604	0.51335	0.20484	5.7957	-1.5475	0.86351
-2.8107	4.6167	16.749	NaN	NaN	NaN	0.56999	1.1199	0.23773	0.48944	1.0692	0.27716	0.60491	1.4689	0.46851	0.48304	1.4986	0.43403	0.59582	1.1321	0.10096	0.52247	1.1723	0.067224	0.50638	1.5288	0.86022	0.51601	1.1466	0.22521	0.54261	1.4905	0.45222	69.204	-1.394	-7.6136	-1.7898	0.11467	0.12826	-51.273	-0.78517	-7.457	3.7796	0.088031	0.26179	2.7477	-1.0907	0.49493
0	0	0	NaN	NaN	NaN	0.5683	1.1372	0.2458	0.48687	1.0886	0.28621	0.60493	1.4888	0.46856	0.48329	1.5193	0.43391	0.59644	1.1456	0.10674	0.52332	1.1845	0.069317	0.5052	1.5388	0.8611	0.51362	1.1637	0.23138	0.54269	1.5106	0.45193	67.753	-2.2519	-7.3075	0.033612	0.001238	0.004111	-53.758	-0.69453	-7.5597	0.010179	0.027682	-0.030164	0.22235	0.071484	0.033912
