-3.2159	9.1148	64.561	0.66225	0.75463	0.014827	0.66509	0.76115	0.10899	0.59456	0.73041	0.038516	0.66766	0.61367	0.50964	0.54056	0.62693	0.49916	0.70538	0.90277	0.12638	0.63531	0.9334	0.16004	0.5991	0.46822	0.86919	0.62225	0.76273	0.12618	0.62132	0.61773	0.49213	78.725	-3.6783	-22.283	-0.43396	1.812	-1.319	1.2636	4.7829	-9.8419	-13.201	0.80858	-0.20974	-24.467	5.6624	-0.44211
-4.4267	6.6402	100.59	0.65868	0.77187	0.014848	0.66528	0.76946	0.10767	0.59523	0.73787	0.03809	0.66811	0.62328	0.50809	0.54093	0.63542	0.49728	0.7045	0.91147	0.12421	0.63413	0.94185	0.15738	0.60016	0.47965	0.86835	0.62238	0.77111	0.12428	0.62171	0.62676	0.49056	78.244	-4.0031	-22.165	-0.68526	2.6535	-1.5925	1.4047	4.7753	-9.5845	-17.439	1.726	-0.10625	-32.06	8.2265	0.16209
-5.8163	2.27	144.5	0.65653	0.78326	0.014863	0.66537	0.77689	0.10635	0.59581	0.74421	0.037815	0.6686	0.63302	0.50674	0.54133	0.64403	0.49561	0.70349	0.91929	0.12158	0.63281	0.9495	0.15413	0.60131	0.4911	0.86765	0.62237	0.77872	0.12231	0.62214	0.63597	0.48922	77.695	-4.3717	-22.001	-0.68123	3.785	-1.9187	1.4032	4.7876	-9.2799	-21.8	2.9573	-0.033801	-40.127	11.246	0.97371
-7.3647	-4.4898	196.04	0.65506	0.79192	0.014876	0.66536	0.7835	0.10502	0.59631	0.74953	0.037679	0.6691	0.64287	0.5056	0.54178	0.65275	0.49417	0.70237	0.92629	0.11855	0.63138	0.95641	0.15036	0.60253	0.50258	0.86708	0.62223	0.78561	0.12028	0.6226	0.64533	0.48812	77.083	-4.7803	-21.792	-0.45367	5.1609	-2.2203	1.2679	4.8183	-8.9317	-25.613	4.5228	0.023939	-47.46	14.534	2.0915
-9.0428	-14.037	254.39	0.65398	0.79913	0.014887	0.66527	0.78935	0.10371	0.59673	0.75391	0.037668	0.66964	0.65282	0.50465	0.54225	0.66157	0.49296	0.70116	0.93252	0.11516	0.62986	0.96262	0.14613	0.60381	0.51406	0.86666	0.62198	0.79183	0.11823	0.62309	0.65484	0.48726	76.42	-5.2248	-21.544	0.02207	6.7946	-2.5016	1.0087	4.8656	-8.5442	-28.62	6.3719	0.02935	-53.722	17.989	3.4628
-10.838	-26.489	318.23	0.65317	0.80551	0.014898	0.66509	0.7945	0.10241	0.59709	0.75743	0.03777	0.67019	0.66284	0.50391	0.54276	0.67049	0.49198	0.69989	0.93804	0.11148	0.62827	0.9682	0.14151	0.60517	0.52552	0.86638	0.62163	0.79743	0.11619	0.6236	0.66446	0.48662	75.719	-5.7004	-21.26	0.68881	8.651	-2.7254	0.63653	4.9268	-8.1224	-30.426	8.4284	-0.029725	-58.261	21.422	5.0502
-12.782	-41.548	386.06	0.65258	0.81133	0.014909	0.66485	0.79902	0.10116	0.59737	0.76021	0.037974	0.67076	0.6729	0.50335	0.54328	0.67948	0.49124	0.69857	0.94291	0.10758	0.62665	0.97319	0.13659	0.60658	0.53695	0.86623	0.62121	0.80245	0.11419	0.62412	0.67417	0.4862	74.996	-6.2016	-20.947	1.465	10.7	-2.8686	0.16331	4.9992	-7.6722	-30.863	10.579	-0.16299	-60.835	24.662	6.7586
-14.973	-58.556	456.36	0.65222	0.81669	0.01492	0.66456	0.80296	0.099958	0.5976	0.76232	0.038268	0.67134	0.68299	0.50298	0.54383	0.68854	0.49072	0.69723	0.94719	0.10351	0.62501	0.97764	0.13143	0.60804	0.54832	0.86623	0.62072	0.80695	0.11225	0.62465	0.68393	0.48598	74.267	-6.7227	-20.61	2.261	12.918	-2.9203	-0.39834	5.0796	-7.2	-29.939	12.685	-0.37553	-61.518	27.536	8.4467
-17.575	-76.68	527.49	0.65208	0.82165	0.014932	0.66421	0.8064	0.098819	0.59778	0.76387	0.038639	0.67193	0.69307	0.50278	0.54438	0.69762	0.49042	0.69589	0.95092	0.099357	0.62338	0.9816	0.12614	0.60954	0.55964	0.86637	0.62021	0.81096	0.11042	0.62518	0.69371	0.48595	73.553	-7.257	-20.257	2.9872	15.281	-2.8758	-1.0352	5.1646	-6.7127	-27.755	14.586	-0.66531	-60.531	29.852	9.9442
-20.784	-95.085	597.57	0.65217	0.82626	0.014944	0.66384	0.80939	0.097756	0.5979	0.76493	0.039077	0.67251	0.70311	0.50274	0.54495	0.70671	0.49033	0.69457	0.95416	0.095179	0.62179	0.98511	0.12078	0.61108	0.57087	0.86665	0.61967	0.81454	0.10871	0.62572	0.70348	0.48609	72.873	-7.7979	-19.892	3.5651	17.755	-2.7377	-1.7337	5.2508	-6.2177	-24.429	16.115	-1.0251	-58.09	31.383	11.069
-24.754	-113.03	664.51	0.6525	0.83056	0.014956	0.66344	0.81197	0.09678	0.59799	0.7656	0.039568	0.6731	0.71307	0.50284	0.54551	0.71578	0.49043	0.69329	0.95697	0.091044	0.62024	0.9882	0.11545	0.61264	0.58201	0.86706	0.61912	0.81773	0.10715	0.62625	0.71319	0.48638	72.243	-8.3385	-19.522	3.9285	20.298	-2.5106	-2.4799	5.335	-5.7224	-20.086	17.132	-1.4379	-54.365	31.923	11.671
-29.541	-129.9	726.37	0.65303	0.83461	0.01497	0.66303	0.81421	0.095899	0.59805	0.76595	0.040103	0.67368	0.72292	0.50307	0.54607	0.7248	0.4907	0.69206	0.95938	0.087009	0.61876	0.99093	0.11021	0.61421	0.59305	0.8676	0.61858	0.82056	0.10575	0.62678	0.72281	0.4868	71.681	-8.8717	-19.15	4.0279	22.863	-2.1993	-3.2596	5.4143	-5.2343	-14.876	17.549	-1.8751	-49.517	31.337	11.665
-35.078	-145.16	781.65	0.65375	0.83844	0.014983	0.66261	0.81614	0.095119	0.59807	0.76605	0.040669	0.67425	0.73262	0.50341	0.54662	0.73373	0.49113	0.69089	0.96144	0.08313	0.61736	0.99331	0.10512	0.61579	0.60397	0.86826	0.61806	0.82309	0.10452	0.6273	0.73229	0.48734	71.2	-9.3908	-18.782	3.8358	25.398	-1.8087	-4.059	5.486	-4.7606	-8.9996	17.352	-2.2967	-43.762	29.612	11.046
-41.178	-158.42	829.46	0.6546	0.84207	0.014997	0.6622	0.81781	0.094445	0.59807	0.76596	0.041255	0.67481	0.74214	0.50384	0.54717	0.74253	0.49169	0.6898	0.9632	0.079453	0.61605	0.99539	0.10026	0.61736	0.61476	0.86904	0.61756	0.82533	0.10347	0.6278	0.74161	0.48797	70.811	-9.8893	-18.418	3.3497	27.855	-1.3464	-4.8644	5.5482	-4.3082	-2.703	16.601	-2.6622	-37.375	26.864	9.8907
-47.574	-169.38	869.45	0.65554	0.8455	0.015011	0.6618	0.81926	0.093877	0.59806	0.76573	0.041851	0.67535	0.75144	0.50435	0.54769	0.75118	0.49237	0.68879	0.96468	0.076015	0.61485	0.99718	0.095664	0.61891	0.62543	0.86994	0.61709	0.82733	0.10261	0.62829	0.75072	0.48867	70.521	-10.361	-18.062	2.587	30.186	-0.82454	-5.6625	5.5995	-3.8832	3.7586	15.406	-2.9386	-30.653	23.298	8.3226
-53.971	-177.9	901.77	0.65653	0.84871	0.015025	0.66142	0.82051	0.093415	0.59803	0.76542	0.042448	0.67588	0.76049	0.50491	0.54821	0.75964	0.49314	0.68787	0.96592	0.072848	0.61375	0.99872	0.09138	0.62043	0.63596	0.87093	0.61666	0.82912	0.10191	0.62877	0.75959	0.48942	70.333	-10.801	-17.715	1.5807	32.351	-0.25954	-6.4407	5.6389	-3.4912	10.142	13.902	-3.1062	-23.877	19.171	6.4916
-60.076	-183.94	926.9	0.65751	0.85171	0.015039	0.66106	0.82159	0.093057	0.598	0.76506	0.043037	0.67639	0.76925	0.50552	0.5487	0.76788	0.49397	0.68705	0.96695	0.069973	0.61275	1	0.087435	0.62191	0.64635	0.87202	0.61626	0.8307	0.10139	0.62923	0.76819	0.49021	70.246	-11.204	-17.378	0.3755	34.317	0.32922	-7.1872	5.6661	-3.1366	16.235	12.232	-3.1602	-17.294	14.758	4.5495
-65.614	-187.52	945.46	0.65846	0.85448	0.015051	0.66072	0.82253	0.092796	0.59796	0.76467	0.043611	0.67688	0.77771	0.50616	0.54917	0.77586	0.49486	0.68632	0.96779	0.067402	0.61187	1.0011	0.083851	0.62335	0.65661	0.8732	0.61591	0.83212	0.10103	0.62967	0.7765	0.49101	70.259	-11.567	-17.051	-0.97781	36.058	0.92293	-7.891	5.6815	-2.8232	21.863	10.537	-3.1076	-11.106	10.332	2.6409
-70.325	-188.72	958.08	0.65933	0.857	0.015063	0.66041	0.82334	0.092626	0.59792	0.7643	0.044162	0.67735	0.78583	0.5068	0.54963	0.78357	0.49577	0.68568	0.96849	0.065141	0.6111	1.0021	0.08064	0.62472	0.66674	0.87446	0.61559	0.83338	0.1008	0.63009	0.78447	0.49182	70.365	-11.886	-16.735	-2.4272	37.552	1.5046	-8.5421	5.6858	-2.5534	26.89	8.9465	-2.9651	-5.4628	6.149	0.89598
-73.989	-187.66	965.27	0.66011	0.85926	0.015073	0.66014	0.82405	0.092538	0.59788	0.76394	0.044687	0.6778	0.7936	0.50745	0.55006	0.79098	0.49669	0.68512	0.96904	0.063188	0.61042	1.0028	0.077802	0.62604	0.67673	0.87579	0.61531	0.83451	0.10071	0.63049	0.7921	0.49261	70.556	-12.159	-16.431	-3.9246	38.782	2.0596	-9.132	5.6803	-2.3287	31.221	7.5711	-2.7569	-0.45458	2.434	-0.58028
-76.456	-184.49	967.45	0.66077	0.86126	0.015082	0.65989	0.82467	0.092525	0.59784	0.76363	0.045181	0.67824	0.80098	0.50809	0.55048	0.79806	0.49761	0.68466	0.96948	0.061532	0.60985	1.0034	0.075332	0.62728	0.6866	0.87718	0.61507	0.83551	0.10073	0.63087	0.79937	0.49338	70.823	-12.385	-16.138	-5.4313	39.737	2.5741	-9.6532	5.6665	-2.1495	34.798	6.4888	-2.5116	3.888	-0.6482	-1.7222
-77.67	-179.45	964.9	0.66132	0.86304	0.015089	0.65968	0.8252	0.092575	0.59781	0.76335	0.045641	0.67865	0.80798	0.5087	0.55087	0.80481	0.4985	0.68427	0.96982	0.060159	0.60937	1.0039	0.073217	0.62845	0.69635	0.87863	0.61486	0.83639	0.10084	0.63123	0.80626	0.49412	71.156	-12.563	-15.858	-6.9191	40.414	3.0357	-10.099	5.6461	-2.0154	37.593	5.7383	-2.256	7.5751	-3.0047	-2.5059
-77.679	-172.79	957.81	0.66177	0.86461	0.015096	0.65949	0.82567	0.092678	0.59777	0.76313	0.046066	0.67905	0.81459	0.50928	0.55125	0.8112	0.49936	0.68396	0.97007	0.05905	0.60898	1.0043	0.071438	0.62955	0.70598	0.88013	0.61468	0.83718	0.10104	0.63157	0.81276	0.49483	71.542	-12.694	-15.591	-8.3694	40.813	3.434	-10.466	5.621	-1.9249	39.602	5.3187	-2.0119	10.646	-4.6201	-2.947
-76.626	-164.77	946.34	0.66214	0.86601	0.015102	0.65933	0.82608	0.092826	0.59774	0.76295	0.046457	0.67942	0.82079	0.50983	0.55162	0.81724	0.50017	0.68372	0.97026	0.05818	0.60866	1.0046	0.069971	0.63056	0.71552	0.88166	0.61452	0.83786	0.10129	0.6319	0.81888	0.49549	71.97	-12.778	-15.338	-9.7725	40.945	3.761	-10.75	5.593	-1.8758	40.84	5.1889	-1.7919	13.156	-5.5585	-3.0957
-74.734	-155.7	930.63	0.66247	0.86729	0.015107	0.6592	0.82643	0.093009	0.59772	0.76282	0.046813	0.67979	0.82659	0.51034	0.55196	0.82293	0.50094	0.68354	0.97039	0.057525	0.60841	1.0048	0.068788	0.63149	0.72495	0.88323	0.6144	0.83847	0.1016	0.63221	0.8246	0.4961	72.43	-12.817	-15.101	-11.123	40.829	4.0116	-10.95	5.5641	-1.8652	41.344	5.282	-1.6003	15.171	-5.9413	-3.0229
-72.263	-145.87	910.9	0.6628	0.8685	0.015112	0.65909	0.82674	0.093216	0.5977	0.76274	0.047138	0.68014	0.83199	0.5108	0.5523	0.82825	0.50164	0.6834	0.97048	0.057058	0.60823	1.0049	0.06786	0.63234	0.7343	0.88482	0.6143	0.83899	0.10193	0.6325	0.82995	0.49667	72.909	-12.813	-14.879	-12.419	40.488	4.1823	-11.064	5.5358	-1.8895	41.163	5.517	-1.4358	16.757	-5.9221	-2.8066
-69.483	-135.59	887.46	0.66317	0.86969	0.015117	0.659	0.827	0.093442	0.59768	0.7627	0.047432	0.68047	0.837	0.51123	0.55262	0.83324	0.50228	0.68332	0.97053	0.056749	0.6081	1.005	0.067154	0.6331	0.74356	0.88642	0.61421	0.83944	0.1023	0.63277	0.83492	0.4972	73.398	-12.77	-14.674	-13.66	39.951	4.2723	-11.094	5.5097	-1.9451	40.361	5.8101	-1.2926	17.973	-5.6657	-2.522
-66.639	-125.11	860.72	0.66363	0.8709	0.015123	0.65893	0.82724	0.093677	0.59767	0.76269	0.0477	0.6808	0.84165	0.51162	0.55293	0.83788	0.50286	0.68327	0.97056	0.056572	0.60801	1.005	0.06664	0.63379	0.75275	0.88803	0.61415	0.83983	0.10268	0.63304	0.83953	0.49768	73.887	-12.69	-14.486	-14.844	39.25	4.284	-11.043	5.4872	-2.0281	39.014	6.0858	-1.1631	18.872	-5.3259	-2.2306
-63.938	-114.69	831.21	0.6642	0.87217	0.015129	0.65887	0.82744	0.093917	0.59766	0.76271	0.047945	0.68111	0.84594	0.51196	0.55323	0.84221	0.50338	0.68325	0.97056	0.056501	0.60797	1.005	0.066285	0.63441	0.76188	0.88963	0.61411	0.84016	0.10306	0.63329	0.84381	0.49813	74.369	-12.577	-14.314	-15.974	38.418	4.2222	-10.913	5.4693	-2.1342	37.203	6.2838	-1.0404	19.496	-5.0318	-1.9775
-61.533	-104.51	799.54	0.66492	0.87355	0.015137	0.65882	0.82762	0.094156	0.59764	0.76276	0.04817	0.68141	0.84989	0.51227	0.55352	0.84623	0.50383	0.68327	0.97056	0.056511	0.60796	1.005	0.066062	0.63495	0.77095	0.89122	0.61408	0.84044	0.10345	0.63353	0.84777	0.49855	74.836	-12.434	-14.158	-17.049	37.487	4.0935	-10.71	5.457	-2.2595	35.013	6.3625	-0.91997	19.882	-4.8781	-1.7908
-59.509	-94.746	766.35	0.6658	0.87505	0.015146	0.65878	0.82778	0.09439	0.59763	0.76282	0.04838	0.68171	0.85353	0.51254	0.55381	0.84997	0.50423	0.6833	0.97054	0.056579	0.60797	1.0049	0.065941	0.63543	0.77996	0.89279	0.61407	0.84068	0.10384	0.63376	0.85143	0.49893	75.284	-12.266	-14.019	-18.075	36.489	3.9058	-10.439	5.4509	-2.4004	32.528	6.3039	-0.80113	20.056	-4.9152	-1.6798
-57.891	-85.496	732.36	0.66685	0.87671	0.015156	0.65874	0.82793	0.094616	0.59762	0.7629	0.048577	0.682	0.85689	0.51278	0.55408	0.85346	0.50457	0.68334	0.97053	0.056686	0.60801	1.0049	0.065897	0.63584	0.78893	0.89433	0.61408	0.84089	0.10422	0.63398	0.85483	0.4993	75.708	-12.076	-13.894	-19.053	35.452	3.6682	-10.106	5.4514	-2.553	29.832	6.113	-0.68668	20.04	-5.1488	-1.6384
-56.644	-76.834	698.25	0.66808	0.87855	0.015168	0.6587	0.82807	0.094833	0.5976	0.76299	0.048767	0.68227	0.85999	0.513	0.55435	0.85672	0.50486	0.6834	0.97051	0.056814	0.60807	1.0049	0.065908	0.6362	0.79785	0.89583	0.61409	0.84106	0.10459	0.63419	0.85799	0.49965	76.106	-11.866	-13.783	-19.988	34.403	3.3898	-9.719	5.4587	-2.7144	26.998	5.8137	-0.58233	19.852	-5.5466	-1.6507
-55.696	-68.793	664.71	0.66945	0.88057	0.015181	0.65866	0.8282	0.09504	0.59757	0.7631	0.048951	0.68254	0.86287	0.5132	0.55462	0.85978	0.5051	0.68347	0.9705	0.056949	0.60813	1.0048	0.065954	0.63651	0.80673	0.89728	0.61411	0.84122	0.10496	0.63439	0.86095	0.49999	76.475	-11.642	-13.684	-20.889	33.366	3.079	-9.2855	5.4731	-2.8817	24.095	5.4449	-0.49558	19.508	-6.0463	-1.6948
-54.945	-61.374	632.37	0.67095	0.88278	0.015196	0.65861	0.82834	0.095236	0.59754	0.7632	0.049133	0.6828	0.86555	0.51337	0.55487	0.86267	0.5053	0.68354	0.9705	0.05708	0.60821	1.0048	0.066018	0.63678	0.81557	0.89867	0.61414	0.84135	0.10532	0.63458	0.86374	0.50031	76.817	-11.405	-13.597	-21.763	32.361	2.7441	-8.8134	5.4943	-3.0525	21.177	5.0549	-0.4336	19.022	-6.566	-1.7473
-54.28	-54.554	601.77	0.67255	0.88517	0.015211	0.65855	0.82847	0.095422	0.59751	0.76331	0.049315	0.68306	0.86806	0.51353	0.55512	0.86542	0.50545	0.68361	0.9705	0.057197	0.6083	1.0048	0.066085	0.63702	0.82437	0.89999	0.61418	0.84148	0.10566	0.63476	0.86638	0.50064	77.132	-11.158	-13.518	-22.622	31.406	2.3931	-8.3111	5.5221	-3.2249	18.29	4.6936	-0.40105	18.41	-7.0182	-1.7868
-53.594	-48.296	573.37	0.67418	0.88773	0.015227	0.65848	0.82861	0.095599	0.59746	0.76343	0.0495	0.68329	0.87045	0.51367	0.55535	0.86805	0.50558	0.68368	0.97052	0.057293	0.60839	1.0048	0.066145	0.63722	0.83313	0.90123	0.61421	0.84161	0.10601	0.63493	0.86891	0.50095	77.421	-10.905	-13.447	-23.475	30.514	2.0339	-7.7868	5.5563	-3.3971	15.472	4.4087	-0.39954	17.69	-7.3189	-1.7957
-52.792	-42.553	547.53	0.6758	0.89043	0.015244	0.6584	0.82875	0.095769	0.59741	0.76354	0.04969	0.68352	0.87273	0.5138	0.55558	0.8706	0.50567	0.68375	0.97054	0.057366	0.60848	1.0049	0.066189	0.63741	0.84187	0.90238	0.61425	0.84173	0.10634	0.63509	0.87136	0.50127	77.687	-10.647	-13.382	-24.335	29.697	1.6738	-7.2487	5.5963	-3.5679	12.747	4.2412	-0.42751	16.884	-7.3956	-1.7621
-51.812	-37.272	524.51	0.67735	0.89325	0.01526	0.6583	0.82891	0.095933	0.59734	0.76366	0.049886	0.68373	0.87494	0.51392	0.55579	0.8731	0.50572	0.68382	0.97058	0.057411	0.60858	1.0049	0.06621	0.63757	0.85056	0.90343	0.61427	0.84187	0.10668	0.63523	0.87377	0.50158	77.933	-10.386	-13.321	-25.216	28.962	1.3184	-6.7046	5.6416	-3.736	10.135	4.2196	-0.48098	16.016	-7.1989	-1.6822
-50.624	-32.407	504.48	0.67878	0.89616	0.015276	0.65818	0.82909	0.096095	0.59726	0.76379	0.050089	0.68393	0.87711	0.51403	0.55598	0.87558	0.50575	0.68389	0.97062	0.057429	0.60867	1.005	0.066204	0.63772	0.85922	0.90438	0.61429	0.84201	0.107	0.63535	0.87616	0.50188	78.163	-10.125	-13.262	-26.131	28.317	0.97198	-6.1621	5.6915	-3.9007	7.6476	4.3592	-0.55423	15.113	-6.705	-1.5588
-49.236	-27.91	487.52	0.68006	0.89911	0.015291	0.65804	0.82928	0.096256	0.59716	0.76391	0.050301	0.68411	0.87927	0.51412	0.55616	0.87805	0.50575	0.68395	0.97067	0.057419	0.60877	1.0051	0.066169	0.63787	0.86784	0.90521	0.6143	0.84217	0.10733	0.63546	0.87855	0.50218	78.38	-9.8655	-13.206	-27.098	27.768	0.63719	-5.6283	5.7454	-4.0609	5.2896	4.6603	-0.64072	14.204	-5.9186	-1.4012
-47.695	-23.743	473.66	0.68115	0.9021	0.015304	0.65788	0.82948	0.096418	0.59705	0.76404	0.050523	0.68427	0.88144	0.5142	0.55633	0.88056	0.50573	0.68401	0.97074	0.057385	0.60886	1.0052	0.066103	0.63801	0.87643	0.90592	0.6143	0.84234	0.10765	0.63555	0.88099	0.50247	78.587	-9.6087	-13.149	-28.13	27.318	0.31473	-5.1096	5.8024	-4.2159	3.0628	5.1082	-0.73447	13.318	-4.8745	-1.2236
-46.077	-19.874	462.84	0.68206	0.90508	0.015317	0.6577	0.82971	0.096586	0.59691	0.76418	0.050756	0.6844	0.88365	0.51427	0.55647	0.88311	0.50568	0.68406	0.97081	0.057327	0.60895	1.0053	0.066006	0.63815	0.88498	0.90651	0.61427	0.84254	0.10796	0.63562	0.88348	0.50275	78.789	-9.3564	-13.093	-29.244	26.974	0.004183	-4.6119	5.8616	-4.365	0.96692	5.6764	-0.83061	12.487	-3.6303	-1.0423
-44.478	-16.272	454.96	0.6828	0.90804	0.015329	0.6575	0.82996	0.096761	0.59676	0.76433	0.051001	0.68452	0.88593	0.51431	0.55659	0.88574	0.5056	0.68411	0.97089	0.057249	0.60903	1.0055	0.065879	0.6383	0.89349	0.90696	0.61422	0.84276	0.10828	0.63566	0.88604	0.50301	78.988	-9.11	-13.035	-30.455	26.737	-0.29548	-4.1403	5.9221	-4.5072	-0.99993	6.3313	-0.92572	11.742	-2.2577	-0.8727
-42.994	-12.917	449.9	0.68338	0.91097	0.01534	0.65728	0.83024	0.096946	0.59659	0.76448	0.051258	0.68461	0.88828	0.51435	0.5567	0.88846	0.50549	0.68415	0.97098	0.057155	0.60912	1.0056	0.065725	0.63846	0.90196	0.90729	0.61415	0.84301	0.10859	0.63568	0.88871	0.50325	79.188	-8.8707	-12.976	-31.775	26.608	-0.58555	-3.6993	5.9829	-4.6416	-2.8397	7.0362	-1.0181	11.114	-0.83374	-0.72764
-41.71	-9.7919	447.48	0.68384	0.91385	0.01535	0.65703	0.83054	0.097144	0.5964	0.76464	0.051529	0.68468	0.89074	0.51436	0.55678	0.89129	0.50536	0.68419	0.97108	0.057047	0.6092	1.0058	0.065544	0.63862	0.91039	0.90747	0.61404	0.84329	0.10889	0.63568	0.89149	0.50346	79.392	-8.6398	-12.916	-33.217	26.586	-0.86688	-3.2925	6.0429	-4.7671	-4.552	7.7574	-1.1077	10.637	0.57224	-0.61471
-40.69	-6.8891	447.54	0.68419	0.9167	0.015359	0.65676	0.83086	0.097357	0.59618	0.76482	0.051816	0.68473	0.89331	0.51434	0.55683	0.89425	0.5052	0.68423	0.97118	0.056929	0.60928	1.006	0.06534	0.6388	0.91879	0.90752	0.61391	0.8436	0.1092	0.63566	0.8944	0.50365	79.602	-8.4183	-12.854	-34.789	26.665	-1.1394	-2.923	6.1012	-4.8827	-6.1336	8.4672	-1.1955	10.345	1.9051	-0.53593
-39.966	-4.2071	449.9	0.68446	0.9195	0.015367	0.65648	0.83122	0.097589	0.59595	0.76501	0.052119	0.68475	0.89601	0.5143	0.55687	0.89735	0.50501	0.68426	0.97128	0.056804	0.60936	1.0063	0.065115	0.63898	0.92715	0.90744	0.61376	0.84394	0.1095	0.63561	0.89744	0.5038	79.819	-8.2071	-12.793	-36.5	26.836	-1.4022	-2.5928	6.1567	-4.9873	-7.5788	9.1466	-1.2827	10.277	3.1288	-0.48797
-39.54	-1.7502	454.37	0.68463	0.92228	0.015375	0.65617	0.83159	0.097841	0.59569	0.76521	0.052441	0.68474	0.89885	0.51423	0.55688	0.9006	0.5048	0.68429	0.9714	0.056675	0.60944	1.0065	0.064872	0.63918	0.93547	0.90722	0.61357	0.84432	0.1098	0.63554	0.90064	0.50392	80.046	-8.0069	-12.731	-38.355	27.088	-1.653	-2.3035	6.2083	-5.0797	-8.879	9.787	-1.3709	10.47	4.2306	-0.46276
-39.389	0.47681	460.77	0.68472	0.92503	0.015383	0.65584	0.832	0.098116	0.59541	0.76542	0.052784	0.68471	0.90184	0.51414	0.55687	0.90401	0.50456	0.68431	0.97151	0.056544	0.60951	1.0067	0.064614	0.6394	0.94377	0.90687	0.61335	0.84473	0.1101	0.63544	0.90399	0.50401	80.284	-7.8182	-12.671	-40.359	27.407	-1.8897	-2.056	6.2551	-5.1588	-10.025	10.389	-1.4619	10.957	5.2166	-0.45043
-39.472	2.4732	468.94	0.68471	0.92778	0.015389	0.6555	0.83243	0.098416	0.59512	0.76565	0.053151	0.68466	0.90498	0.51401	0.55684	0.90758	0.50429	0.68433	0.97163	0.056414	0.60958	1.007	0.064342	0.63963	0.95204	0.9064	0.6131	0.84518	0.11041	0.63533	0.90751	0.50406	80.533	-7.6414	-12.614	-42.515	27.779	-2.1104	-1.8505	6.2961	-5.2236	-11.011	10.958	-1.5572	11.764	6.1061	-0.44092
-39.737	4.2493	478.74	0.68459	0.93053	0.015395	0.65515	0.83289	0.098744	0.5948	0.76589	0.053543	0.68459	0.90829	0.51385	0.55679	0.91133	0.50399	0.68435	0.97175	0.056285	0.60965	1.0073	0.064058	0.63987	0.96029	0.90581	0.61283	0.84566	0.11071	0.63519	0.91118	0.50406	80.794	-7.4764	-12.561	-44.826	28.19	-2.3134	-1.6867	6.3306	-5.2731	-11.834	11.506	-1.6579	12.908	6.927	-0.42537
-40.134	5.8321	490.02	0.68436	0.93329	0.015401	0.65478	0.83337	0.099101	0.59447	0.76615	0.053964	0.6845	0.91176	0.51366	0.55672	0.91526	0.50366	0.68436	0.97188	0.05616	0.60972	1.0075	0.063766	0.64013	0.96853	0.9051	0.61253	0.84618	0.11102	0.63503	0.91503	0.50403	81.067	-7.3228	-12.513	-47.295	28.625	-2.498	-1.5638	6.3577	-5.3066	-12.496	12.043	-1.765	14.388	7.7087	-0.39822
-40.615	7.267	502.66	0.68401	0.93604	0.015406	0.65441	0.83388	0.09949	0.59412	0.76641	0.054418	0.68439	0.91539	0.51344	0.55663	0.91936	0.50331	0.68437	0.97201	0.05604	0.60979	1.0078	0.063467	0.6404	0.97676	0.90428	0.61221	0.84674	0.11134	0.63486	0.91904	0.50396	81.351	-7.18	-12.473	-49.92	29.073	-2.6648	-1.4806	6.377	-5.3235	-13.007	12.581	-1.8794	16.189	8.4769	-0.35761
-41.149	8.616	516.57	0.68355	0.93878	0.01541	0.65403	0.83442	0.099914	0.59376	0.7667	0.054909	0.68427	0.91919	0.51319	0.55654	0.92364	0.50293	0.68438	0.97214	0.055923	0.60986	1.0081	0.063161	0.64068	0.98498	0.90336	0.61188	0.84732	0.11166	0.63467	0.92321	0.50386	81.647	-7.0472	-12.441	-52.699	29.524	-2.8149	-1.4355	6.3879	-5.3234	-13.378	13.125	-2.0018	18.287	9.2498	-0.30493
-41.72	9.9544	531.63	0.68299	0.94148	0.015413	0.65365	0.83497	0.10037	0.59339	0.76699	0.05544	0.68414	0.92315	0.51291	0.55643	0.9281	0.50252	0.68439	0.97227	0.055812	0.60994	1.0084	0.062851	0.64097	0.99322	0.90234	0.61153	0.84795	0.112	0.63448	0.92755	0.50371	81.953	-6.9229	-12.421	-55.627	29.972	-2.9496	-1.4269	6.3902	-5.3061	-13.626	13.678	-2.1321	20.645	10.034	-0.24402
-42.328	11.369	547.72	0.68234	0.94414	0.015416	0.65327	0.83555	0.10087	0.59302	0.76729	0.056017	0.684	0.92727	0.5126	0.55632	0.93272	0.50208	0.68439	0.9724	0.055705	0.61001	1.0087	0.062536	0.64127	1.0015	0.90124	0.61117	0.8486	0.11236	0.63427	0.93205	0.50353	82.27	-6.8058	-12.414	-58.695	30.411	-3.0702	-1.4528	6.3836	-5.2715	-13.768	14.238	-2.2692	23.218	10.824	-0.18042
-42.987	12.961	564.73	0.68165	0.94672	0.015418	0.65289	0.83614	0.10141	0.59264	0.7676	0.056643	0.68385	0.93155	0.51227	0.55621	0.93752	0.50162	0.68439	0.97253	0.055601	0.61009	1.0091	0.062218	0.64158	1.0098	0.90006	0.61082	0.84929	0.11274	0.63406	0.93671	0.50332	82.595	-6.6937	-12.421	-61.892	30.84	-3.1777	-1.5112	6.3684	-5.22	-13.827	14.8	-2.4115	25.953	11.604	-0.12054
-43.721	14.833	582.51	0.68092	0.94921	0.01542	0.65252	0.83675	0.10199	0.59227	0.76791	0.057326	0.6837	0.93598	0.51191	0.5561	0.94248	0.50114	0.68438	0.97267	0.055499	0.61017	1.0094	0.061897	0.6419	1.0181	0.8988	0.61046	0.85001	0.11314	0.63385	0.94152	0.50308	82.928	-6.5845	-12.446	-65.204	31.255	-3.2728	-1.6003	6.3448	-5.1519	-13.825	15.351	-2.5563	28.789	12.353	-0.070575
-44.559	17.084	600.91	0.6802	0.95158	0.015421	0.65216	0.83738	0.10261	0.5919	0.76823	0.058071	0.68355	0.94056	0.51153	0.55599	0.94761	0.50063	0.68437	0.9728	0.055398	0.61025	1.0097	0.061573	0.64222	1.0265	0.89747	0.61011	0.85075	0.11358	0.63365	0.94649	0.50281	83.269	-6.4756	-12.488	-68.614	31.654	-3.3554	-1.7182	6.3132	-5.0677	-13.778	15.878	-2.7004	31.673	13.039	-0.034991
-45.532	19.791	619.79	0.67949	0.95383	0.015423	0.65181	0.83803	0.10328	0.59154	0.76856	0.058885	0.68341	0.94529	0.51113	0.55589	0.9529	0.50009	0.68435	0.97293	0.055295	0.61035	1.01	0.061245	0.64253	1.0349	0.89609	0.60978	0.85153	0.11406	0.63345	0.95161	0.50251	83.615	-6.3645	-12.551	-72.103	32.031	-3.4251	-1.8632	6.2742	-4.9682	-13.698	16.366	-2.8409	34.561	13.633	-0.016074
-46.662	23.015	638.97	0.67882	0.95595	0.015424	0.65148	0.83869	0.104	0.5912	0.76889	0.059774	0.68328	0.95016	0.51071	0.55581	0.95835	0.49953	0.68433	0.97305	0.05519	0.61044	1.0104	0.060912	0.64285	1.0434	0.89465	0.60947	0.85234	0.11457	0.63328	0.95687	0.50219	83.967	-6.248	-12.636	-75.652	32.381	-3.4811	-2.034	6.2287	-4.8539	-13.588	16.798	-2.9752	37.422	14.108	-0.013463
-47.967	26.79	658.29	0.67819	0.95793	0.015425	0.65117	0.83936	0.10478	0.59087	0.76922	0.060749	0.68316	0.95518	0.51028	0.55575	0.96396	0.49894	0.68431	0.97316	0.055078	0.61055	1.0107	0.060575	0.64316	1.052	0.89317	0.60918	0.85317	0.11513	0.63311	0.96229	0.50184	84.323	-6.1232	-12.743	-79.24	32.693	-3.5217	-2.2297	6.1775	-4.7259	-13.446	17.162	-3.1004	40.237	14.443	-0.023707
-49.457	31.127	677.57	0.67762	0.95978	0.015426	0.65089	0.84005	0.10561	0.59056	0.76956	0.061816	0.68307	0.96035	0.50984	0.55571	0.96974	0.49832	0.68428	0.97327	0.054959	0.61066	1.011	0.060232	0.64346	1.0607	0.89165	0.60893	0.85404	0.11575	0.63298	0.96786	0.50147	84.682	-5.9868	-12.875	-82.847	32.959	-3.5451	-2.4496	6.1219	-4.5849	-13.259	17.445	-3.2142	43.003	14.622	-0.040923
-51.135	36.018	696.63	0.6771	0.96152	0.015427	0.65063	0.84075	0.1065	0.59028	0.7699	0.062987	0.683	0.96565	0.50938	0.5557	0.97567	0.49766	0.68424	0.97337	0.054829	0.61077	1.0113	0.059882	0.64375	1.0695	0.8901	0.60871	0.85493	0.11642	0.63288	0.97358	0.50108	85.043	-5.8358	-13.032	-86.452	33.166	-3.5496	-2.6936	6.0629	-4.432	-13.011	17.639	-3.3151	45.722	14.636	-0.057397
-52.995	41.438	715.3	0.67664	0.96315	0.015429	0.6504	0.84147	0.10745	0.59002	0.77026	0.064272	0.68295	0.97111	0.50891	0.55573	0.98177	0.49696	0.6842	0.97345	0.054687	0.6109	1.0116	0.059524	0.64402	1.0784	0.88851	0.60854	0.85587	0.11716	0.63281	0.97946	0.50065	85.404	-5.6669	-13.214	-90.036	33.301	-3.5335	-2.9621	6.0017	-4.268	-12.684	17.735	-3.4018	48.403	14.483	-0.06403
-55.018	47.354	733.39	0.67625	0.96469	0.01543	0.6502	0.84221	0.10848	0.58979	0.77063	0.065684	0.68295	0.97672	0.50842	0.55581	0.98805	0.49622	0.68416	0.97352	0.054529	0.61103	1.0118	0.059157	0.64427	1.0875	0.88691	0.60841	0.85684	0.11796	0.63279	0.9855	0.5002	85.764	-5.4771	-13.422	-93.575	33.349	-3.4951	-3.2561	5.9399	-4.094	-12.253	17.729	-3.4734	51.057	14.17	-0.050948
-57.173	53.722	750.69	0.6759	0.96615	0.015432	0.65004	0.84297	0.10957	0.58959	0.77102	0.067237	0.68298	0.98249	0.50792	0.55593	0.99452	0.49543	0.68411	0.97356	0.054355	0.61116	1.0121	0.05878	0.64449	1.0966	0.88528	0.60834	0.85786	0.11884	0.63283	0.99172	0.49972	86.122	-5.2636	-13.656	-97.041	33.296	-3.4331	-3.5772	5.8786	-3.9109	-11.693	17.623	-3.53	53.692	13.716	-0.008859
-59.408	60.494	766.99	0.67561	0.96753	0.015433	0.64991	0.84377	0.11075	0.58941	0.77144	0.068945	0.68306	0.98842	0.5074	0.55612	1.0012	0.49459	0.68406	0.97358	0.054163	0.6113	1.0122	0.058391	0.64468	1.1059	0.88365	0.60832	0.85892	0.1198	0.63292	0.99812	0.49919	86.475	-5.0239	-13.914	-100.4	33.124	-3.3463	-3.9276	5.8192	-3.7196	-10.98	17.423	-3.5723	56.31	13.153	0.070298
-61.651	67.623	782.03	0.67535	0.96884	0.015435	0.64982	0.84461	0.11202	0.58927	0.77191	0.070824	0.68319	0.99454	0.50686	0.55637	1.008	0.49367	0.68401	0.97357	0.053952	0.61145	1.0124	0.05799	0.64484	1.1153	0.882	0.60837	0.86005	0.12084	0.63309	1.0047	0.49862	86.821	-4.7557	-14.195	-103.62	32.817	-3.2337	-4.3099	5.7629	-3.5211	-10.094	17.141	-3.6013	58.9	12.524	0.1926
-63.816	75.056	795.55	0.67512	0.9701	0.015437	0.64976	0.8455	0.11338	0.58915	0.77243	0.072892	0.68339	1.0008	0.50629	0.55669	1.0151	0.49269	0.68395	0.97353	0.053724	0.6116	1.0125	0.057576	0.64494	1.1248	0.88035	0.60847	0.86126	0.12198	0.63333	1.0115	0.498	87.157	-4.4575	-14.499	-106.66	32.357	-3.0949	-4.7276	5.711	-3.3165	-9.0171	16.793	-3.619	61.436	11.883	0.36064
-65.798	82.741	807.23	0.6749	0.97131	0.015438	0.64975	0.84646	0.11485	0.58906	0.77303	0.075168	0.68364	1.0074	0.50569	0.55709	1.0224	0.49162	0.6839	0.97345	0.05348	0.61175	1.0126	0.057151	0.645	1.1345	0.8787	0.60863	0.86255	0.1232	0.63366	1.0185	0.49732	87.48	-4.1281	-14.821	-109.45	31.727	-2.929	-5.1846	5.6646	-3.1064	-7.7367	16.4	-3.6279	63.881	11.289	0.57375
-67.49	90.614	816.76	0.67468	0.97246	0.01544	0.64977	0.8475	0.11643	0.58899	0.77374	0.077671	0.68397	1.0141	0.50505	0.55758	1.03	0.49045	0.68385	0.97335	0.053224	0.61191	1.0126	0.056713	0.64501	1.1443	0.87706	0.60886	0.86394	0.12454	0.63408	1.0258	0.49657	87.785	-3.7671	-15.161	-111.94	30.913	-2.7347	-5.6853	5.6244	-2.8918	-6.2425	15.982	-3.631	66.19	10.807	0.82838
-68.782	98.593	823.81	0.67445	0.97357	0.015441	0.64983	0.84865	0.11813	0.58893	0.77456	0.080422	0.68438	1.0211	0.50436	0.55818	1.0379	0.48919	0.68379	0.9732	0.05296	0.61207	1.0126	0.056266	0.64496	1.1542	0.87542	0.60914	0.86545	0.12598	0.63461	1.0333	0.49574	88.067	-3.3748	-15.513	-114.07	29.907	-2.5101	-6.2347	5.5912	-2.6734	-4.5258	15.566	-3.6316	68.314	10.497	1.1184
-69.581	106.58	828.02	0.67421	0.97462	0.015443	0.64992	0.84992	0.11998	0.58889	0.77554	0.083443	0.68488	1.0283	0.50363	0.55887	1.046	0.48781	0.68375	0.97303	0.052696	0.61223	1.0125	0.05581	0.64484	1.1643	0.87379	0.60948	0.8671	0.12754	0.63524	1.0412	0.49482	88.321	-2.9525	-15.874	-115.77	28.707	-2.2538	-6.8382	5.5654	-2.4518	-2.5809	15.174	-3.6347	70.201	10.41	1.4343
-69.808	114.46	829.09	0.67394	0.97564	0.015443	0.65006	0.85134	0.12197	0.58886	0.7767	0.086754	0.68546	1.0358	0.50284	0.55968	1.0545	0.48631	0.6837	0.97282	0.052441	0.6124	1.0124	0.05535	0.64465	1.1744	0.87217	0.60987	0.86892	0.12922	0.636	1.0493	0.49379	88.541	-2.5022	-16.238	-116.95	27.32	-1.9662	-7.5013	5.5474	-2.2276	-0.40603	14.826	-3.6471	71.801	10.585	1.7642
-69.411	122.1	826.7	0.67366	0.9766	0.015444	0.65022	0.85295	0.12412	0.58883	0.77809	0.090377	0.68614	1.0437	0.50198	0.56062	1.0633	0.48468	0.68367	0.97259	0.052206	0.61257	1.0122	0.054891	0.64439	1.1847	0.87057	0.61031	0.87092	0.13103	0.63687	1.0577	0.49266	88.718	-2.027	-16.6	-117.56	25.762	-1.6491	-8.2299	5.5367	-2.0009	1.9956	14.537	-3.6772	73.067	11.036	2.0939
-68.362	129.34	820.55	0.67336	0.97753	0.015445	0.65041	0.85476	0.12644	0.5888	0.77974	0.094333	0.68692	1.0519	0.50105	0.56168	1.0725	0.48291	0.68364	0.97234	0.052005	0.61275	1.012	0.054436	0.64406	1.195	0.86898	0.61079	0.87314	0.13299	0.63787	1.0665	0.49141	88.846	-1.5311	-16.954	-117.51	24.056	-1.3052	-9.0298	5.5329	-1.7718	4.6106	14.317	-3.7334	73.949	11.764	2.4093
-66.658	136.04	810.38	0.67304	0.97841	0.015445	0.65063	0.85681	0.12895	0.58876	0.78168	0.09864	0.68781	1.0604	0.50004	0.56287	1.082	0.48101	0.68363	0.9721	0.051853	0.61293	1.0118	0.053995	0.64364	1.2055	0.86743	0.61129	0.87561	0.13509	0.63901	1.0756	0.49004	88.914	-1.0198	-17.293	-116.73	22.232	-0.93949	-9.9068	5.535	-1.5402	7.4146	14.169	-3.8245	74.4	12.743	2.6958
-64.324	141.99	795.94	0.67273	0.97927	0.015445	0.65088	0.85915	0.13167	0.58869	0.78398	0.10332	0.6888	1.0693	0.49895	0.56419	1.092	0.47897	0.68363	0.97187	0.051769	0.61313	1.0116	0.053575	0.64314	1.216	0.86589	0.61181	0.87836	0.13736	0.64027	1.0851	0.48854	88.912	-0.49941	-17.61	-115.17	20.327	-0.55951	-10.866	5.5418	-1.3056	10.371	14.088	-3.9586	74.375	13.926	2.9401
-61.403	147.01	777.01	0.67241	0.9801	0.015445	0.65114	0.86181	0.13459	0.58861	0.78667	0.10837	0.68989	1.0786	0.49778	0.56565	1.1024	0.47679	0.68364	0.97167	0.051773	0.61333	1.0115	0.053186	0.64256	1.2266	0.86439	0.61233	0.88142	0.13979	0.64167	1.0951	0.4869	88.83	0.022524	-17.896	-112.78	18.382	-0.17453	-11.913	5.5514	-1.067	13.429	14.058	-4.1421	73.834	15.249	3.1305
-57.963	150.86	753.37	0.6721	0.98092	0.015446	0.65141	0.86482	0.13774	0.58848	0.7898	0.11382	0.6911	1.0884	0.49652	0.56725	1.1132	0.47447	0.68368	0.97154	0.051885	0.61356	1.0114	0.052839	0.64189	1.2372	0.86293	0.61284	0.88484	0.14241	0.64321	1.1054	0.48512	88.658	0.5374	-18.145	-109.49	16.439	0.20514	-13.051	5.5616	-0.82355	16.522	14.061	-4.3776	72.744	16.627	3.2585
-54.089	153.33	724.91	0.67181	0.98175	0.015446	0.65169	0.86824	0.14112	0.58832	0.79341	0.11967	0.6924	1.0986	0.49517	0.56898	1.1245	0.47203	0.68374	0.97151	0.052129	0.6138	1.0113	0.052548	0.64114	1.2478	0.8615	0.61333	0.88864	0.14521	0.64487	1.1162	0.48322	88.382	1.0356	-18.349	-105.3	14.546	0.56942	-14.284	5.5697	-0.57387	19.57	14.073	-4.6622	71.083	17.969	3.3202
-49.881	154.16	691.57	0.67156	0.98262	0.015446	0.65198	0.87209	0.14474	0.5881	0.79756	0.12592	0.69381	1.1093	0.49375	0.57084	1.1363	0.46947	0.68382	0.97161	0.052529	0.61407	1.0115	0.052325	0.64031	1.2585	0.86013	0.61379	0.89287	0.14822	0.64666	1.1275	0.48118	87.994	1.5065	-18.502	-100.2	12.745	0.90911	-15.614	5.5729	-0.31652	22.479	14.063	-4.9859	68.846	19.173	3.3173
-45.454	153.16	653.45	0.67134	0.98354	0.015447	0.65226	0.87643	0.14861	0.58783	0.80229	0.13257	0.6953	1.1205	0.49225	0.57282	1.1486	0.46681	0.68393	0.97188	0.053107	0.61437	1.0118	0.052186	0.6394	1.2691	0.8588	0.6142	0.89757	0.15143	0.64856	1.1392	0.47902	87.482	1.9393	-18.597	-94.217	11.073	1.2158	-17.043	5.5677	-0.049919	25.144	14	-5.3318	66.052	20.137	3.2575
-40.927	150.14	610.86	0.67118	0.98457	0.015449	0.65253	0.8813	0.15274	0.5875	0.80765	0.1396	0.69689	1.1321	0.49069	0.57491	1.1613	0.46406	0.68407	0.97237	0.053888	0.61471	1.0123	0.052146	0.63842	1.2798	0.85754	0.61455	0.90278	0.15486	0.65057	1.1514	0.47676	86.838	2.322	-18.631	-87.429	9.56	1.4821	-18.568	5.5505	0.22753	27.456	13.85	-5.6762	62.739	20.771	3.1529
-36.424	145.01	564.28	0.67107	0.98574	0.015451	0.65278	0.88672	0.15711	0.58711	0.81367	0.14699	0.69854	1.1444	0.48907	0.5771	1.1746	0.46126	0.68423	0.97313	0.054892	0.61508	1.0131	0.052221	0.63737	1.2904	0.85635	0.61483	0.90853	0.15851	0.65267	1.164	0.47441	86.058	2.6431	-18.603	-79.949	8.2251	1.702	-20.189	5.5174	0.51728	29.31	13.584	-5.9906	58.967	20.996	3.0194
-32.063	137.78	514.47	0.67105	0.98709	0.015454	0.65302	0.89273	0.16173	0.58664	0.82038	0.15473	0.70026	1.1571	0.48742	0.57937	1.1884	0.45842	0.68443	0.97423	0.05614	0.6155	1.0143	0.052426	0.63627	1.3009	0.85523	0.61503	0.91486	0.16238	0.65485	1.1772	0.47199	85.14	2.8915	-18.512	-71.935	7.0759	1.8707	-21.901	5.4646	0.82048	30.608	13.178	-6.2436	54.816	20.761	2.8742
-27.949	128.59	462.38	0.67111	0.98866	0.015459	0.65322	0.89938	0.16659	0.58609	0.82782	0.16278	0.70203	1.1703	0.48575	0.58171	1.2028	0.45557	0.68466	0.97571	0.057647	0.61597	1.0158	0.052777	0.63511	1.3115	0.8542	0.61514	0.9218	0.16648	0.65709	1.1908	0.46953	84.088	3.0574	-18.363	-63.585	6.1075	1.9836	-23.699	5.3885	1.1379	31.271	12.616	-6.4049	50.369	20.046	2.7308
-24.156	117.72	409.11	0.67128	0.99048	0.015464	0.6534	0.90667	0.17169	0.58548	0.836	0.1711	0.70384	1.1841	0.48408	0.58409	1.2176	0.45275	0.68493	0.97765	0.059427	0.61649	1.0179	0.053289	0.63391	1.3219	0.85328	0.61517	0.92939	0.17078	0.65938	1.2049	0.46704	82.911	3.133	-18.165	-55.124	5.3032	2.0381	-25.575	5.2854	1.4697	31.239	11.893	-6.4462	45.702	18.867	2.5972
-20.732	105.57	355.87	0.67157	0.9926	0.015471	0.65354	0.91465	0.17699	0.58478	0.84495	0.17964	0.70566	1.1984	0.48243	0.58651	1.2329	0.44999	0.68523	0.98011	0.061487	0.61706	1.0205	0.053974	0.63269	1.3323	0.85245	0.6151	0.93765	0.1753	0.66169	1.2195	0.46457	81.625	3.113	-17.927	-46.788	4.6366	2.0344	-27.521	5.152	1.8155	30.482	11.012	-6.3445	40.886	17.274	2.4749
-17.691	92.615	303.85	0.67201	0.99504	0.01548	0.65364	0.92332	0.18248	0.58401	0.85467	0.18835	0.70748	1.2132	0.48084	0.58893	1.2487	0.44732	0.68557	0.98316	0.063831	0.61769	1.0237	0.054843	0.63144	1.3426	0.85175	0.61495	0.94661	0.18001	0.66401	1.2345	0.46214	80.253	2.9958	-17.664	-38.812	4.0751	1.9751	-29.526	4.9856	2.1741	29.016	9.9934	-6.0876	35.997	15.355	2.3594
-15.017	79.336	254.18	0.67263	0.99786	0.015491	0.6537	0.9327	0.18813	0.58318	0.86516	0.19717	0.70928	1.2284	0.47933	0.59134	1.265	0.44479	0.68594	0.98687	0.066456	0.61837	1.0276	0.055903	0.63019	1.3528	0.85117	0.61471	0.95626	0.18489	0.66631	1.2499	0.45979	78.822	2.7836	-17.391	-31.403	3.586	1.8653	-31.578	4.7844	2.5434	26.9	8.866	-5.677	31.119	13.218	2.2412
-12.675	66.231	207.84	0.67347	1.0011	0.015504	0.65372	0.94279	0.19392	0.58227	0.8764	0.20604	0.71105	1.2441	0.47792	0.59371	1.2817	0.44242	0.68635	0.9913	0.069353	0.61911	1.0322	0.05716	0.62895	1.3629	0.85073	0.61439	0.96664	0.18992	0.66858	1.2657	0.45756	77.364	2.4828	-17.125	-24.726	3.1393	1.7113	-33.663	4.5472	2.9206	24.221	7.6654	-5.1252	26.322	10.982	2.1066
-10.618	53.739	165.56	0.67462	1.0049	0.01552	0.65368	0.9536	0.1998	0.58131	0.8884	0.21488	0.71276	1.2603	0.47665	0.59601	1.2988	0.44026	0.68678	0.99652	0.072505	0.61989	1.0377	0.058615	0.62773	1.3729	0.85044	0.614	0.97773	0.19507	0.67079	1.2819	0.45547	75.915	2.1035	-16.882	-18.896	2.7113	1.5212	-35.767	4.2737	3.3021	21.097	6.4296	-4.4552	21.671	8.7639	1.9415
-8.8008	42.205	127.89	0.67619	1.0094	0.01554	0.65361	0.96511	0.20574	0.5803	0.90111	0.22363	0.7144	1.2768	0.47555	0.59824	1.3163	0.43835	0.68725	1.0026	0.07589	0.62072	1.044	0.060265	0.62654	1.3827	0.8503	0.61354	0.98953	0.20031	0.67292	1.2985	0.45358	74.508	1.6592	-16.676	-13.995	2.2926	1.3069	-37.876	3.9649	3.6835	17.707	5.204	-3.7036	17.268	6.6651	1.7446
-7.1877	31.885	95.115	0.6784	1.0149	0.015567	0.65348	0.97733	0.21168	0.57925	0.91451	0.23221	0.71596	1.2937	0.47463	0.60035	1.3342	0.43671	0.68774	1.0096	0.079479	0.62159	1.0513	0.062103	0.6254	1.3925	0.85032	0.61303	1.002	0.2056	0.67496	1.3154	0.4519	73.176	1.165	-16.515	-9.9665	1.8652	1.0713	-39.974	3.6226	4.0599	14.138	4.0122	-2.9043	13.147	4.7633	1.5025
-5.7502	22.941	67.325	0.68168	1.0222	0.015605	0.65332	0.99022	0.21759	0.57816	0.92857	0.24054	0.71741	1.3109	0.47393	0.60235	1.3523	0.43539	0.68825	1.0175	0.083237	0.62249	1.0595	0.064116	0.62432	1.4022	0.85052	0.61247	1.0152	0.2109	0.67688	1.3325	0.45047	71.946	0.63716	-16.406	-6.8107	1.4396	0.82722	-42.046	3.2499	4.4258	10.592	2.8935	-2.1018	9.3981	3.1139	1.2266
-4.4693	15.444	44.425	0.68699	1.0328	0.015663	0.65311	1.0038	0.22342	0.57707	0.94324	0.24855	0.71875	1.3283	0.47348	0.6042	1.3707	0.43441	0.68879	1.0264	0.087124	0.62342	1.0688	0.066288	0.62331	1.4117	0.85088	0.61188	1.0291	0.21615	0.67868	1.3499	0.44933	70.84	0.091737	-16.349	-4.7359	1.0831	0.61396	-44.076	2.8507	4.7754	7.5431	1.935	-1.3625	6.275	1.7578	0.98264
-3.3579	9.4264	26.296	0.69707	1.0512	0.015768	0.65287	1.018	0.2291	0.57596	0.95847	0.25618	0.71996	1.346	0.47328	0.6059	1.3892	0.43379	0.68933	1.0363	0.091092	0.62435	1.079	0.068599	0.62237	1.4212	0.85142	0.61126	1.0436	0.22132	0.68033	1.3675	0.44849	69.874	-0.4567	-16.342	-2.3821	0.56155	0.31521	-46.051	2.4301	5.1031	3.7217	0.91464	-0.61792	2.9976	0.6763	0.54323
0	0	0	NaN	NaN	NaN	0.65259	1.0328	0.23459	0.57487	0.97423	0.26334	0.72104	1.3638	0.47337	0.60743	1.408	0.43357	0.68988	1.0473	0.095092	0.62529	1.0904	0.071022	0.62153	1.4305	0.85213	0.61063	1.0587	0.22635	0.68183	1.3852	0.44798	69.058	-0.99523	-16.377	0.029985	0.002071	0.006421	-47.955	1.994	5.403	0.016224	0.04562	-0.040731	0.19997	0.010024	0.030181
