-1.8335	1.3246	79.974	0.60479	0.82691	0.014663	0.62666	0.83332	0.084257	0.56245	0.79467	0.031494	0.64078	0.70143	0.48324	0.51352	0.71474	0.47913	0.64878	0.93407	0.071313	0.5834	0.97266	0.10883	0.58029	0.55074	0.84364	0.58193	0.83703	0.093947	0.5732	0.70637	0.47169	75.942	-8.6249	-19.338	0.27484	1.7796	-0.60544	-4.9786	-4.6185	-3.6194	-10.026	-0.020531	-1.3776	-23.452	2.1271	0.13627
-3.801	-2.9727	120.04	0.60772	0.84013	0.014713	0.62726	0.83954	0.082756	0.5636	0.79955	0.030852	0.64123	0.71023	0.48221	0.51383	0.72187	0.47725	0.64846	0.94013	0.068361	0.58262	0.97871	0.10514	0.58122	0.56167	0.84337	0.58259	0.84302	0.091938	0.5734	0.71448	0.47062	75.189	-9.0284	-19.412	-0.096741	2.8129	-0.87455	-5.0032	-4.6497	-3.4863	-13.213	0.21768	-1.917	-31.335	2.3094	-0.29606
-6.2804	-9.0367	168.1	0.60966	0.84921	0.014747	0.6278	0.84507	0.08123	0.56469	0.80361	0.030368	0.64172	0.71911	0.48133	0.51422	0.72908	0.47557	0.64813	0.94541	0.065124	0.58183	0.98411	0.10102	0.58222	0.57263	0.8432	0.58318	0.84837	0.089882	0.57367	0.72268	0.46972	74.344	-9.5055	-19.459	-0.32875	4.1206	-1.1687	-5.1355	-4.6676	-3.2989	-16.436	0.61342	-2.4968	-39.918	2.3533	-0.81519
-9.289	-17.152	223.58	0.61112	0.85625	0.014773	0.62828	0.84998	0.079711	0.5657	0.80695	0.030049	0.64226	0.72805	0.48061	0.51467	0.7364	0.47411	0.64781	0.94996	0.061682	0.58105	0.98895	0.096554	0.58329	0.5836	0.84313	0.58368	0.85317	0.087824	0.57403	0.73097	0.46898	73.421	-10.049	-19.476	-0.53754	5.69	-1.4671	-5.3622	-4.6681	-3.0582	-19.192	1.1608	-3.0566	-48.144	2.0674	-1.494
-12.817	-27.547	284.98	0.61235	0.86227	0.014795	0.62868	0.85435	0.07823	0.56663	0.80966	0.029897	0.64283	0.73703	0.48004	0.51518	0.74381	0.47288	0.64753	0.95385	0.058119	0.5803	0.99328	0.091841	0.58441	0.59456	0.84316	0.5841	0.85746	0.085812	0.57447	0.73932	0.46841	72.439	-10.651	-19.463	-0.6966	7.5126	-1.7511	-5.6706	-4.6485	-2.7664	-21.234	1.8226	-3.557	-55.596	1.3907	-2.3243
-16.878	-40.299	350.26	0.6135	0.86778	0.014816	0.629	0.85823	0.076816	0.56746	0.81185	0.029908	0.64342	0.74602	0.47962	0.51573	0.75133	0.47192	0.6473	0.95716	0.054522	0.5796	0.99716	0.086981	0.58559	0.60547	0.8433	0.58441	0.86131	0.083888	0.57498	0.74772	0.46799	71.423	-11.299	-19.42	-0.87914	9.5597	-1.997	-6.0495	-4.6082	-2.4274	-22.223	2.5137	-3.9439	-61.547	0.17871	-3.3641
-21.519	-55.17	417.96	0.61461	0.87299	0.014835	0.62924	0.86167	0.075496	0.56819	0.81359	0.030069	0.64402	0.755	0.47936	0.51631	0.75895	0.47121	0.64711	0.95993	0.050976	0.57896	1.0006	0.082078	0.58681	0.61632	0.84353	0.58461	0.86477	0.08209	0.57556	0.75614	0.46774	70.402	-11.98	-19.345	-1.1464	11.814	-2.1877	-6.489	-4.5485	-2.047	-22.033	3.1366	-4.186	-65.718	-1.666	-4.6613
-26.698	-71.623	486.81	0.6157	0.87793	0.014854	0.62941	0.86471	0.074291	0.56882	0.81498	0.030364	0.64462	0.76395	0.47924	0.5169	0.76666	0.47079	0.64698	0.96225	0.04756	0.57839	1.0038	0.077234	0.58808	0.62707	0.84388	0.58471	0.86788	0.08045	0.5762	0.76457	0.46764	69.41	-12.678	-19.239	-1.5366	14.26	-2.3112	-6.9807	-4.4726	-1.6328	-20.71	3.6166	-4.2721	-68.172	-4.1575	-6.2203
-32.245	-88.89	555.28	0.61674	0.88258	0.014872	0.62949	0.86741	0.073217	0.56934	0.81607	0.030771	0.64521	0.77282	0.47926	0.51749	0.77447	0.47063	0.64691	0.96415	0.044343	0.57788	1.0065	0.072542	0.58938	0.6377	0.84432	0.58469	0.87067	0.078991	0.57688	0.77297	0.46768	68.479	-13.379	-19.101	-2.0728	16.86	-2.3573	-7.5175	-4.3855	-1.1943	-18.361	3.9314	-4.2025	-69.064	-7.2136	-7.9839
-37.884	-106.09	621.67	0.61771	0.88691	0.014888	0.62951	0.86978	0.072284	0.56975	0.81693	0.031265	0.6458	0.7816	0.47942	0.51807	0.78234	0.47074	0.64689	0.96569	0.041382	0.57744	1.009	0.068087	0.59071	0.64818	0.84486	0.58456	0.87316	0.077729	0.57759	0.78133	0.46787	67.642	-14.065	-18.928	-2.7522	19.552	-2.3181	-8.0927	-4.2934	-0.74314	-15.14	4.1004	-3.985	-68.619	-10.68	-9.8511
-43.286	-122.39	684.07	0.61856	0.89089	0.014903	0.62946	0.87185	0.071496	0.57007	0.81759	0.031817	0.64636	0.79025	0.4797	0.51863	0.79026	0.4711	0.64691	0.96692	0.03872	0.57706	1.0112	0.063938	0.59205	0.65849	0.84551	0.58433	0.87538	0.076671	0.57831	0.78962	0.46819	66.927	-14.72	-18.719	-3.5528	22.249	-2.1841	-8.6996	-4.2036	-0.2925	-11.184	4.1695	-3.6269	-66.996	-14.37	-11.704
-48.14	-137.12	740.52	0.61928	0.8945	0.014916	0.62935	0.87365	0.070851	0.57029	0.81812	0.032402	0.6469	0.79873	0.48009	0.51916	0.79819	0.47167	0.64697	0.96788	0.036385	0.57674	1.0131	0.06015	0.59341	0.66862	0.84625	0.58402	0.87735	0.075816	0.57902	0.7978	0.46863	66.354	-15.328	-18.473	-4.4443	24.847	-1.9481	-9.3307	-4.1233	0.14309	-6.6108	4.1918	-3.1345	-64.286	-18.1	-13.44
-52.3	-149.74	789.61	0.61989	0.89775	0.014928	0.62919	0.8752	0.070343	0.57044	0.81852	0.032996	0.64742	0.807	0.48056	0.51966	0.80609	0.47244	0.64707	0.96861	0.034388	0.57647	1.0147	0.056761	0.59476	0.67855	0.84707	0.58364	0.87906	0.075159	0.57971	0.80584	0.46918	65.94	-15.874	-18.187	-5.4101	27.262	-1.6224	-9.9771	-4.0594	0.54858	-1.609	4.1865	-2.5303	-60.699	-21.76	-15.022
-55.811	-159.9	830.88	0.6204	0.90067	0.014938	0.629	0.8765	0.069962	0.57052	0.81882	0.033575	0.64792	0.81503	0.48109	0.52013	0.81392	0.47336	0.64719	0.96915	0.03273	0.57625	1.0162	0.053793	0.59609	0.68827	0.84798	0.5832	0.88056	0.074685	0.58037	0.8137	0.46982	65.69	-16.344	-17.864	-6.4428	29.44	-1.2356	-10.629	-4.0174	0.90934	3.5962	4.1475	-1.8484	-56.538	-25.303	-16.467
-58.779	-167.46	864.49	0.62086	0.90326	0.014947	0.62878	0.87759	0.069695	0.57053	0.81905	0.034122	0.64839	0.82277	0.48168	0.52058	0.82162	0.47439	0.64733	0.96952	0.031396	0.57607	1.0173	0.051251	0.5974	0.69777	0.84896	0.58273	0.88184	0.074377	0.58098	0.82135	0.47052	65.605	-16.728	-17.505	-7.5394	31.357	-0.82446	-11.273	-4.0009	1.212	8.7775	4.0607	-1.1273	-52.122	-28.719	-17.812
-61.287	-172.44	890.86	0.62128	0.90555	0.014956	0.62855	0.87847	0.069526	0.5705	0.81922	0.034623	0.64884	0.8302	0.48228	0.521	0.82916	0.47549	0.64748	0.96975	0.030363	0.57593	1.0183	0.049127	0.59868	0.70707	0.85002	0.58225	0.88293	0.074212	0.58153	0.82875	0.47127	65.677	-17.019	-17.115	-8.6934	32.998	-0.41952	-11.899	-4.0111	1.4459	13.748	3.9298	-0.39934	-47.688	-31.984	-19.068
-63.37	-174.91	910.49	0.62166	0.90756	0.014963	0.62832	0.87917	0.069439	0.57043	0.81934	0.035068	0.64927	0.83728	0.48289	0.52141	0.83646	0.47661	0.64763	0.96987	0.029603	0.57582	1.0191	0.047399	0.59991	0.71615	0.85113	0.58176	0.88385	0.074167	0.58203	0.83586	0.47203	65.893	-17.211	-16.701	-9.8913	34.356	-0.04355	-12.491	-4.047	1.6035	18.339	3.7714	0.30645	-43.43	-35.045	-20.214
-65.025	-175	923.9	0.62202	0.90929	0.014969	0.62808	0.8797	0.069417	0.57033	0.81942	0.035451	0.64969	0.84398	0.48349	0.5218	0.84349	0.47771	0.64779	0.96991	0.02908	0.57575	1.0197	0.046038	0.60108	0.72503	0.85229	0.58129	0.88461	0.074216	0.58246	0.84264	0.4728	66.234	-17.305	-16.272	-11.114	35.428	0.28631	-13.038	-4.1049	1.6817	22.409	3.6043	0.96344	-39.496	-37.834	-21.214
-66.253	-172.87	931.58	0.62236	0.91076	0.014975	0.62787	0.88009	0.069446	0.57022	0.81946	0.03577	0.6501	0.85029	0.48405	0.52218	0.8502	0.47876	0.64794	0.96988	0.028757	0.57571	1.0202	0.045007	0.60219	0.73373	0.8535	0.58085	0.88523	0.074335	0.58285	0.84908	0.47355	66.68	-17.306	-15.838	-12.341	36.216	0.5563	-13.527	-4.1795	1.6818	25.851	3.4386	1.5473	-35.973	-40.292	-22.037
-67.077	-168.75	934	0.62268	0.91199	0.01498	0.62767	0.88034	0.069511	0.57009	0.81947	0.036028	0.65049	0.85618	0.48457	0.52256	0.85655	0.47973	0.64809	0.96979	0.028597	0.57569	1.0205	0.044263	0.60322	0.74225	0.85475	0.58044	0.88574	0.074502	0.58319	0.85514	0.47425	67.208	-17.223	-15.411	-13.547	36.73	0.75628	-13.949	-4.2641	1.6102	28.6	3.2708	2.0381	-32.902	-42.384	-22.664
-67.533	-162.89	931.56	0.62299	0.91302	0.014984	0.62749	0.88049	0.0696	0.56996	0.81946	0.036227	0.65088	0.86167	0.48504	0.52293	0.86252	0.4806	0.64824	0.96967	0.028564	0.57569	1.0207	0.043765	0.60417	0.75063	0.85603	0.58007	0.88614	0.074698	0.58349	0.86081	0.4749	67.794	-17.067	-15.002	-14.712	36.985	0.881	-14.295	-4.3519	1.4772	30.621	3.0901	2.4223	-30.282	-44.093	-23.091
-67.667	-155.57	924.61	0.6233	0.91388	0.014988	0.62733	0.88054	0.069701	0.56982	0.81942	0.036373	0.65125	0.86676	0.48545	0.52329	0.86809	0.48135	0.64837	0.96953	0.028626	0.57572	1.0208	0.043469	0.60503	0.75887	0.85733	0.57975	0.88645	0.074905	0.58375	0.8661	0.47549	68.417	-16.854	-14.62	-15.815	37.003	0.93054	-14.56	-4.4364	1.297	31.909	2.8833	2.6927	-28.083	-45.417	-23.32
-67.532	-147.07	913.46	0.62363	0.91461	0.014992	0.6272	0.88053	0.069808	0.5697	0.81937	0.036473	0.6516	0.87145	0.4858	0.52365	0.87325	0.48199	0.6485	0.96937	0.028753	0.57576	1.0209	0.043333	0.6058	0.76699	0.85865	0.57947	0.88669	0.075112	0.58399	0.87099	0.47601	69.057	-16.602	-14.274	-16.842	36.806	0.90911	-14.74	-4.5122	1.086	32.483	2.6381	2.8483	-26.261	-46.371	-23.364
-67.195	-137.67	898.44	0.62398	0.91524	0.014996	0.62709	0.88045	0.069913	0.56958	0.81932	0.036534	0.65193	0.87576	0.4861	0.52398	0.87801	0.4825	0.64862	0.9692	0.02892	0.57582	1.0208	0.043321	0.60648	0.77502	0.85998	0.57924	0.88687	0.075309	0.5842	0.87551	0.47645	69.696	-16.327	-13.97	-17.785	36.427	0.82298	-14.837	-4.5757	0.86193	32.381	2.3455	2.8926	-24.765	-46.984	-23.246
-66.723	-127.65	879.92	0.62439	0.91583	0.015	0.62701	0.88034	0.070013	0.56947	0.81925	0.036565	0.65225	0.87973	0.48634	0.52429	0.88238	0.4829	0.64873	0.96904	0.029108	0.57589	1.0208	0.043398	0.60707	0.78296	0.86133	0.57906	0.88699	0.075491	0.5844	0.87967	0.47682	70.321	-16.047	-13.713	-18.642	35.899	0.67999	-14.85	-4.6247	0.64218	31.661	2.0025	2.8326	-23.544	-47.292	-22.992
-66.168	-117.3	858.34	0.62486	0.91642	0.015004	0.62695	0.8802	0.070104	0.56937	0.81918	0.036574	0.65253	0.88337	0.48652	0.52458	0.88639	0.48319	0.64883	0.96889	0.029299	0.57596	1.0207	0.043534	0.60757	0.79084	0.86268	0.57892	0.88707	0.075655	0.58458	0.88349	0.47713	70.919	-15.777	-13.504	-19.421	35.258	0.48992	-14.783	-4.659	0.44277	30.395	1.6161	2.6785	-22.542	-47.335	-22.629
-65.564	-106.88	834.22	0.62541	0.91708	0.015009	0.62689	0.88005	0.070187	0.56927	0.81911	0.036567	0.65278	0.88672	0.48667	0.52484	0.89007	0.4834	0.64892	0.96874	0.029483	0.57604	1.0205	0.043707	0.60798	0.79868	0.86404	0.57882	0.88711	0.0758	0.58474	0.887	0.47738	71.484	-15.53	-13.341	-20.137	34.537	0.26368	-14.642	-4.6794	0.27689	28.667	1.2016	2.4425	-21.703	-47.146	-22.18
-64.924	-96.634	808.11	0.62605	0.91785	0.015015	0.62686	0.87989	0.07026	0.56919	0.81904	0.036552	0.653	0.88981	0.48677	0.52507	0.89346	0.48352	0.64901	0.96861	0.02965	0.57613	1.0204	0.043895	0.6083	0.80647	0.86539	0.57875	0.88713	0.075928	0.58488	0.89023	0.47759	72.009	-15.313	-13.222	-20.812	33.767	0.01216	-14.433	-4.6879	0.15441	26.565	0.7815	2.1375	-20.981	-46.752	-21.665
-64.234	-86.761	780.62	0.62676	0.91878	0.015021	0.62682	0.87973	0.070325	0.5691	0.81897	0.036534	0.65318	0.89267	0.48685	0.52526	0.8966	0.48358	0.64909	0.96849	0.029797	0.57621	1.0202	0.044083	0.60856	0.81423	0.86674	0.57871	0.88713	0.07604	0.58498	0.89322	0.47775	72.492	-15.131	-13.141	-21.469	32.973	-0.25462	-14.161	-4.6871	0.081233	24.179	0.38391	1.775	-20.336	-46.166	-21.095
-63.461	-77.41	752.37	0.62755	0.91992	0.015029	0.62679	0.87959	0.070383	0.56902	0.81891	0.036518	0.65332	0.89533	0.4869	0.52541	0.89953	0.4836	0.64916	0.96839	0.02992	0.57629	1.0201	0.044261	0.60874	0.82198	0.86807	0.5787	0.88712	0.076139	0.58506	0.896	0.47789	72.934	-14.987	-13.093	-22.131	32.18	-0.5275	-13.836	-4.6796	0.058891	21.589	0.042534	1.365	-19.745	-45.388	-20.474
-62.552	-68.684	723.98	0.62841	0.92131	0.015037	0.62675	0.87945	0.070437	0.56893	0.81887	0.036509	0.65342	0.89782	0.48693	0.52552	0.90229	0.48357	0.64922	0.9683	0.03002	0.57636	1.02	0.04442	0.60886	0.82971	0.86938	0.5787	0.8871	0.076228	0.5851	0.89861	0.478	73.335	-14.876	-13.071	-22.822	31.405	-0.79878	-13.465	-4.668	0.085276	18.869	-0.20823	0.916	-19.197	-44.407	-19.801
-61.453	-60.637	696	0.62933	0.92297	0.015047	0.6267	0.87934	0.070488	0.56884	0.81883	0.03651	0.65348	0.90017	0.48694	0.52559	0.90491	0.4835	0.64927	0.96822	0.030098	0.57643	1.0199	0.044556	0.60893	0.83744	0.87066	0.57871	0.88709	0.076308	0.58511	0.90107	0.4781	73.699	-14.796	-13.066	-23.559	30.664	-1.0626	-13.056	-4.6543	0.15502	16.078	-0.33653	0.435	-18.692	-43.208	-19.074
-60.114	-53.284	668.96	0.63027	0.92492	0.015057	0.62665	0.87924	0.070538	0.56874	0.81881	0.036523	0.65349	0.90241	0.48695	0.52561	0.90743	0.48341	0.64931	0.96817	0.030156	0.57649	1.0198	0.044667	0.60895	0.84517	0.8719	0.57873	0.88708	0.076384	0.58506	0.90342	0.47819	74.029	-14.738	-13.072	-24.36	29.97	-1.3147	-12.616	-4.6403	0.25988	13.267	-0.31598	-0.07153	-18.239	-41.774	-18.289
-58.506	-46.611	643.33	0.63122	0.92717	0.015068	0.62658	0.87917	0.070591	0.56863	0.8188	0.03655	0.65346	0.90456	0.48694	0.5256	0.90989	0.48329	0.64935	0.96812	0.030197	0.57655	1.0197	0.044752	0.60893	0.85289	0.87309	0.57875	0.88709	0.076456	0.58497	0.90569	0.47827	74.33	-14.695	-13.083	-25.236	29.332	-1.5522	-12.155	-4.6268	0.39013	10.474	-0.12994	-0.59654	-17.851	-40.103	-17.449
-56.623	-40.581	619.46	0.63216	0.92971	0.01508	0.6265	0.87912	0.070647	0.56851	0.81881	0.036593	0.65339	0.90665	0.48693	0.52555	0.91231	0.48315	0.64938	0.96809	0.030224	0.5766	1.0197	0.044812	0.60887	0.86063	0.87422	0.57876	0.88711	0.076526	0.58484	0.90791	0.47835	74.608	-14.66	-13.093	-26.198	28.758	-1.7731	-11.68	-4.6143	0.53539	7.7273	0.22664	-1.1318	-17.542	-38.202	-16.563
-54.489	-35.148	597.64	0.63307	0.93252	0.015093	0.6264	0.87909	0.070709	0.56836	0.81883	0.036652	0.65329	0.90871	0.48691	0.52546	0.91471	0.48298	0.6494	0.96807	0.03024	0.57664	1.0197	0.044849	0.60878	0.86836	0.87528	0.57876	0.88716	0.076596	0.58466	0.91012	0.47843	74.867	-14.627	-13.097	-27.25	28.253	-1.9756	-11.198	-4.6025	0.68555	5.0494	0.74579	-1.6676	-17.32	-36.099	-15.643
-52.156	-30.264	578.05	0.63394	0.93559	0.015106	0.62628	0.87909	0.070778	0.5682	0.81887	0.036727	0.65315	0.91076	0.48689	0.52535	0.91712	0.48279	0.64941	0.96805	0.030249	0.57668	1.0197	0.044867	0.60866	0.87611	0.87626	0.57876	0.88723	0.076667	0.58444	0.91232	0.4785	75.113	-14.591	-13.091	-28.399	27.819	-2.1588	-10.718	-4.5909	0.83166	2.4579	1.4069	-2.1933	-17.182	-33.841	-14.71
-49.703	-25.887	560.79	0.63475	0.9389	0.015119	0.62615	0.8791	0.070854	0.56802	0.81893	0.036817	0.65298	0.91283	0.48685	0.5252	0.91955	0.48258	0.64941	0.96805	0.030253	0.57671	1.0197	0.044867	0.60852	0.88386	0.87714	0.57874	0.88732	0.076738	0.58418	0.91456	0.47857	75.35	-14.548	-13.074	-29.646	27.458	-2.322	-10.246	-4.5784	0.96643	-0.031949	2.1797	-2.6981	-17.118	-31.489	-13.787
-47.227	-21.984	545.91	0.63552	0.9424	0.015132	0.626	0.87914	0.070938	0.56781	0.819	0.036923	0.65278	0.91493	0.48681	0.52503	0.92202	0.48235	0.6494	0.96806	0.030255	0.57673	1.0198	0.044853	0.60836	0.89162	0.87793	0.5787	0.88744	0.076811	0.58388	0.91686	0.47863	75.583	-14.498	-13.043	-30.995	27.172	-2.4648	-9.7901	-4.5639	1.0848	-2.4056	3.0276	-3.1719	-17.105	-29.116	-12.9
-44.834	-18.529	533.37	0.63624	0.94608	0.015145	0.62583	0.8792	0.071031	0.56758	0.81909	0.037043	0.65255	0.91709	0.48676	0.52483	0.92454	0.48209	0.64938	0.96808	0.030256	0.57676	1.0199	0.044828	0.60819	0.89939	0.8786	0.57864	0.88759	0.076886	0.58356	0.91922	0.47868	75.816	-14.443	-13	-32.448	26.963	-2.5869	-9.3551	-4.5463	1.1841	-4.6509	3.9107	-3.6058	-17.113	-26.8	-12.074
-42.631	-15.501	523.12	0.63693	0.94992	0.015159	0.62564	0.87928	0.071133	0.56732	0.81919	0.037178	0.65231	0.91933	0.4867	0.52462	0.92713	0.4818	0.64935	0.9681	0.030258	0.57677	1.02	0.044793	0.60799	0.90717	0.87917	0.57857	0.88776	0.076963	0.58322	0.92168	0.47872	76.052	-14.386	-12.944	-34.009	26.834	-2.6875	-8.9469	-4.5247	1.2636	-6.7574	4.7905	-3.9929	-17.108	-24.616	-11.327
-40.709	-12.886	515.08	0.6376	0.95388	0.015173	0.62543	0.87938	0.071242	0.56703	0.81931	0.037326	0.65205	0.92166	0.48662	0.52439	0.9298	0.4815	0.64931	0.96813	0.030263	0.57678	1.0201	0.044752	0.60779	0.91496	0.87961	0.57846	0.88795	0.077042	0.58287	0.92425	0.47874	76.294	-14.329	-12.877	-35.682	26.787	-2.7661	-8.5701	-4.4983	1.3245	-8.7166	5.6329	-4.3281	-17.052	-22.631	-10.674
-39.139	-10.667	509.14	0.63826	0.95795	0.015187	0.6252	0.8795	0.071358	0.56672	0.81945	0.037488	0.65177	0.9241	0.48652	0.52414	0.93255	0.48117	0.64927	0.96816	0.03027	0.57679	1.0202	0.044706	0.60758	0.92275	0.87993	0.57833	0.88817	0.077125	0.58251	0.92695	0.47874	76.546	-14.279	-12.801	-37.472	26.824	-2.8222	-8.2286	-4.4667	1.3695	-10.522	6.4117	-4.6093	-16.912	-20.893	-10.122
-37.961	-8.8275	505.23	0.63892	0.96209	0.015201	0.62494	0.87964	0.071482	0.56637	0.81961	0.037662	0.65149	0.92666	0.48641	0.52389	0.93541	0.48082	0.64921	0.9682	0.030281	0.57679	1.0204	0.044656	0.60735	0.93056	0.88013	0.57817	0.8884	0.077212	0.58215	0.92977	0.47872	76.808	-14.238	-12.718	-39.381	26.945	-2.8557	-7.9252	-4.4301	1.402	-12.169	7.1118	-4.837	-16.654	-19.43	-9.6687
-37.182	-7.3451	503.22	0.63956	0.96629	0.015215	0.62466	0.8798	0.071612	0.56599	0.81977	0.037851	0.65119	0.92935	0.48627	0.52362	0.93837	0.48045	0.64913	0.96823	0.030295	0.57679	1.0205	0.044604	0.60713	0.93837	0.8802	0.57798	0.88866	0.077304	0.58178	0.93274	0.47868	77.082	-14.212	-12.629	-41.41	27.15	-2.8664	-7.6617	-4.3887	1.4254	-13.655	7.7298	-5.0135	-16.249	-18.246	-9.3062
-36.774	-6.1909	503.01	0.64019	0.97049	0.015229	0.62435	0.87997	0.071748	0.56557	0.81996	0.038054	0.65089	0.93217	0.48612	0.52335	0.94145	0.48006	0.64904	0.96828	0.030314	0.57679	1.0207	0.044551	0.60691	0.94618	0.88015	0.57776	0.88893	0.077403	0.58142	0.93586	0.47862	77.369	-14.203	-12.538	-43.556	27.434	-2.8537	-7.4392	-4.3435	1.4433	-14.978	8.2739	-5.1424	-15.675	-17.319	-9.0191
-36.684	-5.3295	504.51	0.64078	0.97467	0.015243	0.62401	0.88016	0.071891	0.56511	0.82016	0.038273	0.65058	0.93514	0.48594	0.52307	0.94465	0.47965	0.64894	0.96832	0.030337	0.57678	1.0209	0.044497	0.60668	0.95401	0.87999	0.57751	0.88922	0.077509	0.58107	0.93914	0.47853	77.669	-14.211	-12.446	-45.814	27.794	-2.817	-7.2575	-4.2955	1.4583	-16.139	8.7623	-5.228	-14.916	-16.61	-8.7887
-36.845	-4.7199	507.63	0.64132	0.97878	0.015257	0.62363	0.88036	0.07204	0.56461	0.82038	0.03851	0.65028	0.93824	0.48574	0.52279	0.94798	0.47923	0.64882	0.96837	0.030365	0.57677	1.0211	0.044442	0.60646	0.96184	0.87971	0.57722	0.88953	0.077624	0.58072	0.94257	0.47841	77.982	-14.236	-12.355	-48.175	28.225	-2.7557	-7.1158	-4.2461	1.4723	-17.139	9.2165	-5.2752	-13.96	-16.07	-8.596
-37.19	-4.3141	512.27	0.64179	0.98278	0.015269	0.62321	0.88057	0.072197	0.56407	0.82061	0.038768	0.64997	0.94148	0.48551	0.52251	0.95144	0.47879	0.64868	0.96841	0.030397	0.57675	1.0213	0.044386	0.60625	0.96968	0.87932	0.5769	0.88985	0.077751	0.58037	0.94615	0.47828	78.308	-14.276	-12.267	-50.633	28.714	-2.6701	-7.0126	-4.1968	1.4862	-17.979	9.6552	-5.2889	-12.804	-15.652	-8.425
-37.657	-4.0558	518.36	0.64216	0.98662	0.015281	0.62275	0.88079	0.072363	0.56347	0.82086	0.03905	0.64965	0.94485	0.48527	0.52222	0.95503	0.47834	0.64852	0.96845	0.030433	0.57672	1.0216	0.044331	0.60605	0.97753	0.87884	0.57654	0.89019	0.077892	0.58003	0.94988	0.47813	78.646	-14.328	-12.184	-53.178	29.251	-2.5613	-6.9456	-4.1491	1.5	-18.666	10.093	-5.2739	-11.452	-15.316	-8.2635
-38.198	-3.8823	525.83	0.64241	0.99027	0.015291	0.62226	0.88103	0.07254	0.56284	0.82112	0.039361	0.64934	0.94834	0.48501	0.52194	0.95876	0.47788	0.64834	0.96849	0.030474	0.57669	1.0218	0.044274	0.60586	0.98538	0.87826	0.57616	0.89055	0.07805	0.5797	0.95375	0.47796	78.994	-14.388	-12.107	-55.802	29.821	-2.4312	-6.9121	-4.1043	1.5131	-19.207	10.539	-5.2354	-9.916	-15.031	-8.1039
-38.78	-3.7239	534.61	0.64253	0.99369	0.015301	0.62173	0.88127	0.072732	0.56216	0.82139	0.039706	0.64904	0.95195	0.48473	0.52167	0.96262	0.47741	0.64814	0.96852	0.030519	0.57664	1.022	0.044217	0.60569	0.99326	0.87759	0.57575	0.89092	0.078226	0.57937	0.95776	0.47777	79.35	-14.449	-12.039	-58.497	30.414	-2.2828	-6.909	-4.0639	1.5245	-19.611	11.001	-5.179	-8.2128	-14.776	-7.9429
-39.377	-3.5075	544.66	0.64253	0.99687	0.015308	0.62117	0.88152	0.072942	0.56144	0.82168	0.04009	0.64873	0.95566	0.48444	0.5214	0.96661	0.47692	0.64793	0.96855	0.030569	0.57659	1.0223	0.04416	0.60553	1.0011	0.87685	0.57533	0.89131	0.078425	0.57904	0.9619	0.47757	79.712	-14.508	-11.98	-61.255	31.019	-2.12	-6.9332	-4.0289	1.5331	-19.889	11.48	-5.1109	-6.3651	-14.537	-7.7804
-39.973	-3.1581	555.9	0.6424	0.99978	0.015315	0.62057	0.88177	0.073174	0.56069	0.82197	0.040519	0.64843	0.95948	0.48413	0.52114	0.97073	0.47642	0.6477	0.96858	0.030622	0.57654	1.0225	0.044103	0.60538	1.0091	0.87603	0.57489	0.89172	0.078649	0.57871	0.96616	0.47735	80.078	-14.558	-11.932	-64.072	31.627	-1.9479	-6.9813	-4.0004	1.5378	-20.056	11.979	-5.0379	-4.398	-14.302	-7.6192
-40.559	-2.5988	568.31	0.64214	1.0024	0.01532	0.61996	0.88203	0.073433	0.55991	0.82228	0.041	0.64814	0.96339	0.48382	0.52089	0.97497	0.47591	0.64746	0.9686	0.030679	0.57647	1.0227	0.044045	0.60526	1.017	0.87514	0.57444	0.89215	0.078902	0.57839	0.97054	0.47713	80.445	-14.596	-11.898	-66.94	32.23	-1.7724	-7.0503	-3.9789	1.5381	-20.126	12.5	-4.9675	-2.3387	-14.063	-7.4638
-41.133	-1.7523	581.81	0.64179	1.0048	0.015324	0.61933	0.8823	0.073724	0.55912	0.82258	0.041539	0.64786	0.96738	0.4835	0.52065	0.97932	0.47539	0.64721	0.96861	0.030739	0.57641	1.023	0.043988	0.60514	1.025	0.87419	0.57399	0.8926	0.079187	0.57807	0.97501	0.4769	80.811	-14.617	-11.878	-69.851	32.824	-1.6	-7.1375	-3.9647	1.5342	-20.11	13.041	-4.9073	-0.21596	-13.817	-7.3207
-41.7	-0.54331	596.32	0.64135	1.0068	0.015326	0.6187	0.88257	0.074054	0.55832	0.82289	0.042145	0.64759	0.97146	0.48318	0.52043	0.98378	0.47485	0.64695	0.96863	0.030802	0.57634	1.0232	0.043931	0.60504	1.033	0.87318	0.57356	0.89306	0.079508	0.57776	0.97959	0.47667	81.171	-14.619	-11.874	-72.798	33.406	-1.4366	-7.2406	-3.9581	1.527	-20.023	13.601	-4.8638	1.9411	-13.566	-7.1963
-42.283	1.0998	611.76	0.64085	1.0086	0.015327	0.61808	0.88285	0.074428	0.55754	0.8232	0.042825	0.64734	0.97561	0.48286	0.52024	0.98836	0.47431	0.6467	0.96864	0.030867	0.57627	1.0234	0.043877	0.60496	1.041	0.87213	0.57314	0.89355	0.079869	0.57747	0.98426	0.47643	81.525	-14.6	-11.888	-75.767	33.974	-1.2872	-7.3578	-3.9588	1.5181	-19.875	14.172	-4.8416	4.1046	-13.32	-7.0971
-42.922	3.2373	627.99	0.64032	1.0101	0.015328	0.61749	0.88315	0.074854	0.55678	0.8235	0.043585	0.6471	0.97984	0.48254	0.52006	0.99304	0.47375	0.64645	0.96865	0.030933	0.5762	1.0236	0.043825	0.60488	1.0492	0.87103	0.57276	0.89405	0.080275	0.57719	0.98902	0.47619	81.869	-14.558	-11.919	-78.747	34.527	-1.1564	-7.4878	-3.9664	1.5095	-19.673	14.737	-4.8427	6.2515	-13.109	-7.0295
-43.674	5.9102	644.86	0.63977	1.0113	0.015328	0.61693	0.88345	0.075336	0.55606	0.8238	0.044433	0.64689	0.98415	0.48223	0.51992	0.99782	0.47319	0.64622	0.96866	0.031	0.57613	1.0238	0.043776	0.6048	1.0573	0.86989	0.57241	0.89457	0.080731	0.57693	0.99387	0.47595	82.202	-14.494	-11.968	-81.721	35.06	-1.0475	-7.63	-3.9803	1.5043	-19.419	15.271	-4.8668	8.3695	-12.972	-6.9991
-44.61	9.1403	662.19	0.63924	1.0123	0.015327	0.61642	0.88377	0.075882	0.5554	0.8241	0.045377	0.6467	0.98854	0.48192	0.5198	1.0027	0.47262	0.646	0.96868	0.031066	0.57608	1.024	0.043733	0.60473	1.0656	0.86872	0.57211	0.89511	0.08124	0.5767	0.99881	0.4757	82.52	-14.408	-12.035	-84.673	35.571	-0.96281	-7.7843	-3.9999	1.5055	-19.106	15.744	-4.9109	10.456	-12.959	-7.0091
-45.799	12.933	679.77	0.63874	1.0131	0.015326	0.61596	0.88411	0.076497	0.55482	0.82438	0.046423	0.64654	0.99302	0.48163	0.51972	1.0077	0.47204	0.64581	0.96871	0.031131	0.57603	1.0242	0.043694	0.60466	1.0739	0.86752	0.57187	0.89567	0.081809	0.57649	1.0038	0.47546	82.824	-14.301	-12.121	-87.584	36.055	-0.90389	-7.9511	-4.0242	1.5164	-18.723	16.127	-4.9704	12.516	-13.12	-7.0598
-47.31	17.283	697.39	0.6383	1.0138	0.015325	0.61558	0.88448	0.077188	0.55432	0.82466	0.047578	0.64641	0.99759	0.48134	0.51968	1.0128	0.47145	0.64565	0.96874	0.031194	0.57601	1.0243	0.043662	0.60457	1.0823	0.86629	0.57169	0.89624	0.082441	0.57632	1.009	0.47521	83.111	-14.174	-12.224	-90.43	36.506	-0.87103	-8.131	-4.0527	1.5405	-18.257	16.388	-5.0387	14.557	-13.506	-7.147
-49.194	22.178	714.81	0.63792	1.0143	0.015324	0.61529	0.88487	0.077959	0.55392	0.82493	0.048848	0.64631	1.0023	0.48107	0.51967	1.018	0.47085	0.64552	0.96878	0.031254	0.57599	1.0245	0.043636	0.60448	1.0908	0.86505	0.57159	0.89684	0.083142	0.5762	1.0142	0.47496	83.38	-14.029	-12.345	-93.19	36.919	-0.86337	-8.3252	-4.0847	1.5808	-17.695	16.501	-5.1083	16.585	-14.153	-7.2624
-51.484	27.599	731.8	0.63761	1.0147	0.015323	0.61508	0.88529	0.078816	0.55362	0.8252	0.05024	0.64625	1.0071	0.48081	0.5197	1.0233	0.47024	0.64543	0.96884	0.03131	0.576	1.0246	0.043618	0.60437	1.0993	0.86379	0.57157	0.89745	0.083917	0.57611	1.0195	0.47469	83.631	-13.867	-12.483	-95.839	37.284	-0.8793	-8.535	-4.1196	1.6399	-17.022	16.445	-5.1714	18.602	-15.09	-7.3942
-54.186	33.518	748.14	0.63737	1.015	0.015322	0.61496	0.88574	0.079763	0.55344	0.82547	0.051759	0.64622	1.012	0.48057	0.51978	1.0288	0.46962	0.64538	0.96891	0.031361	0.57603	1.0247	0.043605	0.60423	1.108	0.86252	0.57164	0.89809	0.08477	0.57607	1.025	0.47442	83.862	-13.689	-12.636	-98.35	37.589	-0.91742	-8.7618	-4.1571	1.72	-16.228	16.209	-5.2212	20.611	-16.324	-7.5279
-57.274	39.908	763.58	0.6372	1.0152	0.015322	0.61494	0.88624	0.080804	0.55337	0.82573	0.053411	0.64622	1.017	0.48033	0.51989	1.0344	0.46898	0.64538	0.969	0.031407	0.57607	1.0248	0.043599	0.60407	1.1168	0.86125	0.57178	0.89875	0.085706	0.57607	1.0305	0.47414	84.074	-13.496	-12.806	-100.7	37.82	-0.97593	-9.0069	-4.1971	1.8223	-15.301	15.789	-5.2517	22.606	-17.84	-7.6472
-60.69	46.734	777.89	0.63709	1.0153	0.015322	0.61502	0.88677	0.081943	0.55342	0.82601	0.055202	0.64626	1.0222	0.48011	0.52004	1.0401	0.46833	0.64541	0.9691	0.031447	0.57614	1.025	0.043596	0.60387	1.1256	0.85997	0.57201	0.89944	0.08673	0.57612	1.0362	0.47384	84.265	-13.29	-12.99	-102.86	37.962	-1.0519	-9.2717	-4.2396	1.9473	-14.238	15.194	-5.258	24.578	-19.605	-7.7343
-64.341	53.957	790.86	0.63701	1.0154	0.015321	0.61519	0.88736	0.083184	0.55358	0.8263	0.057137	0.64633	1.0275	0.47989	0.52024	1.046	0.46766	0.64548	0.96922	0.031481	0.57622	1.0251	0.043596	0.60364	1.1345	0.8587	0.57232	0.90017	0.087845	0.57622	1.0421	0.47352	84.435	-13.07	-13.19	-104.81	37.997	-1.1406	-9.5577	-4.2851	2.0942	-13.037	14.449	-5.2357	26.509	-21.555	-7.7709
-68.109	61.53	802.26	0.63697	1.0155	0.015321	0.61545	0.888	0.08453	0.55384	0.82662	0.059222	0.64644	1.033	0.47968	0.52048	1.052	0.46696	0.64559	0.96936	0.031509	0.57632	1.0252	0.043595	0.60335	1.1436	0.85743	0.5727	0.90094	0.089055	0.57635	1.048	0.47318	84.583	-12.837	-13.403	-106.52	37.911	-1.2359	-9.8664	-4.3342	2.2617	-11.7	13.587	-5.1815	28.378	-23.608	-7.7403
-71.859	69.396	811.89	0.63695	1.0155	0.015321	0.61578	0.8887	0.085985	0.55419	0.82698	0.061462	0.64657	1.0386	0.47947	0.52075	1.0582	0.46622	0.64573	0.96952	0.031531	0.57644	1.0253	0.04359	0.60303	1.1527	0.85616	0.57315	0.90176	0.090363	0.57652	1.0542	0.47281	84.707	-12.589	-13.63	-107.97	37.688	-1.3313	-10.199	-4.3875	2.447	-10.232	12.648	-5.0931	30.164	-25.671	-7.629
-75.447	77.491	819.53	0.63692	1.0156	0.015321	0.61619	0.88946	0.087551	0.55462	0.82739	0.063864	0.64673	1.0444	0.47925	0.52106	1.0646	0.46545	0.64589	0.96968	0.031549	0.57656	1.0254	0.043578	0.60264	1.1619	0.8549	0.57366	0.90264	0.091771	0.57672	1.0605	0.4724	84.806	-12.326	-13.872	-109.14	37.31	-1.4199	-10.558	-4.4455	2.6465	-8.636	11.674	-4.9694	31.847	-27.649	-7.4282
-78.732	85.742	825.03	0.63687	1.0156	0.015321	0.61666	0.8903	0.089232	0.55511	0.82786	0.066433	0.64692	1.0505	0.47903	0.52141	1.0712	0.46463	0.64607	0.96985	0.031564	0.57669	1.0255	0.043553	0.6022	1.1712	0.85366	0.57422	0.90359	0.093281	0.57695	1.067	0.47196	84.876	-12.046	-14.126	-109.99	36.762	-1.495	-10.943	-4.5088	2.8558	-6.9146	10.709	-4.8102	33.406	-29.445	-7.134
-81.58	94.065	828.2	0.63678	1.0156	0.01532	0.61718	0.89121	0.091029	0.55564	0.82842	0.069177	0.64713	1.0567	0.47879	0.5218	1.078	0.46376	0.64626	0.97003	0.031579	0.57682	1.0256	0.043512	0.6017	1.1807	0.85242	0.57482	0.90463	0.094895	0.57721	1.0737	0.47147	84.917	-11.748	-14.394	-110.5	36.03	-1.5504	-11.359	-4.5779	3.07	-5.0716	9.7942	-4.617	34.825	-30.969	-6.7477
-83.872	102.37	828.89	0.63664	1.0156	0.01532	0.61773	0.89222	0.092948	0.55619	0.82908	0.072103	0.64737	1.0631	0.47852	0.52223	1.0851	0.46282	0.64645	0.9702	0.031599	0.57695	1.0257	0.043451	0.60113	1.1902	0.85119	0.57545	0.90576	0.096613	0.57749	1.0806	0.47092	84.923	-11.431	-14.676	-110.66	35.104	-1.5809	-11.807	-4.6528	3.2834	-3.1114	8.9647	-4.3922	36.083	-32.143	-6.2752
-85.51	110.55	826.92	0.63644	1.0156	0.015318	0.61831	0.89332	0.09499	0.55675	0.82988	0.075218	0.64764	1.0697	0.47823	0.5227	1.0923	0.4618	0.64663	0.97037	0.031631	0.57707	1.0258	0.043364	0.6005	1.1998	0.84997	0.5761	0.90701	0.098437	0.5778	1.0878	0.47031	84.891	-11.092	-14.97	-110.42	33.979	-1.5816	-12.291	-4.7331	3.4902	-1.0399	8.2517	-4.1389	37.162	-32.903	-5.7265
-86.421	118.51	822.14	0.63617	1.0156	0.015317	0.61889	0.89454	0.09716	0.55728	0.83083	0.078531	0.64793	1.0766	0.4779	0.52322	1.0999	0.4607	0.6468	0.97052	0.031683	0.57718	1.0259	0.043248	0.59979	1.2095	0.84876	0.57676	0.90838	0.10037	0.57814	1.0952	0.46963	84.816	-10.73	-15.275	-109.76	32.654	-1.5482	-12.814	-4.8179	3.6848	1.1359	7.6778	-3.861	38.04	-33.201	-5.1141
-86.557	126.11	814.38	0.63583	1.0156	0.015315	0.61947	0.89589	0.099461	0.55777	0.83197	0.082051	0.64826	1.0837	0.47753	0.5238	1.1077	0.45951	0.64694	0.97066	0.031767	0.57727	1.026	0.043103	0.599	1.2193	0.84756	0.57742	0.9099	0.10241	0.57852	1.1028	0.46887	84.693	-10.342	-15.592	-108.66	31.134	-1.4777	-13.38	-4.9062	3.8616	3.4076	7.2574	-3.5629	38.701	-33.009	-4.4531
-85.894	133.24	803.48	0.63541	1.0156	0.015312	0.62002	0.89738	0.1019	0.5582	0.83333	0.085789	0.64862	1.0911	0.47711	0.52443	1.1157	0.45821	0.64705	0.97079	0.031896	0.57735	1.0261	0.042925	0.59814	1.2292	0.84636	0.57806	0.91159	0.10456	0.57894	1.1107	0.46801	84.516	-9.9292	-15.919	-107.07	29.428	-1.3693	-13.995	-4.9963	4.0157	5.7651	6.9959	-3.2505	39.127	-32.316	-3.7604
-84.434	139.74	789.27	0.63492	1.0155	0.015309	0.62054	0.89904	0.10448	0.55854	0.83494	0.089754	0.64903	1.0987	0.47662	0.52513	1.1241	0.4568	0.64712	0.97089	0.03209	0.57741	1.0262	0.042718	0.59719	1.2391	0.84518	0.57868	0.91348	0.10682	0.57943	1.119	0.46704	84.278	-9.4892	-16.252	-104.96	27.551	-1.2248	-14.664	-5.0863	4.1428	8.1959	6.8906	-2.9316	39.307	-31.133	-3.0547
-82.197	145.44	771.56	0.63436	1.0155	0.015306	0.621	0.90089	0.10721	0.55878	0.83686	0.093958	0.64948	1.1066	0.47607	0.52591	1.1329	0.45527	0.64714	0.97099	0.032369	0.57744	1.0263	0.042485	0.59616	1.2492	0.84399	0.57926	0.91557	0.1092	0.57999	1.1275	0.46595	83.972	-9.0226	-16.59	-102.3	25.528	-1.0475	-15.392	-5.1743	4.2396	10.683	6.9331	-2.6152	39.233	-29.482	-2.355
-79.224	150.15	750.15	0.63374	1.0155	0.015302	0.6214	0.90296	0.11009	0.55889	0.8391	0.098411	0.64998	1.1149	0.47544	0.52678	1.142	0.45361	0.64711	0.97107	0.032759	0.57745	1.0263	0.042234	0.59505	1.2593	0.84281	0.5798	0.91791	0.11169	0.58065	1.1364	0.46474	83.592	-8.5305	-16.929	-99.047	23.389	-0.8426	-16.187	-5.2582	4.3037	13.204	7.1092	-2.3117	38.903	-27.401	-1.6799
-75.573	153.66	724.87	0.63306	1.0154	0.015298	0.62172	0.90527	0.11315	0.55886	0.84173	0.10312	0.65054	1.1234	0.47474	0.52774	1.1515	0.45182	0.64702	0.97117	0.033289	0.57744	1.0265	0.041974	0.59384	1.2695	0.84164	0.58028	0.92051	0.11432	0.58141	1.1456	0.46338	83.131	-8.0157	-17.263	-95.179	21.17	-0.6177	-17.055	-5.3361	4.3343	15.726	7.3978	-2.0327	38.321	-24.945	-1.047
-71.319	155.75	695.56	0.63233	1.0153	0.015293	0.62194	0.90786	0.11637	0.55868	0.84478	0.1081	0.65116	1.1323	0.47395	0.52881	1.1613	0.4499	0.64687	0.97128	0.033993	0.57742	1.0266	0.041721	0.59256	1.2798	0.84049	0.58069	0.92341	0.11708	0.5823	1.1552	0.46189	82.582	-7.4825	-17.586	-90.675	18.912	-0.38199	-18.002	-5.4065	4.3314	18.206	7.7709	-1.7894	37.497	-22.188	-0.4714
-66.551	156.18	662.12	0.63157	1.0153	0.015289	0.62206	0.91076	0.11979	0.55833	0.8483	0.11335	0.65185	1.1416	0.47308	0.52999	1.1717	0.44784	0.64666	0.97145	0.034905	0.57738	1.0268	0.041492	0.59118	1.29	0.83934	0.58101	0.92665	0.11999	0.58332	1.1652	0.46025	81.941	-6.9376	-17.893	-85.533	16.662	-0.14543	-19.033	-5.4685	4.2967	20.588	8.1956	-1.592	36.451	-19.212	0.035345
-61.373	154.72	624.55	0.63079	1.0153	0.015284	0.62205	0.91401	0.1234	0.55779	0.85233	0.11889	0.65261	1.1513	0.47213	0.53127	1.1824	0.44565	0.64638	0.9717	0.036064	0.57734	1.0271	0.041311	0.58973	1.3004	0.83821	0.58123	0.93024	0.12305	0.58449	1.1756	0.45846	81.203	-6.3899	-18.176	-79.772	14.467	0.082042	-20.156	-5.5222	4.233	22.805	8.6358	-1.4484	35.21	-16.117	0.46651
-55.9	151.2	582.98	0.62998	1.0153	0.015279	0.62191	0.91765	0.12721	0.55707	0.85691	0.1247	0.65342	1.1614	0.47109	0.53268	1.1937	0.44334	0.64603	0.97207	0.037508	0.57731	1.0275	0.041203	0.58819	1.3107	0.8371	0.58133	0.93424	0.12628	0.58581	1.1864	0.45653	80.368	-5.8511	-18.427	-73.442	12.377	0.29104	-21.373	-5.5685	4.1444	24.777	9.0523	-1.3628	33.81	-13.011	0.82112
-50.26	145.47	537.75	0.62916	1.0154	0.015275	0.62162	0.92172	0.13125	0.55615	0.86208	0.13078	0.6543	1.1719	0.46998	0.53419	1.2054	0.44093	0.64562	0.9726	0.039276	0.57729	1.028	0.041198	0.58658	1.321	0.83603	0.58129	0.93867	0.12968	0.58728	1.1977	0.45446	79.436	-5.3353	-18.64	-66.626	10.438	0.47357	-22.689	-5.6091	4.0359	26.414	9.4046	-1.3343	32.284	-10.008	1.1039
-44.589	137.51	489.38	0.62835	1.0156	0.01527	0.62118	0.92627	0.13551	0.55503	0.86788	0.13712	0.65524	1.1829	0.4688	0.53581	1.2176	0.43842	0.64514	0.97336	0.041403	0.5773	1.0288	0.041328	0.5849	1.3313	0.835	0.58109	0.94358	0.13326	0.58889	1.2094	0.45228	78.415	-4.8593	-18.808	-59.441	8.6871	0.6238	-24.104	-5.6472	3.913	27.623	9.652	-1.3558	30.664	-7.2219	1.325
-39.023	127.44	438.64	0.62755	1.016	0.015267	0.62059	0.93132	0.14	0.55372	0.87433	0.14371	0.65621	1.1943	0.46755	0.53752	1.2303	0.43584	0.6446	0.97441	0.043922	0.57735	1.0299	0.041627	0.58316	1.3415	0.83402	0.58071	0.94899	0.13704	0.59064	1.2216	0.45	77.313	-4.4414	-18.928	-52.044	7.1523	0.73777	-25.618	-5.6866	3.7818	28.314	9.757	-1.4141	28.97	-4.7581	1.4977
-33.688	115.51	386.52	0.62676	1.0167	0.015263	0.61983	0.93692	0.14472	0.5522	0.88144	0.15052	0.65722	1.2063	0.46625	0.5393	1.2436	0.43321	0.644	0.97582	0.046857	0.57746	1.0313	0.042127	0.58137	1.3517	0.8331	0.58015	0.95496	0.141	0.5925	1.2342	0.44765	76.145	-4.1007	-18.997	-44.616	5.8458	0.81321	-27.226	-5.7319	3.6481	28.409	9.6867	-1.4915	27.198	-2.7013	1.6335
-28.687	102.19	334.21	0.62601	1.0175	0.015261	0.61891	0.9431	0.14966	0.5505	0.88925	0.15751	0.65824	1.2186	0.46493	0.54114	1.2573	0.43058	0.64334	0.97766	0.050226	0.57762	1.0331	0.042862	0.57953	1.3618	0.83226	0.57939	0.96152	0.14515	0.59444	1.2473	0.44525	74.934	-3.856	-19.018	-37.358	4.7644	0.84928	-28.925	-5.7883	3.5171	27.845	9.4153	-1.5666	25.31	-1.1082	1.7378
-24.09	88.102	282.95	0.62529	1.0186	0.015259	0.61783	0.9499	0.15482	0.54861	0.89776	0.16465	0.65926	1.2315	0.46358	0.54301	1.2716	0.42797	0.64264	0.98003	0.054033	0.57786	1.0355	0.043859	0.57766	1.3718	0.8315	0.57842	0.96869	0.14947	0.59643	1.2608	0.44284	73.703	-3.7237	-18.995	-30.471	3.8889	0.84549	-30.704	-5.861	3.3929	26.587	8.9259	-1.617	23.226	0.005565	1.8038
-19.93	73.943	233.94	0.6246	1.0199	0.015258	0.6166	0.95734	0.16018	0.54656	0.90695	0.17189	0.66026	1.2448	0.46225	0.54487	1.2863	0.42542	0.6419	0.98299	0.058273	0.57818	1.0384	0.045142	0.57577	1.3817	0.83085	0.57724	0.97651	0.15397	0.59844	1.2747	0.44046	72.483	-3.7164	-18.937	-24.132	3.187	0.80174	-32.552	-5.9544	3.2781	24.624	8.2096	-1.6213	20.846	0.66589	1.8118
-16.21	60.357	188.23	0.62392	1.0213	0.015258	0.61522	0.96545	0.16572	0.54436	0.91684	0.17917	0.66122	1.2586	0.46094	0.5467	1.3014	0.42297	0.64114	0.98664	0.062926	0.57857	1.042	0.046729	0.57387	1.3914	0.8303	0.57587	0.985	0.15862	0.60041	1.2891	0.43814	71.305	-3.8418	-18.852	-18.49	2.6193	0.71805	-34.457	-6.0722	3.1735	22.009	7.2764	-1.5629	18.116	0.93228	1.7399
-12.923	47.796	146.71	0.62322	1.0229	0.015258	0.61371	0.97424	0.17139	0.54203	0.92739	0.18644	0.66212	1.2729	0.4597	0.54846	1.317	0.42068	0.64034	0.99107	0.067956	0.57905	1.0464	0.048628	0.57199	1.4011	0.82989	0.5743	0.99418	0.16338	0.60232	1.3038	0.43593	70.199	-4.1009	-18.752	-13.658	2.1459	0.59562	-36.401	-6.2165	3.0777	18.924	6.1725	-1.4372	15.134	0.88778	1.5833
-10.054	36.541	110.06	0.62242	1.0247	0.015257	0.61209	0.98372	0.17717	0.53959	0.93859	0.19362	0.66293	1.2875	0.45853	0.55011	1.333	0.41858	0.63953	0.99634	0.073314	0.57959	1.0516	0.050839	0.57013	1.4106	0.82961	0.57256	1.0041	0.16824	0.60411	1.3189	0.43386	69.196	-4.4881	-18.645	-9.6261	1.7174	0.45016	-38.369	-6.3874	2.9874	15.442	4.9423	-1.2398	11.991	0.66034	1.3483
-7.5735	26.751	78.66	0.62137	1.0269	0.015256	0.61038	0.99389	0.183	0.53707	0.9504	0.20065	0.66364	1.3025	0.45749	0.55162	1.3492	0.41672	0.6387	1.0025	0.078937	0.58019	1.0578	0.05335	0.56832	1.4201	0.82949	0.57067	1.0146	0.17315	0.60574	1.3343	0.43196	68.321	-4.9913	-18.54	-6.4455	1.3238	0.28113	-40.343	-6.5833	2.8976	11.923	3.6853	-0.99922	8.9369	0.32606	1.0585
-5.4513	18.489	52.588	0.61975	1.0296	0.015254	0.6086	1.0048	0.18882	0.53451	0.96279	0.20747	0.66422	1.3179	0.45658	0.55296	1.3658	0.41513	0.63787	1.0097	0.08475	0.58083	1.0649	0.056141	0.56657	1.4294	0.82952	0.56866	1.0259	0.17807	0.60719	1.35	0.43029	67.594	-5.5926	-18.441	-4.2149	0.99164	0.072879	-42.302	-6.8003	2.8019	8.9282	2.5344	-0.77007	6.3041	-0.097072	0.74735
-3.6595	11.745	31.665	0.61665	1.0338	0.015245	0.60677	1.0163	0.19459	0.53194	0.97572	0.21402	0.66467	1.3336	0.45585	0.55409	1.3825	0.41386	0.63704	1.0179	0.090669	0.58148	1.0731	0.059181	0.5649	1.4386	0.82973	0.56656	1.0378	0.18296	0.60841	1.3659	0.42886	67.026	-6.2689	-18.347	-1.9597	0.50269	-0.02635	-44.231	-7.0333	2.6928	4.5464	1.2089	-0.41482	3.1678	-0.15821	0.37632
0	0	0	NaN	NaN	NaN	0.60492	1.0285	0.20022	0.52938	0.98915	0.22022	0.66497	1.3495	0.45531	0.55499	1.3995	0.41293	0.63621	1.0272	0.096601	0.5821	1.0823	0.062428	0.56332	1.4477	0.83011	0.5644	1.0505	0.18776	0.60939	1.3821	0.42771	66.627	-6.9943	-18.255	0.023866	-0.000491	0.006497	-46.11	-7.2757	2.5623	0.031525	0.063459	-0.047359	0.31949	0.11765	0.064943
