-0.77735	5.8149	51.65	0.53438	0.75219	0.014057	0.56688	0.75347	0.10237	0.48827	0.71511	0.044809	0.57792	0.60643	0.51019	0.4481	0.61412	0.5062	0.59634	0.89831	0.123	0.51902	0.93758	0.15616	0.52349	0.4563	0.87027	0.51536	0.75345	0.12247	0.54893	0.61329	0.49862	79.454	-2.9489	-12.827	-0.081893	0.87737	-0.58151	-3.6951	12.727	-6.9435	-9.9398	-0.44934	1.7329	-19.348	5.1751	0.29594
-0.79736	4.5487	82.624	0.53406	0.77047	0.014101	0.56702	0.76559	0.10187	0.48858	0.72684	0.044448	0.57773	0.61642	0.50839	0.44788	0.62317	0.50408	0.59549	0.91053	0.12229	0.5179	0.94936	0.1552	0.52387	0.46782	0.86911	0.51539	0.7653	0.12132	0.54868	0.62269	0.49675	78.99	-3.0812	-12.807	-0.1956	1.4814	-0.74951	-3.1178	12.716	-7.0191	-14.142	-0.13065	2.5141	-27.333	8.2362	1.1535
-0.74919	2.1161	120.72	0.53372	0.78233	0.014128	0.5671	0.77659	0.10145	0.48884	0.73725	0.044362	0.57761	0.62658	0.50679	0.44772	0.63241	0.50219	0.59452	0.92163	0.12107	0.51664	0.9601	0.15353	0.52432	0.47939	0.86806	0.51525	0.77622	0.12008	0.54849	0.63234	0.49513	78.466	-3.2621	-12.727	0.061694	2.3207	-0.95735	-2.7388	12.718	-6.9987	-18.686	0.38246	3.3355	-36.277	11.952	2.2693
-0.62031	-1.9146	165.63	0.53339	0.79137	0.014148	0.56711	0.78652	0.1011	0.48907	0.74637	0.044517	0.57755	0.63692	0.50542	0.44763	0.64185	0.50053	0.59346	0.93164	0.11937	0.51526	0.96984	0.15116	0.52484	0.491	0.86715	0.51496	0.78625	0.11876	0.54836	0.64224	0.49376	77.887	-3.4905	-12.59	0.6663	3.3885	-1.1765	-2.551	12.733	-6.8839	-23.09	1.1471	4.1102	-45.316	16.2	3.7135
-0.42644	-8.1298	216.43	0.53307	0.79912	0.014166	0.56707	0.79541	0.10081	0.48924	0.75427	0.044879	0.57753	0.64741	0.50426	0.4476	0.65146	0.49912	0.59231	0.94063	0.11721	0.51379	0.97865	0.14816	0.52544	0.50264	0.86638	0.51451	0.79541	0.11736	0.54829	0.65236	0.49264	77.261	-3.7644	-12.397	1.6438	4.6736	-1.3992	-2.5454	12.761	-6.6784	-26.953	2.1332	4.7505	-53.836	20.811	5.4531
-0.18587	-17.001	271.84	0.53278	0.80634	0.014182	0.56696	0.80332	0.10055	0.48937	0.76103	0.045413	0.57757	0.65802	0.50331	0.44762	0.66124	0.49796	0.5911	0.94865	0.11463	0.51225	0.98656	0.14456	0.5261	0.51428	0.86576	0.51395	0.80373	0.1159	0.54826	0.66267	0.49177	76.598	-4.0806	-12.151	2.9028	6.1361	-1.5971	-2.7105	12.802	-6.3874	-29.789	3.3138	5.1634	-60.972	25.556	7.4711
0.077548	-28.608	330.93	0.53252	0.81329	0.014198	0.5668	0.81031	0.10032	0.48947	0.76673	0.046087	0.57765	0.66873	0.50258	0.44769	0.67114	0.49706	0.58983	0.95574	0.11168	0.51065	0.99363	0.14045	0.52682	0.52592	0.86528	0.51328	0.81126	0.1144	0.54827	0.67313	0.49114	75.909	-4.4351	-11.859	4.3162	7.7398	-1.7533	-3.0335	12.853	-6.018	-31.396	4.6323	5.3088	-66.392	30.294	9.7172
0.31873	-42.612	393.38	0.53231	0.82005	0.014213	0.56658	0.81643	0.10012	0.48952	0.77145	0.046872	0.57777	0.67949	0.50205	0.4478	0.68115	0.4964	0.58854	0.96198	0.10842	0.50901	0.99992	0.13589	0.52761	0.53755	0.86496	0.51252	0.81803	0.11288	0.54832	0.68372	0.49074	75.21	-4.8233	-11.526	5.749	9.4664	-1.86	-3.4993	12.91	-5.579	-31.816	6.0229	5.1927	-70.215	34.966	12.12
0.44407	-58.492	458.79	0.53217	0.82657	0.014228	0.56632	0.82176	0.099929	0.48954	0.77528	0.047739	0.57792	0.69029	0.50172	0.44795	0.69122	0.49598	0.58724	0.96741	0.10491	0.50737	1.0055	0.13098	0.52846	0.54913	0.86479	0.5117	0.82408	0.11136	0.54841	0.69438	0.49055	74.514	-5.2394	-11.16	7.0706	11.308	-1.9116	-4.0915	12.971	-5.0806	-31.147	7.4073	4.8355	-72.674	39.5	14.58
0.2895	-75.765	526.21	0.53214	0.83285	0.014244	0.56602	0.82635	0.099758	0.48952	0.77832	0.048662	0.57811	0.70106	0.50157	0.44814	0.70132	0.49578	0.58594	0.97211	0.10122	0.50575	1.0104	0.12581	0.52936	0.56066	0.86477	0.51084	0.82945	0.10987	0.54854	0.70506	0.49055	73.839	-5.677	-10.769	8.1602	13.258	-1.8987	-4.7924	13.032	-4.5343	-29.419	8.6896	4.2511	-73.854	43.734	16.96
-0.33948	-93.986	594.12	0.53225	0.8389	0.014259	0.56568	0.83027	0.099599	0.48948	0.78066	0.049616	0.57832	0.71178	0.50158	0.44835	0.71141	0.4958	0.58466	0.97613	0.097417	0.50415	1.0146	0.12046	0.53031	0.57214	0.86491	0.50997	0.83419	0.10843	0.54869	0.71572	0.49073	73.2	-6.1292	-10.361	8.9066	15.298	-1.8076	-5.5828	13.088	-3.9526	-26.597	9.7648	3.4505	-73.672	47.423	19.105
-1.5843	-112.59	660.78	0.5325	0.84471	0.014275	0.56532	0.83359	0.099454	0.48942	0.78238	0.050581	0.57856	0.72239	0.50175	0.44858	0.72144	0.49602	0.58342	0.97955	0.093569	0.50261	1.0183	0.11503	0.53129	0.58353	0.86521	0.50909	0.83834	0.10708	0.54887	0.7263	0.49106	72.614	-6.5887	-9.9444	9.223	17.405	-1.6298	-6.4432	13.136	-3.3484	-22.716	10.549	2.4648	-72.126	50.36	20.882
-3.5017	-130.88	724.53	0.53287	0.85025	0.014291	0.56493	0.83637	0.099322	0.48934	0.78359	0.051538	0.57881	0.73286	0.50206	0.44884	0.73136	0.49641	0.58223	0.98241	0.08974	0.50114	1.0215	0.10961	0.53231	0.59483	0.86566	0.50825	0.84195	0.10583	0.54907	0.73676	0.49153	72.093	-7.048	-9.5268	9.0603	19.541	-1.3638	-7.3534	13.173	-2.735	-17.898	10.991	1.3442	-69.335	52.405	22.194
-6.081	-148.15	783.81	0.53333	0.85547	0.014307	0.56453	0.83867	0.099204	0.48924	0.78436	0.05247	0.57908	0.74313	0.50247	0.44911	0.74113	0.49695	0.5811	0.98477	0.085991	0.49975	1.0241	0.10429	0.53335	0.60604	0.86625	0.50744	0.84507	0.10469	0.54929	0.74704	0.4921	71.652	-7.5	-9.1148	8.4122	21.668	-1.014	-8.2935	13.196	-2.1252	-12.318	11.07	0.14905	-65.48	53.484	22.986
-9.2528	-163.79	837.2	0.53386	0.86034	0.014322	0.56412	0.84055	0.099103	0.48913	0.78477	0.053366	0.57937	0.75318	0.50299	0.4494	0.75072	0.49762	0.58004	0.9867	0.082378	0.49845	1.0264	0.099133	0.5344	0.61713	0.86699	0.50669	0.84774	0.10369	0.54953	0.7571	0.49277	71.298	-7.9375	-8.714	7.3133	23.738	-0.58862	-9.2438	13.204	-1.5316	-6.1699	10.796	-1.0595	-60.743	53.572	23.242
-12.88	-177.21	883.49	0.53445	0.86482	0.014337	0.5637	0.84207	0.099019	0.48901	0.78489	0.054213	0.57967	0.76296	0.50359	0.4497	0.76006	0.49841	0.57906	0.98824	0.078951	0.49726	1.0283	0.094215	0.53546	0.62811	0.86786	0.506	0.85002	0.10283	0.54978	0.7669	0.4935	71.038	-8.3545	-8.3289	5.8312	25.701	-0.098797	-10.186	13.196	-0.96542	0.3049	10.21	-2.2172	-55.364	52.722	22.992
-16.784	-187.89	921.83	0.53506	0.86889	0.01435	0.5633	0.84326	0.098954	0.4889	0.78479	0.055004	0.57998	0.77242	0.50425	0.45001	0.76914	0.49928	0.57817	0.98945	0.075749	0.49618	1.0298	0.089592	0.53651	0.63896	0.86887	0.50538	0.85194	0.10212	0.55005	0.77639	0.49428	70.876	-8.7452	-7.9627	4.0491	27.509	0.43824	-11.102	13.173	-0.43646	6.835	9.3726	-3.2646	-49.625	51.04	22.3
-20.795	-195.56	951.84	0.53569	0.87255	0.014363	0.5629	0.84419	0.098909	0.48878	0.78453	0.055733	0.58029	0.78155	0.50496	0.45033	0.7779	0.50021	0.57737	0.99036	0.072806	0.49521	1.0311	0.085313	0.53756	0.64969	0.87	0.50484	0.85355	0.10156	0.55032	0.78553	0.49509	70.813	-9.1049	-7.6177	2.0509	29.124	1.0005	-11.976	13.137	0.046805	13.15	8.3539	-4.1558	-43.812	48.679	21.247
-24.724	-200.15	973.68	0.53632	0.87582	0.014375	0.56252	0.8449	0.098885	0.48867	0.78415	0.056397	0.58062	0.79031	0.5057	0.45066	0.78633	0.5012	0.57665	0.99103	0.070145	0.49436	1.0321	0.081411	0.53858	0.66027	0.87124	0.50438	0.8549	0.10114	0.55061	0.79431	0.49591	70.844	-9.4295	-7.2952	-0.088637	30.521	1.5663	-12.794	13.088	0.47778	19.014	7.2358	-4.8629	-38.164	45.828	19.941
-28.341	-201.74	987.82	0.53695	0.87872	0.014386	0.56215	0.84541	0.098881	0.48857	0.78371	0.056993	0.58095	0.79868	0.50645	0.45099	0.79439	0.5022	0.57603	0.99149	0.067783	0.49362	1.0328	0.077912	0.53959	0.67073	0.87259	0.50399	0.85601	0.10085	0.5509	0.80269	0.49673	70.967	-9.7162	-6.9958	-2.2991	31.683	2.1169	-13.545	13.03	0.85181	24.238	6.1159	-5.378	-32.872	42.724	18.514
-31.428	-200.51	994.86	0.53754	0.88128	0.014396	0.56181	0.84577	0.098897	0.48848	0.78322	0.057522	0.58129	0.80663	0.50721	0.45133	0.80207	0.50322	0.57549	0.99177	0.065725	0.49299	1.0333	0.074828	0.54056	0.68105	0.87404	0.50368	0.85693	0.10069	0.55119	0.81065	0.49754	71.174	-9.9627	-6.7195	-4.5164	32.596	2.6355	-14.218	12.965	1.1661	28.678	5.0832	-5.709	-28.078	39.596	17.084
-33.84	-196.71	995.35	0.53809	0.88352	0.014405	0.5615	0.84601	0.098933	0.48839	0.78273	0.057986	0.58163	0.81416	0.50796	0.45167	0.80935	0.50422	0.57503	0.99192	0.063972	0.49247	1.0337	0.072161	0.54149	0.69123	0.87557	0.50343	0.85767	0.10065	0.55149	0.81819	0.49832	71.457	-10.168	-6.466	-6.6869	33.254	3.1055	-14.805	12.897	1.4196	32.242	4.1986	-5.8751	-23.865	36.617	15.734
-35.539	-190.65	989.75	0.53861	0.88549	0.014413	0.56121	0.84615	0.098987	0.48832	0.78226	0.058389	0.58197	0.82126	0.50869	0.45202	0.81623	0.50521	0.57466	0.99195	0.062515	0.49205	1.0339	0.069904	0.54238	0.70127	0.87717	0.50325	0.85827	0.1007	0.55178	0.82529	0.49906	71.808	-10.331	-6.2348	-8.7709	33.659	3.5115	-15.302	12.828	1.6129	34.893	3.4855	-5.9016	-20.242	33.881	14.502
-36.587	-182.7	978.48	0.5391	0.88723	0.01442	0.56095	0.84622	0.099057	0.48826	0.78182	0.058733	0.58232	0.82792	0.50938	0.45236	0.82271	0.50616	0.57436	0.9919	0.061339	0.49172	1.0341	0.068041	0.54323	0.71119	0.87884	0.50313	0.85874	0.10084	0.55208	0.83195	0.49977	72.215	-10.451	-6.0251	-10.742	33.819	3.8404	-15.706	12.762	1.748	36.642	2.9313	-5.8129	-17.173	31.402	13.384
-37.122	-173.25	961.91	0.53959	0.88879	0.014427	0.56072	0.84623	0.099141	0.48821	0.78142	0.059026	0.58267	0.83415	0.51005	0.45271	0.82878	0.50707	0.57412	0.99179	0.060426	0.49147	1.0341	0.066547	0.54402	0.72098	0.88057	0.50305	0.85912	0.10105	0.55238	0.83818	0.50044	72.669	-10.531	-5.836	-12.585	33.754	4.0823	-16.014	12.701	1.8283	37.53	2.4989	-5.6299	-14.594	29.136	12.352
-37.32	-162.69	940.45	0.54012	0.89023	0.014433	0.56052	0.8462	0.099238	0.48818	0.78107	0.059271	0.58302	0.83995	0.51068	0.45306	0.83447	0.50793	0.57395	0.99162	0.059752	0.4913	1.034	0.065394	0.54477	0.73065	0.88233	0.50302	0.85941	0.10131	0.55268	0.84398	0.50106	73.16	-10.57	-5.6665	-14.294	33.488	4.2311	-16.227	12.646	1.858	37.623	2.1399	-5.369	-12.435	27.007	11.366
-37.354	-151.41	914.58	0.54073	0.89162	0.01444	0.56034	0.84615	0.099344	0.48815	0.78078	0.059476	0.58337	0.84534	0.51126	0.45341	0.83978	0.50874	0.57383	0.99144	0.059291	0.49119	1.0339	0.064548	0.54547	0.7402	0.88413	0.50303	0.85963	0.10162	0.55297	0.84937	0.50164	73.677	-10.571	-5.5158	-15.872	33.049	4.2858	-16.347	12.6	1.8424	37	1.8077	-5.0426	-10.628	24.936	10.392
-37.369	-139.76	884.88	0.54145	0.89301	0.014448	0.56019	0.84608	0.099458	0.48814	0.78055	0.059647	0.58371	0.85034	0.5118	0.45375	0.84474	0.50948	0.57375	0.99123	0.059015	0.49114	1.0338	0.063972	0.54612	0.74963	0.88594	0.50307	0.8598	0.10197	0.55326	0.85437	0.50217	74.212	-10.536	-5.3827	-17.327	32.471	4.2496	-16.379	12.563	1.787	35.754	1.4674	-4.6628	-9.1178	22.861	9.4078
-37.46	-128.04	852.04	0.54229	0.89446	0.014457	0.56007	0.84601	0.099578	0.48813	0.78037	0.059788	0.58405	0.85497	0.51229	0.45409	0.84937	0.51017	0.57371	0.99103	0.058894	0.49113	1.0336	0.063628	0.54672	0.75896	0.88776	0.50313	0.85993	0.10233	0.55355	0.85901	0.50266	74.754	-10.467	-5.2659	-18.673	31.783	4.1298	-16.327	12.537	1.6978	33.977	1.0999	-4.2417	-7.8646	20.753	8.4095
-37.666	-116.53	816.85	0.54329	0.89603	0.014467	0.55996	0.84594	0.0997	0.48813	0.78025	0.059908	0.58438	0.85925	0.51273	0.45441	0.85369	0.5108	0.5737	0.99083	0.0589	0.49117	1.0334	0.063477	0.54727	0.76819	0.88957	0.5032	0.86003	0.10271	0.55383	0.86331	0.50311	75.296	-10.368	-5.1643	-19.927	31.016	3.9362	-16.197	12.522	1.5807	31.767	0.70149	-3.7928	-6.8407	18.613	7.4064
-37.981	-105.44	780.17	0.54444	0.89777	0.014478	0.55987	0.84588	0.099825	0.48813	0.78017	0.06001	0.58471	0.86321	0.51313	0.45473	0.85774	0.51137	0.57372	0.99064	0.059005	0.49123	1.0333	0.063481	0.54777	0.77733	0.89136	0.50329	0.86011	0.10309	0.5541	0.86729	0.50353	75.832	-10.242	-5.0763	-21.107	30.195	3.6799	-15.997	12.517	1.4419	29.219	0.28183	-3.3314	-6.0253	16.473	6.4179
-38.362	-94.937	742.89	0.54573	0.89973	0.01449	0.55979	0.84584	0.099949	0.48814	0.78013	0.060101	0.58502	0.86688	0.51348	0.45504	0.86154	0.51187	0.57375	0.99047	0.059183	0.49131	1.0331	0.063604	0.54823	0.78638	0.89312	0.50339	0.86017	0.10347	0.55437	0.871	0.50392	76.354	-10.092	-5.0004	-22.234	29.345	3.3726	-15.735	12.523	1.2872	26.428	-0.1392	-2.8742	-5.4009	14.387	5.4683
-38.748	-85.151	705.86	0.54715	0.90194	0.014504	0.55971	0.84581	0.10007	0.48815	0.78013	0.060184	0.58532	0.87029	0.5138	0.45533	0.86512	0.51231	0.5738	0.99033	0.059411	0.49141	1.0329	0.063814	0.54865	0.79535	0.89485	0.50349	0.86023	0.10385	0.55462	0.87447	0.50427	76.859	-9.9227	-4.935	-23.327	28.486	3.026	-15.418	12.54	1.1217	23.481	-0.53574	-2.4367	-4.9494	12.419	4.5822
-39.069	-76.163	669.89	0.54868	0.90444	0.01452	0.55965	0.8458	0.10019	0.48816	0.78017	0.060264	0.58561	0.87348	0.51407	0.45561	0.86853	0.5127	0.57386	0.99021	0.059667	0.49151	1.0328	0.064078	0.54902	0.80425	0.89651	0.50358	0.8603	0.10421	0.55486	0.87773	0.5046	77.342	-9.7368	-4.8783	-24.405	27.64	2.6518	-15.055	12.565	0.95044	20.462	-0.87985	-2.0329	-4.6487	10.636	3.7816
-39.255	-68.016	635.69	0.55028	0.90724	0.014536	0.55958	0.84581	0.10031	0.48816	0.78023	0.060343	0.58588	0.87649	0.5143	0.45587	0.87178	0.51303	0.57391	0.99012	0.059933	0.49163	1.0327	0.064372	0.54937	0.81308	0.89812	0.50367	0.86037	0.10456	0.55509	0.88081	0.50492	77.801	-9.5385	-4.8284	-25.482	26.823	2.261	-14.657	12.599	0.77784	17.442	-1.145	-1.6735	-4.4726	9.102	3.0835
-39.245	-60.721	603.85	0.5519	0.91034	0.014553	0.55951	0.84585	0.10043	0.48816	0.78031	0.060424	0.58613	0.87933	0.5145	0.45611	0.87492	0.51331	0.57397	0.99006	0.060194	0.49174	1.0326	0.064673	0.54968	0.82184	0.89965	0.50375	0.86046	0.1049	0.5553	0.88376	0.50521	78.235	-9.3315	-4.7836	-26.574	26.048	1.8634	-14.23	12.641	0.60765	14.484	-1.3092	-1.3658	-4.3925	7.8692	2.499
-38.992	-54.257	574.88	0.5535	0.91373	0.014571	0.55943	0.8459	0.10054	0.48815	0.78041	0.060509	0.58636	0.88206	0.51467	0.45633	0.87796	0.51353	0.57403	0.99002	0.060438	0.49185	1.0326	0.064961	0.54997	0.83055	0.90109	0.50381	0.86056	0.10523	0.55548	0.8866	0.50548	78.643	-9.1194	-4.7422	-27.693	25.325	1.467	-13.784	12.689	0.44308	11.635	-1.3562	-1.1133	-4.3809	6.9785	2.0327
-38.467	-48.579	549.12	0.55501	0.91736	0.014589	0.55934	0.84598	0.10066	0.48813	0.78052	0.0606	0.58657	0.8847	0.5148	0.45653	0.88094	0.51371	0.57408	0.99001	0.060656	0.49195	1.0326	0.065222	0.55023	0.8392	0.90243	0.50386	0.86069	0.10554	0.55565	0.88936	0.50574	79.027	-8.9053	-4.7024	-28.849	24.662	1.0785	-13.328	12.743	0.28677	8.93	-1.2769	-0.91572	-4.4121	6.4546	1.6827
-37.666	-43.623	526.8	0.55639	0.92119	0.014607	0.55923	0.84608	0.10077	0.48811	0.78065	0.060698	0.58676	0.88728	0.51491	0.45671	0.88389	0.51384	0.57413	0.99002	0.060843	0.49205	1.0326	0.065446	0.55048	0.84781	0.90368	0.50389	0.86084	0.10583	0.55579	0.89209	0.50598	79.387	-8.6925	-4.6628	-30.053	24.065	0.70247	-12.869	12.801	0.14076	6.3914	-1.0709	-0.76967	-4.4638	6.3022	1.4411
-36.611	-39.312	508.02	0.55758	0.92514	0.014624	0.5591	0.8462	0.10088	0.48807	0.78078	0.060802	0.58693	0.88982	0.51499	0.45686	0.88683	0.51392	0.57417	0.99005	0.060994	0.49214	1.0327	0.065624	0.55071	0.85637	0.90481	0.50389	0.86101	0.10611	0.55591	0.8948	0.50621	79.726	-8.4836	-4.622	-31.312	23.537	0.34243	-12.414	12.863	0.006569	4.0307	-0.74792	-0.66853	-4.5158	6.5026	1.2938
-35.358	-35.571	492.77	0.55855	0.92916	0.01464	0.55895	0.84634	0.10099	0.48802	0.78092	0.060914	0.58707	0.89236	0.51504	0.457	0.88977	0.51396	0.5742	0.99011	0.061107	0.49222	1.0328	0.065753	0.55092	0.86489	0.90582	0.50387	0.86121	0.10637	0.556	0.89752	0.50641	80.047	-8.2812	-4.5789	-32.636	23.082	1.8e-05	-11.97	12.926	-0.11459	1.853	-0.32792	-0.60476	-4.5464	7.0127	1.2223
-33.984	-32.332	480.95	0.5593	0.93317	0.014654	0.55878	0.8465	0.10111	0.48796	0.78107	0.061034	0.58718	0.89492	0.51506	0.4571	0.89275	0.51395	0.57422	0.99018	0.061185	0.49229	1.0329	0.06583	0.55113	0.87337	0.90671	0.50382	0.86143	0.10663	0.55606	0.90028	0.5066	80.353	-8.0872	-4.5326	-34.032	22.703	-0.32435	-11.543	12.991	-0.22201	-0.14076	0.16151	-0.57055	-4.5324	7.7705	1.2055
-32.581	-29.531	472.37	0.55984	0.93711	0.014667	0.55859	0.84667	0.10123	0.48788	0.78121	0.06116	0.58727	0.89753	0.51506	0.45719	0.89577	0.51391	0.57423	0.99027	0.061228	0.49236	1.033	0.065857	0.55134	0.88181	0.90746	0.50375	0.86169	0.10687	0.5561	0.90309	0.50677	80.646	-7.9034	-4.4825	-35.508	22.4	-0.63117	-11.137	13.055	-0.31537	-1.9525	0.68862	-0.55886	-4.4492	8.7029	1.2229
-31.237	-27.114	466.82	0.56019	0.94095	0.014679	0.55837	0.84686	0.10135	0.4878	0.78136	0.061294	0.58734	0.90018	0.51504	0.45725	0.89885	0.51382	0.57424	0.99038	0.06124	0.49242	1.0332	0.065835	0.55154	0.89023	0.90808	0.50365	0.86197	0.10709	0.55611	0.90597	0.50692	80.931	-7.7311	-4.4282	-37.069	22.176	-0.92178	-10.757	13.119	-0.39446	-3.5856	1.2219	-0.56464	-4.2714	9.7354	1.2568
-30.023	-25.032	464.05	0.56038	0.94464	0.014689	0.55812	0.84707	0.10148	0.48769	0.78152	0.061436	0.58738	0.90292	0.51498	0.45729	0.902	0.51371	0.57424	0.99049	0.061225	0.49247	1.0334	0.06577	0.55174	0.89861	0.90857	0.50352	0.86227	0.10731	0.55609	0.90895	0.50705	81.211	-7.571	-4.3697	-38.721	22.025	-1.1974	-10.407	13.181	-0.45925	-5.0439	1.7352	-0.58453	-3.9753	10.806	1.2956
-28.98	-23.24	463.78	0.56042	0.94817	0.014698	0.55785	0.84729	0.10162	0.48758	0.78167	0.061584	0.5874	0.90574	0.5149	0.45731	0.90524	0.51355	0.57424	0.99062	0.061188	0.49252	1.0336	0.065664	0.55194	0.90697	0.90892	0.50336	0.8626	0.10752	0.55605	0.91202	0.50714	81.489	-7.4237	-4.3071	-40.466	21.942	-1.459	-10.088	13.24	-0.50993	-6.3326	2.211	-0.61707	-3.5396	11.869	1.3334
-28.121	-21.696	465.78	0.56034	0.95153	0.014706	0.55755	0.84752	0.10177	0.48745	0.78183	0.06174	0.5874	0.90866	0.5148	0.45731	0.90857	0.51336	0.57423	0.99076	0.061133	0.49256	1.0338	0.065525	0.55215	0.91531	0.90912	0.50318	0.86296	0.10772	0.55598	0.9152	0.50721	81.768	-7.2893	-4.2408	-42.306	21.919	-1.7075	-9.8026	13.295	-0.54673	-7.4578	2.6418	-0.66246	-2.9478	12.904	1.3693
-27.431	-20.353	469.8	0.56013	0.9547	0.014712	0.55723	0.84777	0.10193	0.48731	0.782	0.061905	0.58738	0.91168	0.51467	0.45729	0.912	0.51314	0.57422	0.9909	0.061066	0.4926	1.034	0.065358	0.55236	0.92363	0.90919	0.50297	0.86333	0.10792	0.55589	0.91849	0.50726	82.051	-7.1675	-4.1715	-44.241	21.946	-1.944	-9.5521	13.346	-0.56981	-8.4287	3.0293	-0.72195	-2.1915	13.909	1.4058
-26.879	-19.161	475.63	0.55982	0.9577	0.014718	0.55689	0.84803	0.10211	0.48717	0.78216	0.062078	0.58734	0.91482	0.51451	0.45725	0.91553	0.51289	0.5742	0.99105	0.06099	0.49263	1.0342	0.065169	0.55258	0.93193	0.90913	0.50274	0.86373	0.10811	0.55579	0.92191	0.50727	82.34	-7.0579	-4.0999	-46.27	22.012	-2.1702	-9.3368	13.392	-0.57943	-9.2562	3.3816	-0.7979	-1.2702	14.895	1.4456
-26.423	-18.066	483.1	0.55939	0.96051	0.014722	0.55653	0.8483	0.1023	0.48701	0.78233	0.062262	0.58728	0.91807	0.51433	0.4572	0.91918	0.51261	0.57419	0.99121	0.060912	0.49266	1.0345	0.064964	0.5528	0.94022	0.90893	0.50249	0.86415	0.1083	0.55566	0.92545	0.50725	82.636	-6.9595	-4.0271	-48.39	22.111	-2.3885	-9.1565	13.433	-0.57576	-9.9528	3.711	-0.89313	-0.19111	15.885	1.4905
-26.023	-17.004	492.05	0.55886	0.96313	0.014726	0.55616	0.84858	0.1025	0.48684	0.7825	0.062459	0.58722	0.92145	0.51411	0.45714	0.92294	0.5123	0.57417	0.99137	0.060833	0.4927	1.0347	0.064748	0.55304	0.9485	0.9086	0.50222	0.86458	0.10849	0.55553	0.92912	0.5072	82.942	-6.8713	-3.9542	-50.6	22.237	-2.6016	-9.0108	13.468	-0.55888	-10.532	4.0314	-1.0106	1.032	16.904	1.5401
-25.651	-15.914	502.38	0.55824	0.96556	0.014728	0.55577	0.84887	0.10272	0.48667	0.78268	0.062669	0.58713	0.92494	0.51387	0.45706	0.92682	0.51196	0.57416	0.99154	0.060757	0.49273	1.035	0.064526	0.55328	0.95678	0.90814	0.50193	0.86504	0.10867	0.55538	0.93291	0.50711	83.259	-6.7919	-3.8826	-52.895	22.386	-2.8131	-8.8988	13.497	-0.52885	-11.009	4.3544	-1.153	2.3817	17.973	1.5911
-25.293	-14.731	514.01	0.55754	0.96779	0.014729	0.55537	0.84917	0.10296	0.48649	0.78286	0.062896	0.58704	0.92856	0.51361	0.45698	0.93082	0.51159	0.57414	0.99171	0.060686	0.49276	1.0353	0.064303	0.55353	0.96506	0.90756	0.50164	0.8655	0.10887	0.55522	0.93682	0.50699	83.588	-6.7197	-3.8137	-55.276	22.56	-3.0263	-8.8193	13.519	-0.48572	-11.397	4.6873	-1.3223	3.8391	19.1	1.6381
-24.956	-13.4	526.85	0.5568	0.96982	0.01473	0.55497	0.84949	0.10322	0.48631	0.78304	0.063144	0.58695	0.93229	0.51331	0.45689	0.93494	0.5112	0.57412	0.99189	0.060622	0.4928	1.0355	0.064083	0.55378	0.97335	0.90687	0.50133	0.86599	0.10906	0.55506	0.94086	0.50684	83.929	-6.6531	-3.7489	-57.743	22.76	-3.2441	-8.7708	13.534	-0.42939	-11.707	5.0316	-1.5195	5.3905	20.285	1.6743
-24.663	-11.875	540.87	0.55603	0.97167	0.01473	0.55458	0.84982	0.10349	0.48613	0.78322	0.063414	0.58684	0.93614	0.51299	0.4568	0.93918	0.51077	0.57411	0.99206	0.060564	0.49284	1.0358	0.063868	0.55405	0.98166	0.90607	0.50103	0.86648	0.10927	0.55489	0.94503	0.50666	84.282	-6.5902	-3.6899	-60.296	22.99	-3.4687	-8.7518	13.542	-0.35971	-11.944	5.3836	-1.7455	7.0287	21.513	1.6926
-24.444	-10.117	555.98	0.55526	0.97333	0.014729	0.55418	0.85016	0.10379	0.48595	0.7834	0.063712	0.58674	0.94011	0.51265	0.4567	0.94355	0.51033	0.57409	0.99224	0.060513	0.49288	1.0361	0.063661	0.55432	0.98999	0.90516	0.50073	0.86699	0.10949	0.55473	0.94931	0.50645	84.648	-6.5291	-3.6383	-62.937	23.251	-3.7024	-8.7611	13.543	-0.27647	-12.111	5.735	-2.0011	8.7524	22.763	1.6863
-24.336	-8.094	572.08	0.55451	0.97484	0.014729	0.5538	0.85051	0.10411	0.48577	0.78358	0.064042	0.58664	0.9442	0.51228	0.45661	0.94805	0.50985	0.57407	0.99241	0.060467	0.49292	1.0363	0.063464	0.55459	0.99834	0.90416	0.50043	0.86751	0.10972	0.55457	0.95372	0.50621	85.026	-6.4677	-3.5957	-65.661	23.543	-3.946	-8.7972	13.537	-0.17954	-12.208	6.0747	-2.2857	10.563	24.004	1.6497
-24.383	-5.7709	589.04	0.55382	0.97619	0.014728	0.55344	0.85088	0.10445	0.48561	0.78375	0.064409	0.58654	0.9484	0.51189	0.45653	0.95269	0.50934	0.57405	0.99258	0.060423	0.49296	1.0366	0.063278	0.55487	1.0067	0.90308	0.50015	0.86804	0.10997	0.55442	0.95825	0.50593	85.416	-6.4039	-3.5638	-68.462	23.865	-4.1986	-8.8589	13.523	-0.068784	-12.231	6.3893	-2.597	12.46	25.203	1.5795
-24.626	-3.1143	606.69	0.55318	0.97741	0.014727	0.55309	0.85126	0.10481	0.48545	0.78393	0.06482	0.58644	0.95272	0.51147	0.45645	0.95745	0.5088	0.57403	0.99275	0.060379	0.49301	1.0368	0.063104	0.55515	1.0152	0.90191	0.49988	0.86858	0.11024	0.55428	0.96289	0.50563	85.818	-6.3357	-3.5443	-71.328	24.213	-4.4582	-8.9452	13.503	0.055985	-12.178	6.6638	-2.9314	14.439	26.321	1.4739
-25.103	-0.094756	624.85	0.55262	0.9785	0.014726	0.55277	0.85165	0.1052	0.4853	0.7841	0.065281	0.58636	0.95715	0.51102	0.45639	0.96236	0.50823	0.57401	0.9929	0.060332	0.49305	1.0371	0.062942	0.55543	1.0237	0.90067	0.49963	0.86913	0.11054	0.55415	0.96766	0.50529	86.231	-6.261	-3.5388	-74.245	24.58	-4.7234	-9.0557	13.476	0.19493	-12.044	6.8811	-3.2852	16.496	27.318	1.3317
-25.85	3.3122	643.29	0.55214	0.9795	0.014726	0.55248	0.85206	0.10562	0.48517	0.78427	0.0658	0.58629	0.96171	0.51055	0.45634	0.96741	0.50762	0.57398	0.99304	0.060276	0.4931	1.0373	0.062792	0.5557	1.0322	0.89936	0.4994	0.86969	0.11087	0.55404	0.97256	0.50493	86.654	-6.1777	-3.5487	-77.198	24.956	-4.9935	-9.19	13.442	0.34806	-11.827	7.0222	-3.6547	18.622	28.155	1.1528
-26.894	7.1189	661.78	0.55174	0.98041	0.014726	0.55223	0.85249	0.10605	0.48505	0.78443	0.066385	0.58623	0.96639	0.51006	0.45632	0.97261	0.50698	0.57394	0.99316	0.060209	0.49315	1.0375	0.062653	0.55596	1.0408	0.89799	0.49921	0.87027	0.11123	0.55395	0.97759	0.50453	87.086	-6.0839	-3.5755	-80.172	25.328	-5.2671	-9.3484	13.401	0.51541	-11.521	7.0697	-4.0362	20.81	28.795	0.93958
-28.247	11.325	680.12	0.55142	0.98127	0.014726	0.55201	0.85294	0.10652	0.48495	0.7846	0.067048	0.5862	0.9712	0.50954	0.45631	0.97797	0.50628	0.57389	0.99326	0.060125	0.4932	1.0377	0.062524	0.55622	1.0495	0.89657	0.49904	0.87086	0.11162	0.55389	0.98276	0.5041	87.527	-5.9779	-3.6205	-83.153	25.681	-5.5425	-9.5316	13.355	0.697	-11.119	7.0114	-4.4265	23.058	29.214	0.69775
-29.9	15.918	698.11	0.55118	0.98209	0.014727	0.55184	0.85341	0.10702	0.48486	0.78476	0.067799	0.58618	0.97615	0.50899	0.45634	0.9835	0.50554	0.57383	0.99332	0.06002	0.49325	1.0378	0.062403	0.55646	1.0582	0.8951	0.49891	0.87147	0.11206	0.55385	0.98807	0.50364	87.975	-5.8579	-3.6847	-86.126	26.002	-5.8172	-9.7407	13.303	0.89265	-10.609	6.842	-4.8235	25.366	29.405	0.43553
-31.821	20.879	715.56	0.55099	0.9829	0.014728	0.55171	0.85391	0.10756	0.4848	0.78493	0.068651	0.5862	0.98125	0.50841	0.45639	0.98921	0.50475	0.57376	0.99335	0.059889	0.4933	1.038	0.062288	0.55669	1.0671	0.89359	0.49882	0.8721	0.11255	0.55385	0.99353	0.50313	88.428	-5.7224	-3.769	-89.076	26.272	-6.0878	-9.9776	13.247	1.1021	-9.9771	6.564	-5.2257	27.737	29.377	0.16322
-33.955	26.185	732.3	0.55085	0.9837	0.014729	0.55163	0.85444	0.10813	0.48476	0.78511	0.069618	0.58625	0.9865	0.50779	0.45649	0.99511	0.50389	0.57368	0.99333	0.059728	0.49334	1.0381	0.062179	0.55689	1.076	0.89204	0.49877	0.87277	0.1131	0.55389	0.99916	0.50258	88.886	-5.5703	-3.874	-91.988	26.474	-6.3507	-10.244	13.185	1.3251	-9.2101	6.1869	-5.6325	30.171	29.158	-0.10824
-36.224	31.813	748.16	0.55072	0.9845	0.01473	0.55159	0.85501	0.10876	0.48474	0.7853	0.070716	0.58634	0.99191	0.50715	0.45663	1.0012	0.50297	0.57358	0.99327	0.059536	0.49339	1.0381	0.062072	0.55707	1.0851	0.89046	0.49876	0.87346	0.1137	0.55397	1.005	0.50199	89.346	-5.4006	-4	-94.841	26.588	-6.6018	-10.544	13.12	1.5614	-8.2941	5.7282	-6.0445	32.662	28.791	-0.36851
-38.528	37.743	762.98	0.5506	0.98532	0.014731	0.55161	0.85562	0.10943	0.48474	0.78553	0.071963	0.58646	0.99752	0.50646	0.45682	1.0075	0.50197	0.57347	0.99315	0.059308	0.49343	1.0381	0.061965	0.55722	1.0942	0.88886	0.4988	0.87421	0.11438	0.55411	1.011	0.50134	89.805	-5.2125	-4.1469	-97.612	26.597	-6.8369	-10.88	13.051	1.8106	-7.2173	5.2133	-6.4628	35.197	28.34	-0.60906
-40.75	43.959	776.6	0.55045	0.98616	0.014732	0.55168	0.85628	0.11016	0.48475	0.78579	0.073378	0.58664	1.0033	0.50572	0.45707	1.0141	0.5009	0.57334	0.99296	0.059046	0.49346	1.0381	0.061857	0.55733	1.1034	0.88724	0.49888	0.87501	0.11512	0.55429	1.0172	0.50063	90.261	-5.0059	-4.3143	-100.28	26.481	-7.0517	-11.256	12.98	2.0721	-5.9712	4.6733	-6.8898	37.751	27.875	-0.82442
-42.77	50.447	788.82	0.55027	0.98701	0.014733	0.5518	0.85701	0.11097	0.48479	0.78612	0.074983	0.58687	1.0093	0.50494	0.45738	1.0209	0.49973	0.57319	0.99272	0.05875	0.49349	1.038	0.061745	0.5574	1.1128	0.8856	0.49901	0.87587	0.11596	0.55455	1.0236	0.49985	90.71	-4.7807	-4.501	-102.8	26.226	-7.2421	-11.676	12.906	2.3456	-4.5504	4.1415	-7.3283	40.292	27.474	-1.0126
-44.472	57.192	799.44	0.55002	0.98788	0.014734	0.55196	0.85782	0.11186	0.48484	0.78652	0.076799	0.58715	1.0156	0.5041	0.45776	1.0279	0.49847	0.57302	0.9924	0.058422	0.49352	1.0379	0.061627	0.55744	1.1222	0.88395	0.49918	0.87682	0.11688	0.55487	1.0303	0.49901	91.148	-4.5376	-4.7059	-105.15	25.82	-7.4036	-12.145	12.83	2.6306	-2.9525	3.6508	-7.7811	42.778	27.206	-1.1747
-45.754	64.175	808.26	0.5497	0.98876	0.014734	0.55217	0.85872	0.11285	0.4849	0.78702	0.078852	0.5875	1.0221	0.50321	0.45821	1.0353	0.49711	0.57283	0.99202	0.058069	0.49354	1.0377	0.061503	0.55742	1.1318	0.8823	0.49939	0.87787	0.11792	0.55527	1.0373	0.49808	91.571	-4.2774	-4.9269	-107.28	25.254	-7.5316	-12.668	12.752	2.9266	-1.1771	3.2306	-8.2509	45.157	27.133	-1.315
-46.538	71.369	815.02	0.54931	0.98965	0.014734	0.55242	0.85974	0.11395	0.48498	0.78765	0.081165	0.58792	1.0289	0.50225	0.45874	1.0429	0.49564	0.57262	0.99157	0.057698	0.49356	1.0374	0.06137	0.55736	1.1414	0.88064	0.49964	0.87904	0.11906	0.55575	1.0445	0.49707	91.974	-4.0015	-5.1616	-109.14	24.524	-7.6228	-13.251	12.672	3.2331	0.77534	2.9031	-8.7411	47.379	27.292	-1.4402
-46.769	78.734	819.47	0.54883	0.99055	0.014734	0.55271	0.86089	0.11518	0.48505	0.78844	0.083765	0.58841	1.036	0.50122	0.45936	1.0509	0.49406	0.5724	0.99105	0.057318	0.49357	1.0371	0.061229	0.55724	1.1512	0.87898	0.49992	0.88036	0.12033	0.55632	1.0521	0.49597	92.35	-3.7118	-5.407	-110.66	23.634	-7.6729	-13.898	12.591	3.5498	2.9029	2.6833	-9.2541	49.388	27.705	-1.5577
-46.421	86.215	821.31	0.54829	0.99145	0.014733	0.55304	0.8622	0.11656	0.48513	0.78943	0.086677	0.58898	1.0435	0.50013	0.46007	1.0592	0.49236	0.57217	0.99048	0.056942	0.49358	1.0367	0.061079	0.55707	1.161	0.87733	0.50024	0.88184	0.12175	0.55698	1.0599	0.49476	92.692	-3.4107	-5.6596	-111.8	22.59	-7.6784	-14.616	12.507	3.8762	5.2006	2.5791	-9.7913	51.129	28.365	-1.6751
-45.493	93.731	820.22	0.54767	0.99234	0.014731	0.55338	0.86369	0.11811	0.48519	0.79064	0.089928	0.58963	1.0513	0.49896	0.46087	1.0679	0.49055	0.57192	0.98987	0.056586	0.49359	1.0363	0.060922	0.55684	1.171	0.87569	0.50057	0.88351	0.12332	0.55774	1.0682	0.49345	92.994	-3.1009	-5.9156	-112.47	21.407	-7.6356	-15.409	12.42	4.2121	7.6591	2.5925	-10.353	52.548	29.25	-1.7992
-44.006	101.17	815.88	0.54701	0.99323	0.014729	0.55375	0.8654	0.11986	0.48525	0.79212	0.093543	0.59037	1.0594	0.49771	0.46177	1.077	0.48861	0.57167	0.98923	0.056268	0.49361	1.0359	0.060761	0.55655	1.181	0.87407	0.50093	0.88541	0.12505	0.55861	1.0768	0.49204	93.246	-2.7858	-6.1706	-112.61	20.107	-7.5405	-16.284	12.328	4.5569	10.263	2.7208	-10.936	53.596	30.318	-1.9354
-42.001	108.4	807.9	0.54631	0.9941	0.014727	0.55413	0.86735	0.12183	0.48528	0.79392	0.097545	0.59118	1.068	0.49639	0.46278	1.0865	0.48657	0.57142	0.98858	0.056007	0.49362	1.0355	0.060597	0.5562	1.1911	0.87247	0.50129	0.88757	0.12698	0.55958	1.0858	0.49051	93.44	-2.469	-6.4199	-112.13	18.711	-7.3898	-17.244	12.231	4.9105	12.991	2.9554	-11.538	54.232	31.507	-2.0864
-39.536	115.22	795.9	0.54558	0.99498	0.014725	0.55451	0.86958	0.12403	0.48528	0.79607	0.10196	0.59209	1.077	0.495	0.46388	1.0964	0.48441	0.57116	0.98795	0.055826	0.49365	1.0351	0.060436	0.55578	1.2013	0.8709	0.50165	0.89001	0.1291	0.56067	1.0952	0.48887	93.565	-2.1547	-6.6587	-110.96	17.247	-7.18	-18.293	12.126	5.2723	15.813	3.2823	-12.15	54.425	32.74	-2.2515
-36.687	121.4	779.49	0.54484	0.99587	0.014723	0.55488	0.87212	0.12649	0.48524	0.79864	0.10679	0.59308	1.0864	0.49353	0.46508	1.1068	0.48215	0.57092	0.98737	0.055749	0.49368	1.0347	0.060284	0.55532	1.2115	0.86936	0.50201	0.89278	0.13144	0.56187	1.1051	0.48713	93.612	-1.8475	-6.8821	-109.03	15.742	-6.9084	-19.436	12.012	5.6418	18.685	3.6825	-12.76	54.157	33.927	-2.4257
-33.539	126.67	758.31	0.5441	0.99679	0.014721	0.55524	0.87502	0.12924	0.48516	0.80165	0.11207	0.59415	1.0963	0.492	0.46639	1.1176	0.47979	0.57068	0.98687	0.055802	0.49373	1.0344	0.060147	0.55479	1.2218	0.86786	0.50234	0.89591	0.13401	0.56317	1.1154	0.48528	93.57	-1.5521	-7.085	-106.27	14.225	-6.5725	-20.674	11.885	6.0185	21.556	4.1349	-13.351	53.424	34.97	-2.5994
-30.188	130.72	732.06	0.54339	0.99777	0.014719	0.55558	0.87831	0.13229	0.48502	0.80517	0.1178	0.59531	1.1067	0.49042	0.46779	1.129	0.47736	0.57046	0.98649	0.05601	0.49381	1.0342	0.060033	0.55421	1.2322	0.8664	0.50264	0.89944	0.13683	0.56459	1.1262	0.48333	93.427	-1.2738	-7.2629	-102.62	12.727	-6.1704	-22.01	11.743	6.4014	24.356	4.6179	-13.9	52.246	35.77	-2.7582
-26.735	133.22	700.55	0.54271	0.99882	0.014718	0.55588	0.88202	0.13566	0.48483	0.80924	0.12398	0.59654	1.1176	0.48878	0.46928	1.1408	0.47485	0.57027	0.98628	0.0564	0.4939	1.0342	0.059953	0.55358	1.2425	0.865	0.50291	0.90341	0.1399	0.5661	1.1374	0.4813	93.173	-1.0178	-7.4114	-98.079	11.274	-5.7021	-23.442	11.582	6.7893	27.011	5.1086	-14.385	50.669	36.233	-2.8826
-23.286	133.84	663.78	0.54207	1	0.014717	0.55614	0.88621	0.13937	0.48456	0.8139	0.13062	0.59784	1.129	0.48712	0.47085	1.1531	0.4723	0.57011	0.98629	0.056996	0.49403	1.0343	0.059917	0.5529	1.2529	0.86367	0.50312	0.90786	0.14325	0.56772	1.1491	0.47919	92.798	-0.78946	-7.5269	-92.637	9.8894	-5.1712	-24.97	11.4	7.1807	29.434	5.5813	-14.775	48.76	36.271	-2.9492
-19.951	132.28	621.98	0.54149	1.0014	0.014717	0.55635	0.89089	0.14342	0.48421	0.81919	0.1377	0.5992	1.1409	0.48543	0.47251	1.1659	0.46972	0.56999	0.98657	0.057823	0.49419	1.0347	0.059937	0.55219	1.2633	0.86241	0.50328	0.91282	0.14687	0.56942	1.1613	0.47703	92.293	-0.59416	-7.6067	-86.35	8.5921	-4.5855	-26.59	11.193	7.5737	31.528	6.0085	-15.04	46.597	35.811	-2.9331
-16.841	128.39	575.65	0.54098	1.003	0.014718	0.5565	0.89612	0.14783	0.48378	0.82515	0.1452	0.60062	1.1533	0.48375	0.47423	1.1793	0.46714	0.5699	0.98717	0.058903	0.49439	1.0353	0.060025	0.55144	1.2736	0.86123	0.50337	0.91833	0.15078	0.57121	1.174	0.47484	91.652	-0.43683	-7.6492	-79.319	7.3973	-3.9573	-28.299	10.958	7.9658	33.197	6.3622	-15.15	44.263	34.802	-2.8105
-14.06	122.11	525.6	0.54055	1.005	0.01472	0.55659	0.90191	0.15259	0.48325	0.83182	0.15312	0.60209	1.1662	0.48208	0.47601	1.1932	0.46458	0.56987	0.98816	0.060254	0.49463	1.0363	0.060193	0.55067	1.284	0.86014	0.50339	0.92443	0.15497	0.57307	1.1872	0.47263	90.872	-0.3219	-7.6541	-71.693	6.315	-3.3045	-30.091	10.691	8.3542	34.349	6.6127	-15.075	41.827	33.219	-2.5639
-11.691	113.61	472.9	0.54023	1.0074	0.014724	0.55661	0.90831	0.1577	0.48263	0.83922	0.1614	0.60359	1.1797	0.48045	0.47784	1.2075	0.46207	0.56988	0.9896	0.06189	0.49492	1.0377	0.060456	0.54989	1.2943	0.85915	0.50333	0.93115	0.15945	0.57498	1.2008	0.47043	89.953	-0.25294	-7.6226	-63.665	5.3504	-2.6485	-31.957	10.391	8.7355	34.905	6.7341	-14.791	39.335	31.074	-2.1864
-9.7848	103.22	418.83	0.54005	1.0102	0.01473	0.55654	0.91533	0.16314	0.48192	0.84737	0.17002	0.60511	1.1936	0.47889	0.4797	1.2224	0.45964	0.56995	0.99155	0.063823	0.49526	1.0396	0.060825	0.5491	1.3045	0.85827	0.5032	0.93852	0.16419	0.57695	1.2149	0.46827	88.901	-0.2324	-7.5576	-55.46	4.5033	-2.0127	-33.889	10.055	9.1062	34.808	6.7073	-14.28	36.809	28.416	-1.6846
-8.351	91.401	364.75	0.54002	1.0135	0.014738	0.55641	0.92301	0.1689	0.4811	0.85628	0.17893	0.60664	1.208	0.47742	0.48159	1.2377	0.45732	0.57007	0.99406	0.066056	0.49566	1.042	0.061312	0.54832	1.3147	0.85751	0.50298	0.94655	0.1692	0.57894	1.2294	0.46617	87.727	-0.26111	-7.4636	-47.321	3.7656	-1.4213	-35.875	9.682	9.4619	34.036	6.5216	-13.537	34.245	25.338	-1.0808
-7.3499	78.739	312.03	0.5402	1.0175	0.014749	0.55619	0.93135	0.17496	0.48019	0.86597	0.18807	0.60818	1.2228	0.47605	0.4835	1.2535	0.45515	0.57025	0.99722	0.068588	0.4961	1.0451	0.061929	0.54756	1.3249	0.85688	0.50267	0.95528	0.17445	0.58095	1.2444	0.46418	86.448	-0.3381	-7.3464	-39.48	3.1252	-0.89489	-37.905	9.2712	9.7984	32.6	6.1808	-12.572	31.622	21.966	-0.41307
-6.694	65.854	261.87	0.54062	1.0221	0.014763	0.55588	0.94037	0.18127	0.47918	0.87643	0.19739	0.6097	1.2381	0.47483	0.4854	1.2698	0.45315	0.57049	1.0011	0.071414	0.49659	1.0487	0.062684	0.54682	1.3349	0.85639	0.50229	0.96471	0.17991	0.58297	1.2597	0.46231	85.087	-0.46053	-7.2133	-32.149	2.5688	-0.44832	-39.964	8.8232	10.111	30.543	5.7033	-11.41	28.904	18.458	0.26673
-6.2658	53.346	215.26	0.5413	1.0274	0.01478	0.5555	0.95008	0.18781	0.47808	0.88765	0.20682	0.61121	1.2537	0.47377	0.48728	1.2864	0.45135	0.57077	1.0057	0.074518	0.49714	1.0531	0.063584	0.54613	1.3448	0.85604	0.50182	0.97486	0.18555	0.58498	1.2754	0.4606	83.671	-0.62365	-7.0719	-25.496	2.0822	-0.090601	-42.04	8.3396	10.396	27.932	5.1167	-10.086	26.045	14.978	0.89885
-5.9403	41.737	172.87	0.5423	1.0336	0.014801	0.55504	0.96047	0.19453	0.47689	0.89962	0.21628	0.61268	1.2698	0.4729	0.48915	1.3034	0.4498	0.57111	1.011	0.077881	0.49773	1.0582	0.064634	0.54548	1.3547	0.85584	0.50128	0.98572	0.19134	0.58696	1.2914	0.45908	82.23	-0.82085	-6.9298	-19.639	1.6512	0.17488	-44.118	7.8232	10.65	24.856	4.4503	-8.6469	23.008	11.677	1.4246
-5.6061	31.41	135.13	0.54365	1.0407	0.014827	0.55451	0.97155	0.20137	0.47563	0.91231	0.2257	0.61412	1.2861	0.47224	0.49097	1.3208	0.44851	0.57149	1.0173	0.081477	0.49836	1.0642	0.065835	0.5449	1.3644	0.85581	0.50067	0.99728	0.19723	0.58891	1.3077	0.45778	80.795	-1.0442	-6.794	-14.639	1.2653	0.34952	-46.185	7.2777	10.868	21.415	3.7345	-7.1431	19.778	8.6785	1.7928
-5.1879	22.584	102.19	0.54544	1.049	0.014858	0.55391	0.9833	0.20828	0.4743	0.92568	0.23502	0.61551	1.3028	0.47181	0.49276	1.3384	0.44752	0.57191	1.0244	0.085271	0.49903	1.0711	0.067185	0.54438	1.374	0.85593	0.5	1.0096	0.20318	0.59081	1.3243	0.45672	79.397	-1.285	-6.6705	-10.526	0.91301	0.44083	-48.225	6.7078	11.048	17.755	2.9963	-5.6271	16.412	6.0602	1.9872
-4.6571	15.318	74.052	0.54785	1.0592	0.014898	0.55325	0.99571	0.2152	0.47292	0.93972	0.24413	0.61684	1.3197	0.47164	0.49449	1.3563	0.44686	0.57237	1.0325	0.089226	0.49972	1.0788	0.068678	0.54395	1.3835	0.85621	0.49928	1.0225	0.20913	0.59265	1.3411	0.45593	78.064	-1.5345	-6.5629	-7.2562	0.5938	0.45732	-50.225	6.1191	11.188	13.999	2.2618	-4.1559	12.976	3.8723	1.9941
-4.0299	9.5396	50.6	0.5513	1.0728	0.014952	0.55254	1.0088	0.22207	0.4715	0.95436	0.25297	0.61813	1.3368	0.47173	0.49617	1.3744	0.44653	0.57285	1.0415	0.093296	0.50044	1.0876	0.070306	0.5436	1.3929	0.85665	0.49851	1.0361	0.21503	0.59443	1.3581	0.45543	76.82	-1.7845	-6.4734	-4.7432	0.31273	0.40986	-52.171	5.5184	11.287	10.273	1.5572	-2.7876	9.5747	2.1324	1.8191
-3.3512	5.0968	31.656	0.55691	1.0936	0.015037	0.55179	1.0224	0.22881	0.47005	0.96957	0.26146	0.61935	1.354	0.4721	0.49778	1.3927	0.44657	0.57334	1.0514	0.097434	0.50116	1.0973	0.072054	0.54335	1.4021	0.85726	0.49771	1.0503	0.22083	0.59614	1.3753	0.45523	75.683	-2.0278	-6.4021	-3.1167	0.010447	0.33673	-54.053	4.9126	11.345	7.1198	0.89467	-1.5458	6.7316	0.69779	1.6992
-0.082658	0.076439	0.59878	NaN	NaN	NaN	0.55101	1.0367	0.23537	0.46859	0.9853	0.26952	0.62051	1.3714	0.47276	0.49932	1.4111	0.44699	0.57384	1.0624	0.10159	0.50188	1.108	0.073905	0.5432	1.4112	0.85802	0.49689	1.0652	0.22648	0.59777	1.3926	0.45536	74.668	-2.2586	-6.3474	-1.5577	-0.11552	0.18837	-55.857	4.309	11.363	3.5293	0.34409	-0.56239	3.4619	-0.081763	1.081
0	0	0	NaN	NaN	NaN	0.55022	1.0515	0.24167	0.46714	1.0015	0.27708	0.62162	1.3888	0.47371	0.5008	1.4296	0.44779	0.57434	1.0744	0.1057	0.5026	1.1198	0.075838	0.54316	1.4203	0.85893	0.49605	1.0806	0.23191	0.59932	1.4099	0.45581	73.781	-2.4726	-6.3064	0.02444	0.000975	0.006125	-57.574	3.7151	11.343	0.006015	0.0308	-0.036756	0.19141	-0.10395	0.020878
