0.27235	5.8455	83.988	0.49828	0.84186	0.013619	0.53065	0.84265	0.1074	0.45723	0.81368	0.037411	0.53775	0.68723	0.5019	0.41068	0.70346	0.49629	0.57307	0.98047	0.12819	0.5045	1.0109	0.16474	0.47564	0.5394	0.85652	0.48676	0.84352	0.12376	0.47676	0.69571	0.49337	79.281	-4.2377	-22.597	-0.083196	0.74183	-0.58099	-2.1359	-3.065	-8.8434	-15.079	0.33829	-1.4241	-30.738	1.3424	0.35193
0.23199	1.7562	127.47	0.49835	0.85566	0.01371	0.53007	0.85003	0.10543	0.45756	0.81925	0.036728	0.53757	0.69809	0.50069	0.41036	0.7129	0.49448	0.57051	0.98885	0.12472	0.50133	1.0188	0.16046	0.47592	0.55125	0.85531	0.48614	0.85063	0.12106	0.47646	0.70584	0.49197	78.749	-4.508	-22.387	-0.20503	1.2481	-0.74081	-2.3714	-3.057	-8.446	-19.667	1.1094	-1.8594	-40.503	2.0033	0.62444
0.13259	-4.6602	179.81	0.49831	0.86534	0.013773	0.52935	0.85642	0.10334	0.45777	0.82354	0.036246	0.53743	0.70905	0.49965	0.41009	0.72244	0.49283	0.56784	0.99628	0.12045	0.49806	1.026	0.15518	0.47631	0.56323	0.85427	0.48543	0.85696	0.11822	0.47619	0.71611	0.49078	78.041	-4.812	-22.076	-0.10908	1.9978	-0.92894	-2.7375	-3.0337	-8.0939	-24.203	2.2109	-2.3313	-50.814	2.7976	0.97975
-0.065284	-13.949	240.34	0.49822	0.87304	0.013823	0.52852	0.86198	0.10124	0.45787	0.82678	0.035992	0.53731	0.72007	0.49879	0.40987	0.73205	0.49136	0.56514	1.0029	0.11554	0.49479	1.0326	0.14908	0.4768	0.5753	0.85342	0.48464	0.86269	0.11534	0.47595	0.72647	0.4898	77.165	-5.1638	-21.665	0.1506	3.0007	-1.1057	-3.1961	-2.9964	-7.776	-27.868	3.6731	-2.7648	-60.122	3.6514	1.4186
-0.43383	-26.472	307.71	0.49814	0.87973	0.013867	0.52762	0.86687	0.099213	0.45787	0.82921	0.035977	0.53722	0.73113	0.49811	0.40969	0.7417	0.49009	0.56247	1.0087	0.11017	0.49158	1.0386	0.14237	0.47738	0.58744	0.85277	0.48379	0.868	0.11255	0.47572	0.73688	0.48901	76.141	-5.5789	-21.17	0.58992	4.2808	-1.2568	-3.7162	-2.9453	-7.4746	-30.358	5.4251	-3.1401	-67.977	4.475	1.9036
-1.0938	-42.186	380.1	0.49811	0.88582	0.013907	0.52668	0.87125	0.097348	0.45782	0.83101	0.0362	0.53715	0.74219	0.49763	0.40955	0.75138	0.48902	0.5599	1.014	0.10455	0.48852	1.0442	0.13527	0.47807	0.59958	0.85234	0.48288	0.87303	0.10993	0.4755	0.74731	0.48844	75.005	-6.072	-20.614	1.16	5.8331	-1.3518	-4.2785	-2.8803	-7.1671	-31.26	7.3543	-3.4161	-73.613	5.1232	2.3627
-2.2174	-60.53	455.64	0.49819	0.89147	0.013944	0.52574	0.87521	0.095703	0.45773	0.83236	0.036639	0.53709	0.75326	0.49738	0.40944	0.7611	0.48821	0.55748	1.0186	0.098829	0.48565	1.0493	0.12797	0.47884	0.61169	0.85214	0.48193	0.87786	0.10757	0.4753	0.75776	0.48808	73.808	-6.6536	-20.032	1.8083	7.6422	-1.3716	-4.8793	-2.802	-6.8316	-30.47	9.2946	-3.5774	-76.867	5.4239	2.6867
-4.0117	-80.596	532.53	0.49841	0.89675	0.013979	0.52484	0.87882	0.094313	0.45763	0.83337	0.037256	0.53704	0.76436	0.49737	0.40935	0.77088	0.48768	0.55526	1.0228	0.093187	0.48303	1.054	0.1207	0.47969	0.6237	0.85218	0.48094	0.88251	0.1055	0.47512	0.76823	0.48796	72.614	-7.3277	-19.461	2.4767	9.6801	-1.306	-5.5278	-2.7129	-6.4513	-28.051	11.062	-3.6219	-77.922	5.1928	2.7483
-6.6659	-101.4	608.9	0.4988	0.90168	0.014012	0.524	0.88212	0.093187	0.45753	0.83415	0.038005	0.53699	0.77551	0.49761	0.40928	0.78073	0.48747	0.55326	1.0264	0.087765	0.48069	1.0583	0.11362	0.48061	0.63557	0.85244	0.47995	0.88694	0.10375	0.47496	0.77874	0.4881	71.489	-8.0893	-18.932	3.0993	11.904	-1.1503	-6.242	-2.6174	-6.0187	-24.125	12.486	-3.5483	-77.064	4.2565	2.4262
-10.29	-122.07	682.79	0.49936	0.90631	0.014044	0.52323	0.88513	0.092319	0.45744	0.83476	0.038839	0.53694	0.78672	0.49811	0.40922	0.79066	0.48759	0.5515	1.0296	0.08269	0.47864	1.0621	0.1069	0.48159	0.64728	0.85293	0.47898	0.89109	0.10232	0.47481	0.78929	0.48849	70.496	-8.9237	-18.468	3.6034	14.26	-0.90081	-7.0409	-2.5221	-5.538	-18.816	13.43	-3.3477	-74.551	2.4852	1.6321
-14.874	-141.93	752.47	0.50005	0.91069	0.014075	0.52254	0.88786	0.09169	0.45738	0.83526	0.03971	0.53689	0.79799	0.49885	0.40915	0.80068	0.48806	0.54998	1.0324	0.078054	0.47686	1.0655	0.10066	0.48262	0.65879	0.85362	0.47807	0.8949	0.10118	0.4747	0.7999	0.48913	69.682	-9.8071	-18.074	3.9126	16.688	-0.55394	-7.9351	-2.4331	-5.024	-12.276	13.821	-3.0026	-70.613	-0.17144	0.33363
-20.291	-160.43	816.78	0.50086	0.91486	0.014105	0.52193	0.89032	0.091277	0.45733	0.83567	0.040579	0.53683	0.80927	0.49977	0.40909	0.81074	0.48884	0.54868	1.0347	0.073921	0.47535	1.0684	0.094968	0.48368	0.6701	0.8545	0.47724	0.89833	0.10031	0.47462	0.81053	0.48999	69.076	-10.71	-17.746	3.9591	19.138	-0.11131	-8.921	-2.3552	-4.4972	-4.7343	13.653	-2.4966	-65.546	-3.6721	-1.4425
-26.32	-177.14	875.34	0.50173	0.91882	0.014133	0.52138	0.89253	0.09105	0.45731	0.83602	0.041413	0.53678	0.8205	0.50083	0.40903	0.8208	0.48988	0.54758	1.0367	0.070322	0.47407	1.0709	0.089882	0.48477	0.68122	0.85552	0.47651	0.90137	0.099682	0.47457	0.82112	0.49103	68.69	-11.601	-17.465	3.693	21.574	0.41641	-9.9796	-2.2903	-3.9798	3.4995	12.984	-1.8237	-59.724	-7.8909	-3.6172
-32.697	-191.75	928.38	0.50262	0.92255	0.01416	0.5209	0.8945	0.090979	0.4573	0.83633	0.042187	0.53675	0.83155	0.50195	0.40898	0.83078	0.49112	0.54667	1.0384	0.06726	0.473	1.0729	0.085409	0.48588	0.69218	0.85666	0.47587	0.90403	0.099258	0.47456	0.8316	0.49218	68.518	-12.45	-17.212	3.0904	23.973	1.0081	-11.079	-2.2381	-3.4918	12.079	11.918	-0.99408	-53.539	-12.641	-6.0749
-39.151	-204.05	976.4	0.5035	0.92603	0.014185	0.52047	0.89624	0.091031	0.4573	0.8366	0.042885	0.53674	0.84231	0.50306	0.40897	0.84059	0.49246	0.54592	1.0398	0.064711	0.47211	1.0746	0.081534	0.487	0.70299	0.85789	0.47532	0.90634	0.099	0.4746	0.84187	0.49339	68.544	-13.23	-16.964	2.1552	26.319	1.6372	-12.179	-2.197	-3.0496	20.681	10.58	-0.03405	-47.312	-17.714	-8.6836
-45.427	-213.89	1019.9	0.50433	0.92922	0.014208	0.52009	0.89776	0.091175	0.45731	0.83684	0.043498	0.53678	0.85266	0.50409	0.40899	0.85013	0.49383	0.54531	1.0409	0.062638	0.47138	1.076	0.078223	0.48813	0.7137	0.85918	0.47483	0.90834	0.098867	0.47469	0.85182	0.49456	68.745	-13.917	-16.705	0.91454	28.591	2.2769	-13.238	-2.1651	-2.6667	29.027	9.1043	1.0179	-41.274	-22.892	-11.305
-51.285	-221.12	1058.8	0.50509	0.93209	0.014229	0.51974	0.89908	0.09138	0.45732	0.83705	0.044024	0.53687	0.8625	0.50502	0.40907	0.85932	0.49513	0.54481	1.0418	0.060988	0.47078	1.0771	0.075428	0.48926	0.72432	0.86052	0.4744	0.91007	0.098818	0.47484	0.86137	0.49565	69.093	-14.496	-16.422	-0.58592	30.763	2.9041	-14.219	-2.1405	-2.3548	36.888	7.6155	2.1153	-35.552	-27.962	-13.8
-56.498	-225.65	1093	0.50575	0.93464	0.014248	0.51941	0.90021	0.091624	0.45732	0.83724	0.044466	0.53701	0.87177	0.50579	0.40919	0.86809	0.4963	0.54441	1.0426	0.059707	0.47028	1.0779	0.073094	0.49038	0.7349	0.86189	0.474	0.91158	0.098819	0.47502	0.87043	0.4966	69.559	-14.955	-16.112	-2.2908	32.787	3.501	-15.091	-2.1219	-2.1247	44.086	6.2206	3.2081	-30.165	-32.721	-16.041
-60.877	-227.46	1121.6	0.50632	0.93686	0.014264	0.51911	0.90118	0.091884	0.45733	0.83741	0.044832	0.5372	0.88044	0.5064	0.40936	0.87638	0.49729	0.54409	1.0431	0.058737	0.46987	1.0786	0.071165	0.49148	0.74543	0.86329	0.47363	0.9129	0.098842	0.47523	0.87896	0.49737	70.115	-15.291	-15.776	-4.1443	34.609	4.0535	-15.832	-2.1073	-1.9864	50.493	4.995	4.2486	-25.048	-36.992	-17.934
-64.293	-226.62	1143.7	0.5068	0.9388	0.014278	0.51883	0.90199	0.092148	0.45733	0.83756	0.045131	0.53741	0.88851	0.50686	0.40957	0.88417	0.4981	0.54383	1.0436	0.058022	0.46954	1.079	0.069585	0.49255	0.75592	0.86471	0.47327	0.91407	0.09887	0.47545	0.88695	0.49797	70.734	-15.508	-15.421	-6.0938	36.173	4.5502	-16.434	-2.0945	-1.9469	56.008	3.9776	5.1955	-20.105	-40.637	-19.419
-66.703	-223.29	1158.4	0.50719	0.9405	0.01429	0.51857	0.90266	0.092404	0.45733	0.83769	0.045377	0.53764	0.89603	0.50717	0.40978	0.89143	0.4987	0.54361	1.0439	0.057511	0.46926	1.0794	0.068304	0.49357	0.76636	0.86617	0.47292	0.91511	0.098896	0.47567	0.89439	0.49839	71.392	-15.616	-15.056	-8.0914	37.429	4.9816	-16.896	-2.0808	-2.0082	60.558	3.1715	6.0178	-15.261	-43.572	-20.482
-68.157	-217.71	1165.3	0.50752	0.94201	0.014301	0.51833	0.90322	0.092646	0.45733	0.8378	0.04558	0.53785	0.90304	0.50737	0.40998	0.89819	0.49913	0.54343	1.0442	0.057159	0.46903	1.0796	0.067273	0.49453	0.77674	0.86766	0.47259	0.91604	0.098921	0.47587	0.9013	0.49867	72.069	-15.629	-14.694	-10.094	38.351	5.3392	-17.225	-2.0636	-2.1641	64.085	2.548	6.6964	-10.508	-45.774	-21.145
-68.772	-210.18	1164.1	0.50782	0.94338	0.014311	0.51812	0.90368	0.09287	0.45733	0.8379	0.045752	0.53804	0.90958	0.50747	0.41017	0.90448	0.49941	0.54328	1.0444	0.056926	0.46884	1.0798	0.06645	0.49542	0.78704	0.8692	0.47226	0.91685	0.098954	0.47603	0.90774	0.49885	72.749	-15.567	-14.345	-12.064	38.933	5.6175	-17.433	-2.0414	-2.3991	66.562	2.0711	7.2225	-5.8932	-47.269	-21.453
-68.682	-201.04	1155.1	0.50811	0.94467	0.01432	0.51794	0.90407	0.093075	0.45732	0.83798	0.045905	0.53819	0.91571	0.50751	0.41033	0.91031	0.49958	0.54316	1.0445	0.056777	0.46869	1.0799	0.065795	0.49621	0.79724	0.87077	0.47196	0.91755	0.099003	0.47616	0.91372	0.49895	73.419	-15.449	-14.019	-13.975	39.189	5.8135	-17.537	-2.0143	-2.6894	67.998	1.7115	7.5935	-1.4935	-48.101	-21.454
-68.026	-190.65	1139.1	0.50841	0.94593	0.014329	0.51778	0.9044	0.093265	0.45731	0.83805	0.046046	0.53832	0.92146	0.50751	0.41047	0.91575	0.49966	0.54306	1.0447	0.056685	0.46858	1.08	0.065275	0.49689	0.80734	0.87239	0.47168	0.91816	0.099079	0.47625	0.91929	0.49901	74.069	-15.295	-13.724	-15.802	39.153	5.927	-17.549	-1.9839	-3.0051	68.431	1.4527	7.8109	2.6014	-48.333	-21.195
-66.948	-179.39	1116.7	0.50875	0.94719	0.014339	0.51765	0.90468	0.09344	0.4573	0.83812	0.046184	0.53842	0.92684	0.50748	0.41058	0.92083	0.4997	0.54298	1.0448	0.056627	0.46849	1.08	0.06486	0.49746	0.81734	0.87405	0.47143	0.91866	0.099189	0.4763	0.92448	0.49906	74.691	-15.123	-13.464	-17.534	38.866	5.9591	-17.479	-1.9533	-3.3143	67.924	1.2846	7.881	6.311	-48.047	-20.725
-65.598	-167.57	1089.2	0.50914	0.94849	0.014348	0.51755	0.90494	0.093606	0.45728	0.83818	0.046324	0.53851	0.93186	0.50745	0.41067	0.92559	0.49971	0.54292	1.0448	0.056586	0.46843	1.0801	0.064527	0.4979	0.82722	0.87574	0.47122	0.91908	0.099333	0.47634	0.92932	0.49911	75.276	-14.949	-13.243	-19.165	38.376	5.912	-17.336	-1.926	-3.5873	66.56	1.1965	7.8145	9.578	-47.345	-20.094
-64.109	-155.5	1057.3	0.5096	0.94988	0.014359	0.51748	0.90518	0.093764	0.45726	0.83823	0.04647	0.53859	0.93652	0.50743	0.41076	0.93008	0.49972	0.54288	1.0449	0.056551	0.4684	1.0801	0.064257	0.49823	0.83699	0.87745	0.47105	0.91943	0.099511	0.47638	0.93383	0.49919	75.822	-14.784	-13.061	-20.695	37.732	5.7899	-17.123	-1.9056	-3.8	64.435	1.1764	7.6263	12.372	-46.335	-19.353
-62.59	-143.44	1022.3	0.51013	0.95137	0.01437	0.51743	0.90541	0.093916	0.45724	0.83829	0.046626	0.53869	0.94084	0.50741	0.41086	0.93432	0.49973	0.54285	1.045	0.056513	0.46839	1.0802	0.064033	0.49844	0.84666	0.87919	0.47092	0.91972	0.09972	0.47641	0.93804	0.4993	76.322	-14.633	-12.916	-22.133	36.979	5.5987	-16.843	-1.8945	-3.937	61.657	1.2112	7.3333	14.689	-45.115	-18.543
-61.117	-131.59	984.98	0.51076	0.953	0.014382	0.51739	0.90564	0.094061	0.45721	0.83835	0.046794	0.5388	0.94482	0.50742	0.41097	0.93833	0.49978	0.54284	1.045	0.056466	0.4684	1.0802	0.063842	0.49853	0.85624	0.88093	0.47084	0.91997	0.099953	0.47647	0.94195	0.49944	76.774	-14.5	-12.804	-23.489	36.156	5.3458	-16.495	-1.8934	-3.9925	58.336	1.2867	6.9526	16.548	-43.769	-17.697
-59.729	-120.13	946.28	0.51148	0.95479	0.014396	0.51738	0.90586	0.094202	0.45717	0.83842	0.046973	0.53893	0.94846	0.50745	0.41109	0.94213	0.49984	0.54285	1.0451	0.056408	0.46844	1.0803	0.063675	0.49853	0.86572	0.88269	0.4708	0.92019	0.10021	0.47655	0.94559	0.49962	77.178	-14.38	-12.722	-24.777	35.295	5.0395	-16.081	-1.9013	-3.9707	54.587	1.3899	6.5001	17.981	-42.353	-16.839
-58.434	-109.18	906.97	0.5123	0.95676	0.014411	0.51737	0.90609	0.094339	0.45713	0.83848	0.047166	0.53908	0.9518	0.5075	0.41123	0.94572	0.49992	0.54288	1.0452	0.056338	0.46848	1.0803	0.063523	0.49844	0.87513	0.88443	0.4708	0.92041	0.10048	0.47665	0.94897	0.49982	77.535	-14.268	-12.662	-26.012	34.419	4.6892	-15.602	-1.9157	-3.884	50.518	1.5105	5.9904	19.027	-40.902	-15.983
-57.214	-98.815	867.71	0.51321	0.95893	0.014428	0.51737	0.90631	0.094474	0.45708	0.83855	0.047372	0.53926	0.95486	0.50758	0.41139	0.94912	0.50001	0.54291	1.0452	0.056257	0.46855	1.0804	0.06338	0.49827	0.88448	0.88616	0.47084	0.92062	0.10076	0.47678	0.95211	0.50006	77.846	-14.156	-12.621	-27.209	33.544	4.3054	-15.062	-1.9333	-3.7511	46.234	1.6427	5.4372	19.73	-39.429	-15.135
-56.032	-89.103	829.07	0.51419	0.9613	0.014447	0.51737	0.90654	0.094608	0.45703	0.83863	0.04759	0.53945	0.95766	0.50767	0.41157	0.95233	0.50011	0.54296	1.0453	0.056166	0.46863	1.0805	0.063239	0.49804	0.89376	0.88787	0.4709	0.92083	0.10106	0.47692	0.95503	0.50031	78.115	-14.034	-12.592	-28.383	32.68	3.8993	-14.463	-1.9506	-3.5934	41.83	1.7878	4.8532	20.133	-37.932	-14.297
-54.845	-80.062	791.52	0.51526	0.96388	0.014467	0.51737	0.90678	0.094744	0.45698	0.83871	0.047821	0.53966	0.96023	0.5078	0.41176	0.95535	0.5002	0.54301	1.0454	0.056067	0.46871	1.0806	0.063098	0.49775	0.90301	0.88954	0.47099	0.92103	0.10138	0.47708	0.95774	0.50059	78.348	-13.894	-12.57	-29.544	31.834	3.4821	-13.814	-1.9645	-3.4327	37.39	1.9524	4.2505	20.279	-36.398	-13.467
-53.615	-71.693	755.46	0.51637	0.96669	0.014488	0.51736	0.90702	0.094887	0.45692	0.83879	0.048064	0.53987	0.96261	0.50794	0.41196	0.9582	0.50028	0.54307	1.0455	0.055961	0.4688	1.0807	0.062954	0.49744	0.91221	0.89116	0.47111	0.92124	0.10171	0.47724	0.96027	0.50089	78.548	-13.729	-12.554	-30.702	31.008	3.0641	-13.12	-1.9725	-3.2878	32.985	2.1454	3.6405	20.208	-34.817	-12.645
-52.315	-63.976	721.24	0.51752	0.96971	0.014511	0.51734	0.90726	0.095037	0.45686	0.83888	0.04832	0.54009	0.96483	0.5081	0.41216	0.96086	0.50035	0.54314	1.0456	0.055849	0.46889	1.0808	0.062804	0.4971	0.92139	0.8927	0.47125	0.92145	0.10206	0.4774	0.96264	0.50121	78.722	-13.537	-12.54	-31.862	30.208	2.654	-12.389	-1.9729	-3.1729	28.672	2.3747	3.0344	19.952	-33.181	-11.831
-50.941	-56.88	689.16	0.51869	0.97293	0.014536	0.51731	0.90751	0.095196	0.4568	0.83898	0.048591	0.54031	0.96692	0.50828	0.41237	0.96337	0.5004	0.5432	1.0456	0.055733	0.46898	1.081	0.06265	0.49674	0.93055	0.89417	0.47141	0.92165	0.10243	0.47755	0.96488	0.50154	78.874	-13.317	-12.527	-33.032	29.439	2.2586	-11.629	-1.9644	-3.0965	24.492	2.6462	2.4429	19.545	-31.496	-11.029
-49.507	-50.369	659.46	0.51987	0.97634	0.014561	0.51726	0.90777	0.095366	0.45673	0.83909	0.048878	0.54052	0.9689	0.50848	0.41259	0.96574	0.50044	0.54326	1.0457	0.055613	0.46907	1.0811	0.062488	0.49638	0.93971	0.89555	0.47158	0.92185	0.10282	0.4777	0.967	0.50189	79.007	-13.072	-12.515	-34.219	28.71	1.883	-10.846	-1.9464	-3.0614	20.476	2.9606	1.8755	19.019	-29.777	-10.245
-48.048	-44.404	632.34	0.52104	0.97994	0.014588	0.51721	0.90804	0.095548	0.45666	0.8392	0.049183	0.54073	0.97082	0.5087	0.4128	0.96798	0.50045	0.54332	1.0459	0.05549	0.46915	1.0813	0.062321	0.49603	0.94886	0.89681	0.47176	0.92205	0.10324	0.47783	0.96905	0.50226	79.126	-12.811	-12.503	-35.432	28.028	1.5298	-10.048	-1.9189	-3.0659	16.643	3.3123	1.3407	18.41	-28.052	-9.489
-46.614	-38.947	607.98	0.5222	0.98368	0.014616	0.51715	0.90832	0.095745	0.45658	0.83932	0.049508	0.54093	0.9727	0.50893	0.41302	0.97013	0.50045	0.54338	1.046	0.055365	0.46923	1.0814	0.062147	0.49568	0.95801	0.89794	0.47194	0.92225	0.10367	0.47796	0.97105	0.50263	79.232	-12.541	-12.492	-36.683	27.404	1.1993	-9.2424	-1.8821	-3.1049	13.008	3.6894	0.84458	17.752	-26.362	-8.7727
-45.265	-33.955	586.5	0.52333	0.98756	0.014645	0.51708	0.90862	0.09596	0.4565	0.83944	0.049856	0.54113	0.97458	0.50917	0.41323	0.9722	0.50043	0.54344	1.0461	0.055238	0.46931	1.0816	0.061967	0.49535	0.96718	0.89893	0.47212	0.92245	0.10412	0.47807	0.97302	0.50301	79.33	-12.271	-12.485	-37.983	26.846	0.88988	-8.436	-1.8368	-3.1722	9.5774	4.0755	0.39061	17.08	-24.754	-8.1096
-44.061	-29.381	568.02	0.52441	0.99154	0.014674	0.517	0.90893	0.096194	0.45642	0.83958	0.05023	0.54133	0.97648	0.50941	0.41344	0.97423	0.5004	0.5435	1.0462	0.05511	0.4694	1.0818	0.061782	0.49503	0.97636	0.89978	0.4723	0.92266	0.10459	0.47817	0.975	0.50341	79.421	-12.008	-12.482	-39.347	26.362	0.59895	-7.6368	-1.7844	-3.2621	6.3536	4.4547	-0.02055	16.425	-23.273	-7.5123
-43.052	-25.177	552.62	0.52544	0.99556	0.014703	0.51692	0.90927	0.096453	0.45633	0.83973	0.050632	0.54152	0.97845	0.50966	0.41365	0.97624	0.50037	0.54356	1.0463	0.054981	0.46948	1.082	0.061591	0.49474	0.98554	0.90047	0.47247	0.92288	0.10508	0.47826	0.97702	0.5038	79.508	-11.759	-12.486	-40.789	25.96	0.32341	-6.8532	-1.7264	-3.3704	3.337	4.8141	-0.39092	15.819	-21.957	-6.9906
-42.271	-21.296	540.4	0.52638	0.99959	0.014732	0.51685	0.90965	0.09674	0.45624	0.83989	0.051066	0.5417	0.98051	0.50991	0.41386	0.97828	0.50034	0.54361	1.0465	0.054853	0.46956	1.0822	0.061395	0.49446	0.99471	0.90102	0.47263	0.92312	0.10559	0.47834	0.97911	0.5042	79.596	-11.526	-12.496	-42.323	25.643	0.060888	-6.0939	-1.6653	-3.4945	0.52922	5.1454	-0.72392	15.296	-20.834	-6.5498
-41.736	-17.694	531.4	0.52723	1.0036	0.01476	0.51677	0.91005	0.09706	0.45614	0.84007	0.051535	0.54188	0.9827	0.51016	0.41406	0.98037	0.50033	0.54367	1.0466	0.054726	0.46965	1.0824	0.061195	0.49421	1.0039	0.90142	0.47277	0.92339	0.10611	0.47841	0.9813	0.5046	79.687	-11.312	-12.514	-43.965	25.415	-0.18997	-5.3682	-1.6034	-3.6329	-2.0663	5.4462	-1.0237	14.896	-19.919	-6.1907
-41.448	-14.335	525.66	0.52795	1.0074	0.014788	0.51671	0.91049	0.097419	0.45604	0.84027	0.052043	0.54205	0.98504	0.51039	0.41425	0.98257	0.50032	0.54373	1.0467	0.054602	0.46975	1.0826	0.06099	0.49399	1.013	0.90167	0.4729	0.92369	0.10665	0.47848	0.98363	0.50499	79.785	-11.116	-12.54	-45.73	25.274	-0.42947	-4.6853	-1.5431	-3.7843	-4.4441	5.719	-1.2944	14.661	-19.216	-5.9096
-41.397	-11.189	523.2	0.52852	1.0111	0.014813	0.51665	0.91098	0.097821	0.45593	0.84048	0.052592	0.54221	0.98757	0.51061	0.41443	0.98489	0.50033	0.54379	1.0469	0.05448	0.46984	1.0828	0.060782	0.49379	1.0221	0.90179	0.473	0.92402	0.10722	0.47854	0.98613	0.50537	79.893	-10.937	-12.57	-47.632	25.219	-0.65687	-4.0539	-1.4868	-3.9466	-6.5967	5.9693	-1.5398	14.64	-18.72	-5.6999
-41.567	-8.2376	523.97	0.52893	1.0146	0.014838	0.51661	0.91151	0.098271	0.45582	0.84071	0.053187	0.54235	0.9903	0.5108	0.41459	0.9874	0.50035	0.54385	1.047	0.054363	0.46995	1.0831	0.060569	0.49362	1.0311	0.90178	0.47308	0.9244	0.10779	0.47859	0.98883	0.50572	80.015	-10.774	-12.606	-49.688	25.249	-0.87049	-3.4821	-1.4363	-4.1165	-8.5144	6.2034	-1.7623	14.883	-18.422	-5.5531
-41.947	-5.4664	527.92	0.52918	1.0179	0.01486	0.51657	0.91208	0.09877	0.4557	0.84097	0.05383	0.54247	0.99325	0.51096	0.41473	0.99011	0.50038	0.54391	1.0472	0.054249	0.47006	1.0833	0.060352	0.49349	1.0401	0.90165	0.47314	0.92481	0.10838	0.47863	0.99175	0.50605	80.154	-10.623	-12.645	-51.912	25.358	-1.0681	-2.9763	-1.3931	-4.2896	-10.185	6.4264	-1.9635	15.442	-18.313	-5.4605
-42.527	-2.865	534.96	0.52927	1.0209	0.01488	0.51655	0.9127	0.09932	0.45558	0.84124	0.054523	0.54258	0.99644	0.51109	0.41485	0.99306	0.50041	0.54397	1.0473	0.05414	0.47017	1.0836	0.060129	0.49338	1.049	0.90139	0.47316	0.92527	0.10899	0.47866	0.99491	0.50634	80.313	-10.483	-12.686	-54.317	25.544	-1.2472	-2.5413	-1.3584	-4.461	-11.596	6.6408	-2.1443	16.368	-18.388	-5.4135
-43.302	-0.42163	544.97	0.52922	1.0237	0.014898	0.51653	0.91336	0.099919	0.45546	0.84152	0.055267	0.54267	0.99987	0.51118	0.41495	0.99629	0.50043	0.54403	1.0475	0.054033	0.47028	1.0838	0.0599	0.49331	1.0579	0.90101	0.47317	0.92577	0.10961	0.47868	0.99833	0.50657	80.492	-10.349	-12.731	-56.912	25.799	-1.4054	-2.1797	-1.3326	-4.6248	-12.736	6.8446	-2.3045	17.707	-18.644	-5.4042
-44.274	1.8864	557.78	0.52904	1.0263	0.014914	0.51652	0.91405	0.10056	0.45534	0.84183	0.056061	0.54274	1.0035	0.51121	0.41503	0.9998	0.50043	0.54409	1.0476	0.053929	0.47039	1.0841	0.059663	0.49326	1.0668	0.90051	0.47315	0.92632	0.11023	0.4787	1.002	0.50675	80.691	-10.219	-12.779	-59.705	26.116	-1.5412	-1.8914	-1.3157	-4.7755	-13.596	7.034	-2.4443	19.487	-19.082	-5.4255
-45.441	4.1027	573.19	0.52876	1.0287	0.014929	0.5165	0.91477	0.10124	0.45521	0.84214	0.056907	0.5428	1.0075	0.51119	0.41509	1.0036	0.5004	0.54414	1.0478	0.053826	0.47049	1.0843	0.059416	0.49325	1.0756	0.8999	0.47311	0.92692	0.11086	0.47871	1.0059	0.50687	80.911	-10.091	-12.832	-62.696	26.488	-1.6546	-1.6741	-1.3072	-4.9078	-14.178	7.2041	-2.5645	21.72	-19.7	-5.4714
-46.805	6.2946	590.96	0.52841	1.0309	0.014943	0.51647	0.9155	0.10195	0.4551	0.84247	0.057802	0.54285	1.0116	0.51112	0.41514	1.0077	0.50033	0.54418	1.0479	0.053724	0.47058	1.0846	0.059155	0.49327	1.0844	0.89916	0.47306	0.92756	0.11149	0.47871	1.0101	0.50691	81.15	-9.9624	-12.891	-65.883	26.904	-1.7475	-1.5234	-1.3064	-5.0177	-14.493	7.3504	-2.6669	24.392	-20.495	-5.5377
-48.366	8.5531	610.85	0.52801	1.0329	0.014955	0.51642	0.91624	0.10269	0.45498	0.84282	0.058746	0.54289	1.016	0.51099	0.41518	1.0121	0.50021	0.54422	1.0481	0.053623	0.47066	1.0848	0.058879	0.49331	1.0931	0.89831	0.473	0.92826	0.11213	0.47871	1.0146	0.50688	81.407	-9.8311	-12.959	-69.257	27.358	-1.8236	-1.433	-1.3124	-5.1026	-14.563	7.4703	-2.7547	27.467	-21.461	-5.6225
-50.12	10.99	632.58	0.52758	1.0347	0.014966	0.51635	0.91699	0.10344	0.45487	0.84317	0.059739	0.54292	1.0205	0.51082	0.41521	1.0167	0.50003	0.54425	1.0482	0.053523	0.47072	1.0851	0.058586	0.49339	1.1019	0.89733	0.47294	0.929	0.11276	0.47872	1.0193	0.50679	81.677	-9.6958	-13.036	-72.804	27.841	-1.8878	-1.3959	-1.3245	-5.1615	-14.419	7.5635	-2.8322	30.887	-22.589	-5.7255
-52.064	13.729	655.87	0.52715	1.0364	0.014975	0.51627	0.91774	0.10422	0.45477	0.84354	0.060779	0.54295	1.0253	0.51059	0.41524	1.0216	0.49979	0.54428	1.0484	0.053425	0.47077	1.0853	0.058278	0.49348	1.1107	0.89626	0.47289	0.92978	0.11341	0.47872	1.0241	0.50662	81.96	-9.5551	-13.125	-76.511	28.345	-1.9459	-1.4043	-1.3421	-5.195	-14.099	7.6305	-2.904	34.578	-23.867	-5.8469
-54.191	16.893	680.46	0.52673	1.038	0.014984	0.51617	0.91849	0.10503	0.45469	0.84392	0.061867	0.54298	1.0301	0.51032	0.41527	1.0267	0.49949	0.54431	1.0485	0.053332	0.47081	1.0856	0.057954	0.49359	1.1195	0.89508	0.47285	0.93061	0.11407	0.47872	1.0292	0.5064	82.252	-9.4074	-13.227	-80.36	28.859	-2.0033	-1.4507	-1.3641	-5.205	-13.645	7.6719	-2.9741	38.463	-25.28	-5.9865
-56.49	20.59	706.07	0.52633	1.0394	0.014993	0.51605	0.91924	0.10586	0.45461	0.84432	0.063005	0.54302	1.0352	0.51001	0.4153	1.032	0.49914	0.54433	1.0487	0.053243	0.47085	1.0858	0.057617	0.49372	1.1283	0.89382	0.47282	0.93147	0.11474	0.47873	1.0344	0.50612	82.552	-9.2514	-13.343	-84.331	29.374	-2.0649	-1.5281	-1.3896	-5.1944	-13.093	7.6893	-3.0459	42.469	-26.813	-6.1422
-58.95	24.912	732.45	0.52596	1.0407	0.015	0.51593	0.92	0.10672	0.45455	0.84473	0.064195	0.54305	1.0403	0.50967	0.41533	1.0374	0.49872	0.54435	1.0488	0.053159	0.47089	1.0861	0.05727	0.49386	1.1372	0.89247	0.4728	0.93237	0.11544	0.47874	1.0398	0.5058	82.858	-9.0855	-13.473	-88.406	29.878	-2.134	-1.6312	-1.4177	-5.1664	-12.471	7.6835	-3.1211	46.534	-28.449	-6.3101
-61.551	29.921	759.36	0.52562	1.0419	0.015007	0.5158	0.92076	0.10761	0.45451	0.84515	0.06544	0.54309	1.0455	0.5093	0.41537	1.043	0.49826	0.54436	1.049	0.053081	0.47094	1.0863	0.056915	0.494	1.1461	0.89106	0.4728	0.93331	0.11617	0.47876	1.0453	0.50544	83.169	-8.9082	-13.618	-92.564	30.359	-2.2126	-1.7558	-1.4477	-5.1247	-11.797	7.6558	-3.2006	50.609	-30.167	-6.4854
-64.273	35.659	786.57	0.52532	1.043	0.015013	0.51567	0.92154	0.10854	0.45448	0.8456	0.066747	0.54313	1.0509	0.50891	0.41541	1.0488	0.49775	0.54438	1.0491	0.053007	0.47099	1.0865	0.056552	0.49413	1.155	0.88959	0.47282	0.93428	0.11693	0.47877	1.0509	0.50504	83.482	-8.7176	-13.778	-96.781	30.803	-2.3016	-1.8998	-1.4792	-5.0727	-11.08	7.608	-3.2838	54.658	-31.945	-6.6621
-67.09	42.138	813.82	0.52504	1.044	0.015019	0.51555	0.92234	0.10952	0.45446	0.84607	0.068123	0.54316	1.0563	0.5085	0.41545	1.0547	0.49721	0.54439	1.0493	0.052937	0.47106	1.0868	0.056185	0.49425	1.164	0.88807	0.47285	0.9353	0.11775	0.47878	1.0567	0.50462	83.796	-8.5123	-13.954	-101.03	31.196	-2.4001	-2.0623	-1.5122	-5.0129	-10.317	7.5416	-3.3689	58.657	-33.763	-6.8328
-69.971	49.348	840.83	0.5248	1.0449	0.015024	0.51543	0.92316	0.11056	0.45446	0.84657	0.069578	0.54318	1.0618	0.50808	0.41548	1.0607	0.49662	0.54439	1.0494	0.05287	0.47115	1.087	0.055813	0.49434	1.1731	0.88653	0.4729	0.93635	0.11861	0.47878	1.0626	0.50417	84.109	-8.2908	-14.148	-105.28	31.519	-2.5068	-2.2431	-1.5473	-4.9467	-9.4963	7.4571	-3.4536	62.591	-35.597	-6.9901
-72.88	57.259	867.32	0.52457	1.0457	0.015029	0.51533	0.92402	0.11166	0.45448	0.8471	0.071124	0.54319	1.0675	0.50765	0.4155	1.0669	0.496	0.54438	1.0495	0.052806	0.47125	1.0873	0.055436	0.49441	1.1822	0.88495	0.47297	0.93745	0.11954	0.47878	1.0686	0.5037	84.42	-8.0524	-14.36	-109.49	31.753	-2.6194	-2.443	-1.5852	-4.8749	-8.5992	7.3556	-3.5348	66.451	-37.424	-7.1252
-75.775	65.823	892.92	0.52436	1.0465	0.015033	0.51524	0.92492	0.11284	0.4545	0.84767	0.072776	0.54318	1.0732	0.5072	0.41551	1.0732	0.49536	0.54436	1.0497	0.052742	0.47136	1.0876	0.055054	0.49443	1.1913	0.88335	0.47307	0.93861	0.12053	0.47877	1.0747	0.50322	84.725	-7.796	-14.59	-113.61	31.878	-2.7347	-2.6626	-1.6271	-4.7975	-7.605	7.2396	-3.6085	70.227	-39.217	-7.2273
-78.604	74.984	917.26	0.52415	1.0472	0.015037	0.51517	0.92587	0.1141	0.45454	0.84829	0.074548	0.54315	1.079	0.50676	0.4155	1.0797	0.49469	0.54433	1.0498	0.052678	0.47149	1.0879	0.054669	0.49441	1.2006	0.88174	0.47318	0.93982	0.1216	0.47874	1.081	0.50271	85.023	-7.5213	-14.84	-117.58	31.872	-2.8494	-2.9024	-1.6739	-4.7136	-6.4951	7.112	-3.6706	73.902	-40.946	-7.2833
-81.309	84.676	939.91	0.52394	1.0479	0.015041	0.51512	0.92688	0.11546	0.4546	0.84896	0.076455	0.5431	1.085	0.50631	0.41547	1.0863	0.494	0.54429	1.0499	0.052614	0.47163	1.0882	0.054281	0.49435	1.2099	0.8801	0.47331	0.9411	0.12275	0.47871	1.0874	0.50219	85.31	-7.2277	-15.108	-121.36	31.714	-2.9608	-3.1634	-1.726	-4.6224	-5.2548	6.9778	-3.7172	77.452	-42.574	-7.2798
-83.829	94.823	960.44	0.52372	1.0485	0.015045	0.5151	0.92796	0.11692	0.45467	0.8497	0.078512	0.54303	1.0911	0.50586	0.41544	1.0931	0.49329	0.54424	1.0501	0.05255	0.47178	1.0885	0.053893	0.49423	1.2193	0.87845	0.47346	0.94246	0.124	0.47866	1.0939	0.50165	85.586	-6.9149	-15.394	-124.86	31.388	-3.0668	-3.4467	-1.7832	-4.5228	-3.8737	6.8432	-3.7447	80.837	-44.059	-7.2038
-86.095	105.34	978.39	0.5235	1.0491	0.015048	0.5151	0.92912	0.11848	0.45476	0.85052	0.080734	0.54293	1.0974	0.5054	0.41539	1.1001	0.49254	0.54419	1.0502	0.052486	0.47194	1.0888	0.053508	0.49406	1.2289	0.87678	0.47363	0.94391	0.12534	0.4786	1.1007	0.50109	85.847	-6.5827	-15.697	-128.03	30.876	-3.1654	-3.7546	-1.8446	-4.4139	-2.345	6.7152	-3.7504	84.008	-45.354	-7.0447
-88.046	116.14	993.33	0.52326	1.0497	0.015051	0.51512	0.93037	0.12016	0.45486	0.85142	0.083134	0.54283	1.1038	0.50495	0.41534	1.1074	0.49176	0.54414	1.0503	0.052421	0.4721	1.0891	0.053131	0.49383	1.2386	0.87511	0.47381	0.94546	0.12678	0.47853	1.1076	0.5005	86.093	-6.231	-16.014	-130.79	30.169	-3.2547	-4.0907	-1.9092	-4.295	-0.66395	6.6002	-3.7321	86.907	-46.41	-6.797
-89.623	127.11	1004.9	0.52301	1.0503	0.015054	0.51518	0.93173	0.12196	0.45497	0.85242	0.085725	0.54271	1.1105	0.5045	0.41528	1.1148	0.49093	0.54409	1.0505	0.052356	0.47227	1.0894	0.052767	0.49353	1.2485	0.87343	0.47401	0.94712	0.12833	0.47847	1.1148	0.49989	86.322	-5.8602	-16.345	-133.08	29.264	-3.332	-4.4599	-1.9755	-4.1657	1.1726	6.5063	-3.6884	89.474	-47.18	-6.4586
-90.778	138.13	1012.7	0.52274	1.0508	0.015057	0.51527	0.9332	0.12388	0.4551	0.85352	0.088517	0.54259	1.1174	0.50403	0.41524	1.1225	0.49003	0.54405	1.0507	0.052289	0.47243	1.0897	0.052419	0.49317	1.2584	0.87176	0.47422	0.94891	0.12999	0.4784	1.1222	0.49924	86.535	-5.4706	-16.686	-134.86	28.163	-3.3942	-4.8679	-2.0423	-4.0258	3.169	6.4416	-3.6183	91.654	-47.618	-6.0299
-91.469	149.06	1016.6	0.52246	1.0513	0.01506	0.51539	0.93479	0.12592	0.45525	0.85476	0.091522	0.54247	1.1245	0.50355	0.41521	1.1305	0.48905	0.54403	1.0508	0.052221	0.47259	1.09	0.052093	0.49274	1.2685	0.8701	0.47445	0.95083	0.13176	0.47834	1.1299	0.49855	86.729	-5.0633	-17.033	-136.05	26.876	-3.4372	-5.3211	-2.1081	-3.8757	5.3313	6.4137	-3.5212	93.401	-47.683	-5.5131
-91.66	159.72	1016.2	0.52216	1.0518	0.015062	0.51555	0.93652	0.12809	0.4554	0.85614	0.09475	0.54236	1.1318	0.50303	0.41521	1.1388	0.48797	0.54402	1.051	0.052151	0.47275	1.0902	0.051792	0.49222	1.2788	0.86846	0.47469	0.95291	0.13364	0.47829	1.1378	0.49779	86.903	-4.6396	-17.384	-136.62	25.421	-3.4561	-5.8263	-2.1717	-3.7165	7.6633	6.4314	-3.3976	94.672	-47.343	-4.9134
-91.319	169.96	1011.3	0.52185	1.0523	0.015064	0.51574	0.93841	0.13039	0.45554	0.85768	0.098211	0.54226	1.1395	0.50247	0.41525	1.1474	0.48677	0.54404	1.0512	0.052077	0.4729	1.0904	0.051517	0.49162	1.2891	0.86685	0.47495	0.95515	0.13562	0.47826	1.146	0.49695	87.056	-4.2011	-17.733	-136.53	23.821	-3.4468	-6.3907	-2.2322	-3.55	10.166	6.5025	-3.25	95.43	-46.57	-4.2397
-90.416	179.55	1001.8	0.52153	1.0527	0.015066	0.51596	0.94047	0.13281	0.45568	0.85942	0.10192	0.54218	1.1474	0.50185	0.41533	1.1563	0.48544	0.54408	1.0514	0.052001	0.47304	1.0906	0.051268	0.49092	1.2996	0.86527	0.47522	0.95758	0.13771	0.47825	1.1546	0.49602	87.182	-3.7496	-18.073	-135.72	22.101	-3.4062	-7.0215	-2.2883	-3.3792	12.832	6.6329	-3.0834	95.637	-45.346	-3.5043
-88.922	188.28	987.3	0.52119	1.0531	0.015068	0.51618	0.94273	0.13536	0.45579	0.86138	0.10589	0.54214	1.1557	0.50115	0.41547	1.1656	0.48395	0.54415	1.0517	0.051925	0.47318	1.0907	0.051044	0.49012	1.3102	0.86372	0.47549	0.96023	0.13991	0.47829	1.1635	0.49499	87.278	-3.287	-18.399	-134.15	20.29	-3.3321	-7.726	-2.3391	-3.2075	15.646	6.8273	-2.905	95.255	-43.66	-2.7235
-86.811	195.88	967.62	0.52085	1.0535	0.015069	0.51641	0.94521	0.13804	0.45585	0.86359	0.11013	0.54214	1.1644	0.50036	0.41567	1.1753	0.48229	0.54424	1.0519	0.051852	0.47331	1.0908	0.050841	0.48921	1.3208	0.8622	0.47575	0.96312	0.1422	0.47837	1.1728	0.49382	87.335	-2.8149	-18.703	-131.77	18.417	-3.2225	-8.5112	-2.3834	-3.0398	18.58	7.0867	-2.7236	94.25	-41.514	-1.916
-84.065	202.08	942.49	0.52051	1.0539	0.015071	0.51662	0.94795	0.14084	0.45585	0.86612	0.11468	0.54219	1.1734	0.49948	0.41596	1.1854	0.48046	0.54436	1.0522	0.051792	0.47343	1.0908	0.050656	0.48819	1.3316	0.86072	0.47601	0.96629	0.1446	0.47852	1.1825	0.49252	87.343	-2.3347	-18.978	-128.53	16.514	-3.0759	-9.3844	-2.4203	-2.8815	21.593	7.4079	-2.5493	92.594	-38.922	-1.1033
-80.677	206.57	911.65	0.52016	1.0543	0.015072	0.5168	0.95099	0.14378	0.45575	0.869	0.11955	0.54231	1.1828	0.49848	0.41634	1.1959	0.47842	0.5445	1.0525	0.051755	0.47354	1.0909	0.050486	0.48705	1.3424	0.85928	0.47623	0.96977	0.14711	0.47875	1.1926	0.49106	87.291	-1.8481	-19.215	-124.39	14.614	-2.8921	-10.353	-2.449	-2.7387	24.63	7.7822	-2.3928	90.264	-35.916	-0.31001
-76.658	209.04	874.98	0.5198	1.0547	0.015074	0.51691	0.95436	0.14686	0.45552	0.8723	0.12476	0.54249	1.1927	0.49736	0.41684	1.2069	0.4762	0.54465	1.0529	0.051758	0.47364	1.091	0.050328	0.4858	1.3533	0.85788	0.47642	0.97359	0.14973	0.47907	1.2032	0.48943	87.162	-1.357	-19.408	-119.31	12.75	-2.6721	-11.426	-2.4693	-2.6182	27.617	8.1937	-2.265	87.249	-32.552	0.43662
-72.045	209.21	832.43	0.51944	1.0553	0.015077	0.51695	0.95811	0.1501	0.45515	0.87608	0.13035	0.54277	1.203	0.49612	0.41746	1.2184	0.47376	0.54481	1.0533	0.051824	0.47375	1.0911	0.050179	0.48444	1.3643	0.85654	0.47654	0.97782	0.15246	0.47949	1.2143	0.48763	86.941	-0.86449	-19.549	-113.29	10.959	-2.4182	-12.61	-2.4815	-2.5265	30.465	8.6195	-2.1748	83.552	-28.907	1.1095
-66.906	206.83	784.17	0.51908	1.0559	0.01508	0.51689	0.9623	0.15351	0.4546	0.8804	0.13634	0.54314	1.2138	0.49475	0.41822	1.2305	0.47113	0.54497	1.0538	0.051984	0.47385	1.0913	0.050043	0.48297	1.3752	0.85526	0.47659	0.98249	0.15532	0.48004	1.2259	0.48565	86.606	-0.37559	-19.629	-106.35	9.2781	-2.1345	-13.915	-2.4868	-2.4701	33.071	9.0289	-2.1278	79.201	-25.087	1.684
-61.343	201.73	730.58	0.51872	1.0566	0.015083	0.51671	0.96699	0.15712	0.45384	0.88536	0.14276	0.54361	1.2251	0.49325	0.41914	1.2432	0.4683	0.54512	1.0544	0.052274	0.47396	1.0916	0.049922	0.48141	1.3862	0.85405	0.47654	0.98765	0.15832	0.48071	1.2381	0.48348	86.135	0.10236	-19.643	-98.53	7.7436	-1.827	-15.349	-2.4868	-2.4551	35.317	9.3837	-2.1241	74.241	-21.214	2.1404
-55.488	193.85	672.31	0.51837	1.0575	0.015088	0.51641	0.97223	0.16094	0.45287	0.89103	0.14962	0.54419	1.237	0.49163	0.42022	1.2564	0.46528	0.54525	1.0551	0.052737	0.47408	1.0921	0.049827	0.47978	1.3971	0.85294	0.47637	0.99337	0.16148	0.48152	1.2508	0.48113	85.506	0.55824	-19.584	-89.944	6.3904	-1.5037	-16.921	-2.4839	-2.4857	37.078	9.6405	-2.1572	68.743	-17.43	2.4671
-49.494	183.25	610.28	0.51804	1.0585	0.015094	0.51596	0.9781	0.16501	0.45165	0.89749	0.15695	0.54488	1.2495	0.48988	0.42146	1.2704	0.46209	0.54535	1.0561	0.053424	0.47421	1.0928	0.04977	0.47808	1.408	0.85193	0.47607	0.99969	0.16481	0.48247	1.2642	0.47862	84.697	0.97723	-19.447	-80.742	5.244	-1.1743	-18.639	-2.4811	-2.5647	38.235	9.7557	-2.2131	62.806	-13.873	2.663
-43.521	170.19	545.69	0.51774	1.0598	0.015102	0.51536	0.98464	0.16933	0.45019	0.90482	0.16475	0.54568	1.2626	0.48802	0.42286	1.2849	0.45876	0.54541	1.0572	0.05439	0.47437	1.0939	0.049773	0.47634	1.4188	0.85107	0.47561	1.0067	0.16831	0.48355	1.2782	0.47595	83.688	1.3406	-19.23	-71.129	4.3184	-0.85076	-20.507	-2.4812	-2.6926	38.678	9.6908	-2.2722	56.544	-10.669	2.7349
-37.723	155.04	479.89	0.51747	1.0613	0.015111	0.51462	0.99193	0.17393	0.44847	0.91311	0.17301	0.54657	1.2763	0.48606	0.4244	1.3002	0.45532	0.54543	1.0587	0.05569	0.47454	1.0953	0.049858	0.47456	1.4295	0.85035	0.47498	1.0144	0.17202	0.48475	1.2928	0.47314	82.467	1.6262	-18.932	-61.351	3.6116	-0.54617	-22.526	-2.4867	-2.8676	38.317	9.4173	-2.3118	50.079	-7.916	2.6957
-32.228	138.36	414.37	0.51724	1.0631	0.015122	0.51373	1	0.17881	0.4465	0.92241	0.1817	0.54756	1.2907	0.484	0.42607	1.3161	0.45182	0.54538	1.0606	0.057379	0.47475	1.0972	0.050056	0.47278	1.4399	0.84981	0.47415	1.0228	0.17594	0.48605	1.3082	0.47024	81.029	1.8101	-18.559	-51.686	3.1025	-0.27462	-24.695	-2.4996	-3.0853	37.091	8.9216	-2.3092	43.531	-5.6708	2.5606
-27.133	120.76	350.61	0.51706	1.0652	0.015135	0.51269	1.0089	0.18398	0.44429	0.9328	0.19076	0.54861	1.3057	0.48189	0.42784	1.3327	0.4483	0.54527	1.0629	0.059504	0.47499	1.0997	0.050395	0.47101	1.4503	0.84946	0.47312	1.0321	0.18008	0.48742	1.3241	0.46729	79.381	1.869	-18.12	-42.419	2.751	-0.04902	-27.003	-2.5207	-3.3396	34.993	8.2094	-2.2457	37.026	-3.9437	2.3466
-22.5	102.9	290.01	0.51692	1.0677	0.015151	0.51151	1.0187	0.18942	0.44185	0.94432	0.20013	0.5497	1.3214	0.47974	0.42966	1.3499	0.44483	0.5451	1.0658	0.0621	0.47527	1.1029	0.050907	0.46926	1.4604	0.84931	0.47187	1.0422	0.18442	0.48884	1.3407	0.46433	77.548	1.7832	-17.632	-33.819	2.5043	0.11962	-29.436	-2.5496	-3.6229	32.073	7.3056	-2.1097	30.696	-2.7031	2.0695
-18.355	85.412	233.79	0.51684	1.0705	0.015169	0.5102	1.0294	0.1951	0.4392	0.957	0.20972	0.55082	1.3377	0.47761	0.43151	1.3677	0.44148	0.54486	1.0695	0.065185	0.47559	1.1068	0.051624	0.46756	1.4703	0.84937	0.47038	1.0531	0.18898	0.49027	1.3579	0.46143	75.568	1.5393	-17.116	-26.114	2.3042	0.2242	-31.969	-2.5846	-3.926	28.442	6.2526	-1.8996	24.668	-1.8822	1.7453
-14.701	68.846	182.92	0.51681	1.0739	0.015191	0.50877	1.0411	0.20098	0.43638	0.97082	0.21939	0.55192	1.3545	0.47554	0.43332	1.386	0.43831	0.54455	1.0739	0.068757	0.47594	1.1116	0.052574	0.46592	1.4802	0.84961	0.46868	1.0649	0.19371	0.49167	1.3757	0.45865	73.499	1.1332	-16.601	-19.464	2.0972	0.26393	-34.575	-2.6237	-4.2392	24.265	5.1079	-1.6246	19.069	-1.3887	1.3914
-11.516	53.645	138.05	0.51682	1.078	0.015218	0.50722	1.0536	0.20702	0.43339	0.98574	0.22902	0.55299	1.3719	0.47358	0.43507	1.4047	0.4354	0.54418	1.0793	0.072792	0.47632	1.1175	0.053787	0.46438	1.4899	0.85003	0.46676	1.0776	0.19859	0.49301	1.3939	0.45606	71.41	0.57181	-16.117	-13.977	1.8411	0.23524	-37.217	-2.6644	-4.5525	19.753	3.9226	-1.3016	13.978	-1.1409	1.0184
-8.7714	40.136	99.527	0.51684	1.0833	0.015253	0.50556	1.067	0.21313	0.4303	1.0017	0.23844	0.55398	1.3897	0.4718	0.43671	1.4239	0.43282	0.54376	1.0858	0.077238	0.47673	1.1244	0.055286	0.46292	1.4996	0.85059	0.46465	1.0912	0.20358	0.49424	1.4125	0.45372	69.381	-0.1265	-15.696	-9.619	1.5166	0.1548	-39.86	-2.7045	-4.8571	15.123	2.7689	-0.95815	9.5076	-1.0275	0.65388
-6.4311	28.52	67.413	0.51679	1.0908	0.015302	0.50381	1.0813	0.21926	0.42711	1.0186	0.24752	0.55487	1.4079	0.47026	0.43819	1.4433	0.43062	0.54329	1.0935	0.082022	0.47716	1.1327	0.057092	0.46159	1.5092	0.85126	0.46237	1.1056	0.20863	0.49534	1.4314	0.4517	67.494	-0.93246	-15.367	-6.3198	1.1253	0.03445	-42.466	-2.7434	-5.1459	10.598	1.7007	-0.62237	5.6994	-0.97027	0.31369
-4.4655	18.879	41.505	0.51654	1.1031	0.015381	0.50196	1.0963	0.22532	0.42388	1.0362	0.25607	0.55564	1.4264	0.46902	0.43949	1.463	0.42889	0.54278	1.1026	0.087052	0.47757	1.1422	0.059219	0.46036	1.5189	0.85203	0.45997	1.1208	0.21367	0.49629	1.4506	0.45005	65.826	-1.8083	-15.15	-4.2689	0.67432	-0.1886	-45.002	-2.7817	-5.4143	6.4348	0.64969	-0.29774	2.2596	-1.084	-0.074415
-3.1375	12.266	23.407	0.51559	1.1293	0.015551	0.50005	1.1121	0.23122	0.42063	1.0544	0.26397	0.55627	1.4452	0.46813	0.4406	1.4829	0.42765	0.54222	1.1131	0.092224	0.47796	1.1533	0.061667	0.45926	1.5286	0.85289	0.45748	1.1367	0.21865	0.49706	1.4699	0.44883	64.443	-2.711	-15.053	-2.1633	0.25376	-0.21644	-47.439	-2.8222	-5.6618	2.6422	0.049569	-0.0873	0.33205	-0.72523	-0.1821
0	0	0	NaN	NaN	NaN	0.49807	1.1284	0.23688	0.4174	1.0731	0.2711	0.55673	1.464	0.46764	0.44148	1.5028	0.42694	0.54163	1.1251	0.097424	0.47828	1.1659	0.064418	0.45827	1.5384	0.85381	0.45496	1.1533	0.22351	0.49765	1.4894	0.44806	63.394	-3.5963	-15.067	0.036883	0.002419	0.008983	-49.753	-2.8692	-5.8904	0.020666	0.04685	-0.037176	0.24543	0.086174	0.040845
