-3.9665	20.285	59.61	0.69784	0.83405	0.014136	0.70208	0.88007	0.1091	0.63096	0.84131	0.041317	0.71198	0.74364	0.50978	0.58462	0.75679	0.50294	0.73863	1.0205	0.11853	0.66809	1.0522	0.14971	0.65241	0.59217	0.86674	0.65765	0.88033	0.12469	0.65042	0.75016	0.50148	76.764	-5.4318	-21.53	0.64013	1.7273	-1.3192	-4.9603	-3.0307	-6.7794	-14.951	-0.84354	-2.1076	-31.989	-1.9851	-2.0651
-5.3469	20.631	95.996	0.69546	0.85858	0.01429	0.7019	0.88578	0.10695	0.63132	0.84593	0.04049	0.71211	0.75291	0.50835	0.58468	0.76518	0.50116	0.7372	1.0269	0.11497	0.66632	1.0584	0.14566	0.65287	0.60318	0.86562	0.65761	0.88593	0.12195	0.65048	0.75899	0.5	76.381	-5.6291	-21.552	0.60911	2.7401	-1.6835	-5.1518	-3.0329	-6.4699	-19.396	-0.31073	-2.7658	-42.126	-2.2762	-2.4328
-6.9199	18.773	140.92	0.69385	0.87435	0.014389	0.70155	0.89052	0.10471	0.63155	0.84933	0.03987	0.71225	0.76228	0.50706	0.58476	0.77372	0.49955	0.73556	1.0324	0.11073	0.66436	1.0638	0.14073	0.65341	0.61433	0.86464	0.65743	0.89072	0.11907	0.65054	0.76798	0.49869	75.859	-5.8406	-21.479	0.71675	4.0571	-2.0811	-5.4747	-3.0232	-6.1754	-23.794	0.50318	-3.4766	-52.819	-2.5422	-2.7884
-8.655	13.798	194.1	0.69262	0.88621	0.014463	0.70105	0.8945	0.10246	0.63165	0.85176	0.039485	0.71238	0.77172	0.50592	0.58484	0.78237	0.49811	0.73378	1.0372	0.10597	0.66226	1.0686	0.1351	0.65405	0.6256	0.86381	0.65711	0.89495	0.11617	0.65058	0.77709	0.49756	75.191	-6.0743	-21.296	0.87588	5.6768	-2.4379	-5.881	-3.0027	-5.8934	-27.28	1.7016	-4.1335	-62.37	-2.6859	-3.0186
-10.522	4.8902	254.57	0.6916	0.89607	0.014525	0.70044	0.89795	0.10031	0.63165	0.85346	0.039349	0.7125	0.78121	0.50493	0.58491	0.7911	0.49684	0.7319	1.0413	0.10087	0.66007	1.0729	0.12896	0.65477	0.63699	0.86313	0.65664	0.89887	0.11337	0.65061	0.78626	0.49658	74.388	-6.3427	-20.997	1.0957	7.6112	-2.734	-6.329	-2.9714	-5.6155	-29.51	3.2264	-4.7051	-70.176	-2.7624	-3.1574
-12.523	-8.2929	321.01	0.69075	0.90475	0.014579	0.69975	0.90104	0.098346	0.63156	0.85466	0.03946	0.7126	0.79073	0.50409	0.58498	0.79989	0.49575	0.72997	1.045	0.095609	0.65785	1.0768	0.12251	0.65558	0.64848	0.86264	0.65603	0.90266	0.11077	0.65062	0.79548	0.49575	73.474	-6.6613	-20.589	1.3173	9.8451	-2.9223	-6.7894	-2.9292	-5.3288	-30.024	5.0334	-5.1288	-75.295	-2.8017	-3.2101
-14.714	-25.374	392.19	0.69005	0.9126	0.014629	0.69901	0.90389	0.096637	0.63142	0.85552	0.039795	0.71267	0.8003	0.50344	0.58501	0.80873	0.49487	0.72804	1.0482	0.090358	0.65566	1.0805	0.11593	0.65647	0.66005	0.86233	0.65527	0.90643	0.10843	0.6506	0.80474	0.49508	72.492	-7.0464	-20.094	1.498	12.369	-2.9822	-7.2505	-2.8759	-5.0196	-28.762	7.0208	-5.3861	-77.594	-2.9002	-3.2449
-17.206	-45.451	467.03	0.68952	0.91968	0.014673	0.69826	0.90656	0.095215	0.63125	0.85616	0.040314	0.71272	0.80994	0.50298	0.58503	0.81762	0.49421	0.72618	1.0512	0.085266	0.65357	1.0839	0.10943	0.65743	0.67168	0.8622	0.65438	0.91021	0.1064	0.65055	0.81404	0.4946	71.503	-7.5119	-19.547	1.6048	15.17	-2.9084	-7.7188	-2.8132	-4.6785	-25.864	9.0674	-5.4799	-77.371	-3.1924	-3.3593
-20.117	-67.425	544.27	0.68917	0.92606	0.014714	0.69751	0.90909	0.094088	0.63106	0.85666	0.040964	0.71273	0.81968	0.50274	0.585	0.82658	0.49381	0.72443	1.0538	0.080464	0.65161	1.0871	0.10315	0.65846	0.68334	0.86226	0.65338	0.91395	0.10468	0.65048	0.8234	0.4943	70.577	-8.065	-18.982	1.6129	18.222	-2.7003	-8.2139	-2.7445	-4.3041	-21.506	11.049	-5.4163	-75.041	-3.8207	-3.6508
-23.514	-90.237	622.3	0.68897	0.93177	0.014751	0.69677	0.91145	0.093247	0.63088	0.85707	0.041692	0.7127	0.82957	0.50273	0.58494	0.83561	0.49367	0.72282	1.0561	0.076062	0.64982	1.0899	0.097257	0.65955	0.695	0.86251	0.65231	0.91757	0.10326	0.65038	0.83284	0.49422	69.78	-8.7047	-18.433	1.5024	21.471	-2.3549	-8.7599	-2.6749	-3.9046	-15.836	12.849	-5.193	-70.959	-4.9098	-4.1945
-27.394	-112.94	699.15	0.6889	0.9369	0.014784	0.69606	0.91363	0.092667	0.63072	0.85742	0.042447	0.71264	0.83961	0.50293	0.58484	0.84468	0.49381	0.72138	1.0581	0.07214	0.64823	1.0924	0.091846	0.66067	0.70665	0.86293	0.65121	0.92096	0.10212	0.65027	0.84236	0.49434	69.163	-9.4209	-17.921	1.2513	24.839	-1.8639	-9.3755	-2.6093	-3.4962	-8.9704	14.371	-4.7952	-65.367	-6.5406	-5.0238
-31.681	-134.67	772.95	0.68892	0.9415	0.014815	0.69537	0.91563	0.092317	0.63057	0.85774	0.04319	0.71254	0.84977	0.50332	0.5847	0.85377	0.49419	0.72011	1.0599	0.068742	0.64681	1.0945	0.086986	0.66182	0.71827	0.8635	0.65014	0.92405	0.10122	0.65014	0.85195	0.49467	68.757	-10.196	-17.459	0.83652	28.237	-1.2209	-10.065	-2.5501	-3.0981	-1.0891	15.545	-4.2061	-58.534	-8.7374	-6.1267
-36.267	-154.69	842.32	0.68901	0.94562	0.014842	0.69472	0.91743	0.09216	0.63044	0.85803	0.043889	0.71241	0.85999	0.50385	0.58454	0.86283	0.49477	0.719	1.0614	0.065878	0.64558	1.0963	0.082709	0.66298	0.72984	0.86422	0.64913	0.92678	0.10055	0.65001	0.86156	0.49516	68.568	-11.01	-17.049	0.23848	31.588	-0.43175	-10.818	-2.4962	-2.7272	7.5445	16.327	-3.4189	-50.79	-11.48	-7.4636
-41.057	-172.45	906.44	0.68914	0.94932	0.014866	0.69411	0.91904	0.092158	0.63034	0.85829	0.044523	0.71228	0.87018	0.50448	0.58438	0.87178	0.49551	0.71806	1.0626	0.063528	0.64453	1.0979	0.079011	0.66415	0.74137	0.86506	0.6482	0.92917	0.10007	0.64989	0.87112	0.49578	68.585	-11.84	-16.686	-0.55386	34.826	0.48184	-11.61	-2.444	-2.3959	16.613	16.69	-2.441	-42.49	-14.723	-8.985
-45.974	-187.59	964.9	0.68931	0.95261	0.014888	0.69355	0.92045	0.09227	0.63025	0.85853	0.045081	0.71215	0.88023	0.50515	0.58423	0.88054	0.49632	0.71727	1.0636	0.061649	0.64362	1.0991	0.075865	0.66532	0.75284	0.86601	0.64738	0.93121	0.099758	0.64979	0.88053	0.49647	68.784	-12.663	-16.362	-1.5409	37.904	1.4849	-12.407	-2.389	-2.1117	25.789	16.625	-1.2937	-33.949	-18.401	-10.639
-50.912	-199.88	1017.5	0.6895	0.95554	0.014908	0.69305	0.92169	0.09246	0.63019	0.85875	0.045559	0.71205	0.89002	0.50581	0.58412	0.88904	0.49714	0.71661	1.0644	0.060187	0.64286	1.1	0.073227	0.66648	0.76424	0.86706	0.64665	0.93295	0.099572	0.64972	0.88969	0.49718	69.136	-13.457	-16.068	-2.7136	40.785	2.5397	-13.177	-2.3272	-1.8784	34.767	16.158	-0.009146	-25.421	-22.41	-12.353
-55.701	-209.2	1064	0.68971	0.95814	0.014926	0.6926	0.92275	0.092695	0.63015	0.85894	0.045957	0.71199	0.89944	0.50641	0.58407	0.8972	0.49791	0.71606	1.0651	0.059079	0.64223	1.1008	0.071044	0.66763	0.77556	0.8682	0.64602	0.93443	0.099484	0.6497	0.89852	0.49785	69.61	-14.201	-15.794	-4.0566	43.433	3.6103	-13.889	-2.2573	-1.6993	43.269	15.364	1.3678	-17.114	-26.583	-14.032
-60.123	-215.51	1104.3	0.68991	0.96042	0.014941	0.69221	0.92365	0.092947	0.63012	0.85911	0.046282	0.71198	0.90841	0.50692	0.58407	0.90497	0.4986	0.71562	1.0656	0.058263	0.64171	1.1013	0.069259	0.66875	0.78678	0.86941	0.64548	0.93569	0.099464	0.64972	0.90694	0.49845	70.177	-14.875	-15.532	-5.5516	45.816	4.6611	-14.516	-2.1799	-1.5777	51.057	14.348	2.7794	-9.1919	-30.719	-15.573
-63.98	-218.85	1138.1	0.6901	0.96243	0.014955	0.69187	0.92441	0.093198	0.63011	0.85926	0.046541	0.71202	0.91688	0.50733	0.58414	0.9123	0.49916	0.71527	1.066	0.057683	0.64129	1.1018	0.067819	0.66984	0.79788	0.87068	0.64503	0.93675	0.099486	0.6498	0.91488	0.49894	70.81	-15.461	-15.276	-7.1818	47.908	5.6562	-15.042	-2.0973	-1.5171	57.934	13.224	4.1592	-1.7826	-34.612	-16.893
-67.138	-219.33	1165.1	0.69028	0.9642	0.014967	0.69159	0.92503	0.093434	0.63011	0.85938	0.046745	0.71212	0.9248	0.50762	0.58427	0.91919	0.4996	0.71499	1.0663	0.057285	0.64096	1.1021	0.06667	0.67089	0.80883	0.87202	0.64465	0.93766	0.09953	0.64992	0.92232	0.49931	71.484	-15.944	-15.023	-8.9349	49.691	6.5619	-15.455	-2.013	-1.521	63.749	12.093	5.4429	5.0148	-38.1	-17.947
-69.543	-217.14	1185.4	0.69047	0.96577	0.014978	0.69135	0.92554	0.093645	0.63012	0.85949	0.046904	0.71227	0.93216	0.50781	0.58445	0.92562	0.49992	0.71478	1.0665	0.057026	0.6407	1.1023	0.065767	0.67188	0.81961	0.8734	0.64433	0.93844	0.099586	0.65009	0.92923	0.49957	72.179	-16.315	-14.772	-10.801	51.155	7.3495	-15.751	-1.9309	-1.5902	68.391	11.033	6.5762	11.125	-41.075	-18.717
-71.201	-212.52	1198.8	0.69066	0.96719	0.014988	0.69115	0.92596	0.093827	0.63014	0.85957	0.047031	0.71247	0.93895	0.50789	0.58469	0.93161	0.50014	0.71462	1.0667	0.056865	0.6405	1.1024	0.065066	0.67283	0.83022	0.87482	0.64408	0.9391	0.099647	0.65031	0.93562	0.49974	72.877	-16.566	-14.522	-12.769	52.302	7.9981	-15.931	-1.8553	-1.7223	71.794	10.103	7.5186	16.491	-43.474	-19.208
-72.15	-205.77	1205.4	0.69089	0.96851	0.014997	0.69098	0.92629	0.093978	0.63015	0.85964	0.047136	0.71272	0.94518	0.5079	0.58497	0.93717	0.50028	0.7145	1.0668	0.056772	0.64036	1.1025	0.064529	0.67371	0.84065	0.87625	0.64388	0.93967	0.099712	0.65056	0.9415	0.49983	73.561	-16.696	-14.277	-14.826	53.139	8.4954	-15.996	-1.7904	-1.9105	73.933	9.3461	8.244	21.082	-45.269	-19.431
-72.453	-197.21	1205.6	0.69116	0.96976	0.015006	0.69085	0.92656	0.094099	0.63016	0.8597	0.047227	0.71301	0.95086	0.50785	0.5853	0.94232	0.50036	0.71442	1.0669	0.056723	0.64027	1.1025	0.064121	0.67453	0.85091	0.8777	0.64375	0.94015	0.099786	0.65086	0.94689	0.49988	74.219	-16.709	-14.04	-16.957	53.679	8.8376	-15.952	-1.74	-2.1436	74.827	8.7913	8.7413	24.896	-46.46	-19.401
-72.193	-187.19	1199.6	0.69149	0.97099	0.015015	0.69075	0.92677	0.094196	0.63016	0.85975	0.047314	0.71336	0.95601	0.50776	0.58566	0.94708	0.50041	0.71437	1.067	0.056697	0.64021	1.1026	0.063812	0.67528	0.86101	0.87914	0.64368	0.94058	0.099873	0.65119	0.9518	0.4999	74.84	-16.616	-13.817	-19.14	53.941	9.0291	-15.804	-1.7068	-2.4074	74.534	8.444	9.0146	27.965	-47.076	-19.143
-71.479	-176.08	1187.9	0.69187	0.97223	0.015024	0.69067	0.92694	0.094276	0.63016	0.8598	0.047402	0.71375	0.96065	0.50766	0.58606	0.95149	0.50045	0.71435	1.067	0.056681	0.64019	1.1026	0.063578	0.67597	0.87095	0.88058	0.64368	0.94094	0.099975	0.65155	0.95628	0.49992	75.415	-16.432	-13.61	-21.353	53.947	9.0794	-15.558	-1.6912	-2.6859	73.145	8.2854	9.0807	30.345	-47.176	-18.688
-70.432	-164.23	1170.9	0.69234	0.97353	0.015034	0.69062	0.92709	0.094345	0.63015	0.85984	0.047498	0.71418	0.96481	0.50756	0.58649	0.95555	0.50049	0.71436	1.0671	0.056665	0.6402	1.1026	0.063398	0.67659	0.88077	0.88201	0.64374	0.94125	0.1001	0.65195	0.96034	0.49995	75.94	-16.177	-13.423	-23.572	53.723	9.0019	-15.22	-1.6913	-2.9622	70.773	8.2767	8.9652	32.108	-46.841	-18.076
-69.177	-151.97	1149.2	0.6929	0.97493	0.015045	0.6906	0.92723	0.094409	0.63014	0.85988	0.047605	0.71466	0.96855	0.50748	0.58696	0.95931	0.50053	0.71438	1.0671	0.056641	0.64022	1.1026	0.063256	0.67715	0.89046	0.88344	0.64387	0.94152	0.10024	0.65239	0.96403	0.50002	76.413	-15.871	-13.258	-25.775	53.3	8.8127	-14.798	-1.7033	-3.2201	67.551	8.367	8.6985	33.34	-46.158	-17.346
-67.833	-139.6	1123.4	0.69356	0.97645	0.015057	0.6906	0.92735	0.094474	0.63011	0.85993	0.047726	0.71518	0.97189	0.50742	0.58746	0.96278	0.50059	0.71442	1.0671	0.056605	0.64026	1.1026	0.063138	0.67764	0.90005	0.88485	0.64406	0.94176	0.10041	0.65285	0.96738	0.50012	76.833	-15.538	-13.116	-27.94	52.71	8.5294	-14.298	-1.722	-3.4451	63.626	8.5009	8.3137	34.13	-45.223	-16.538
-66.505	-127.4	1094	0.69434	0.97815	0.01507	0.69062	0.92748	0.094543	0.63009	0.85997	0.047864	0.71573	0.9749	0.50739	0.588	0.966	0.50065	0.71447	1.0672	0.056556	0.64032	1.1027	0.063035	0.67808	0.90955	0.88626	0.64429	0.94195	0.10061	0.65334	0.97043	0.50026	77.203	-15.199	-12.999	-30.051	51.983	8.171	-13.729	-1.7422	-3.625	59.148	8.626	7.8439	34.57	-44.123	-15.683
-65.273	-115.57	1061.6	0.69524	0.98005	0.015085	0.69066	0.92761	0.094618	0.63006	0.86003	0.048021	0.71631	0.97763	0.5074	0.58855	0.969	0.50072	0.71454	1.0672	0.056492	0.64039	1.1027	0.06294	0.67845	0.91899	0.88765	0.64455	0.94212	0.10084	0.65385	0.97323	0.50043	77.527	-14.87	-12.905	-32.095	51.147	7.7562	-13.099	-1.7589	-3.7511	54.263	8.7017	7.3188	34.738	-42.938	-14.808
-64.182	-104.31	1026.9	0.69626	0.98218	0.015102	0.69071	0.92774	0.094704	0.63002	0.86008	0.048198	0.71691	0.98013	0.50743	0.58913	0.97181	0.50078	0.71461	1.0672	0.056415	0.64047	1.1028	0.062848	0.67876	0.92838	0.88902	0.64485	0.94227	0.1011	0.65438	0.97581	0.50064	77.808	-14.564	-12.833	-34.066	50.229	7.3023	-12.417	-1.7684	-3.8194	49.107	8.7045	6.763	34.695	-41.726	-13.928
-63.242	-93.728	990.52	0.69741	0.98457	0.015121	0.69078	0.9279	0.094801	0.62999	0.86014	0.048396	0.71752	0.98244	0.5075	0.58972	0.97446	0.50084	0.71469	1.0673	0.056325	0.64056	1.1028	0.062755	0.67902	0.93774	0.89036	0.64516	0.94239	0.10139	0.65493	0.97822	0.50089	78.051	-14.29	-12.781	-35.96	49.255	6.8248	-11.693	-1.7679	-3.8314	43.807	8.6299	6.1949	34.481	-40.518	-13.057
-62.433	-83.899	953.07	0.69868	0.98724	0.015142	0.69085	0.92806	0.094912	0.62995	0.86021	0.048617	0.71815	0.98461	0.5076	0.59033	0.97698	0.50089	0.71478	1.0674	0.056225	0.64065	1.1029	0.062658	0.67922	0.94707	0.89166	0.6455	0.94251	0.10171	0.65548	0.98049	0.50118	78.261	-14.048	-12.748	-37.782	48.25	6.3373	-10.936	-1.756	-3.7939	38.471	8.4895	5.6282	34.12	-39.327	-12.201
-61.713	-74.856	915.3	0.70006	0.9902	0.015165	0.69092	0.92824	0.095038	0.62992	0.86029	0.048862	0.71877	0.98669	0.50773	0.59094	0.9794	0.50094	0.71487	1.0674	0.056116	0.64075	1.103	0.062557	0.67938	0.95636	0.89293	0.64583	0.94261	0.10207	0.65602	0.98267	0.5015	78.443	-13.837	-12.729	-39.54	47.232	5.8513	-10.157	-1.7319	-3.7193	33.195	8.3043	5.0729	33.625	-38.152	-11.365
-61.041	-66.6	877.93	0.70153	0.99345	0.015191	0.69099	0.92844	0.095179	0.62989	0.86037	0.049132	0.7194	0.9887	0.50789	0.59155	0.98173	0.50098	0.71497	1.0675	0.056	0.64085	1.1031	0.062449	0.67949	0.96562	0.89415	0.64617	0.94272	0.10247	0.65656	0.98478	0.50185	78.602	-13.649	-12.723	-41.247	46.22	5.3755	-9.3653	-1.6962	-3.6232	28.058	8.1	4.5363	33.005	-36.986	-10.554
-60.38	-59.105	841.67	0.70307	0.99698	0.015218	0.69106	0.92865	0.095333	0.62986	0.86046	0.04943	0.72001	0.99068	0.50807	0.59215	0.98401	0.50102	0.71506	1.0676	0.055879	0.64096	1.1032	0.062333	0.67956	0.97485	0.89531	0.6465	0.94284	0.10291	0.65709	0.98686	0.50223	78.745	-13.474	-12.727	-42.919	45.228	4.9169	-8.5713	-1.6501	-3.5239	23.129	7.903	4.0236	32.278	-35.822	-9.7711
-59.715	-52.338	807.22	0.70465	1.0008	0.015247	0.69112	0.92888	0.095501	0.62982	0.86056	0.049756	0.7206	0.99265	0.50828	0.59274	0.98624	0.50106	0.71516	1.0677	0.055754	0.64107	1.1033	0.062211	0.67959	0.98404	0.8964	0.64684	0.94297	0.10338	0.6576	0.98894	0.50264	78.876	-13.3	-12.739	-44.581	44.272	4.481	-7.7849	-1.5954	-3.4389	18.459	7.7354	3.5397	31.47	-34.659	-9.0239
-59.048	-46.258	775.22	0.70625	1.0048	0.015278	0.69117	0.92913	0.095683	0.62979	0.86067	0.050112	0.72117	0.99467	0.5085	0.59332	0.98847	0.5011	0.71526	1.0678	0.055627	0.64118	1.1034	0.062081	0.67959	0.99319	0.89741	0.64717	0.94312	0.10388	0.65809	0.99105	0.50306	79	-13.118	-12.757	-46.259	43.368	4.0726	-7.016	-1.5343	-3.3832	14.091	7.6122	3.0893	30.622	-33.511	-8.3198
-58.401	-40.827	746.24	0.70783	1.009	0.015311	0.69123	0.9294	0.09588	0.62977	0.86078	0.0505	0.72172	0.99674	0.50873	0.59386	0.9907	0.50114	0.71535	1.0679	0.055499	0.64129	1.1036	0.061944	0.67956	1.0023	0.89831	0.6475	0.94329	0.1044	0.65854	0.99321	0.50349	79.124	-12.92	-12.778	-47.978	42.531	3.6956	-6.2741	-1.4692	-3.3672	10.056	7.5424	2.6767	29.791	-32.397	-7.6655
-57.799	-36.001	720.73	0.70937	1.0134	0.015343	0.69127	0.9297	0.096094	0.62974	0.86091	0.050922	0.72223	0.9989	0.50896	0.59438	0.99299	0.50118	0.71545	1.068	0.05537	0.64141	1.1037	0.061801	0.67951	1.0113	0.89911	0.64782	0.94349	0.10495	0.65897	0.99545	0.50393	79.25	-12.702	-12.803	-49.764	41.775	3.3534	-5.5678	-1.4028	-3.3957	6.3764	7.5306	2.3057	29.041	-31.338	-7.0652
-57.267	-31.736	699.02	0.71083	1.0178	0.015377	0.69132	0.93001	0.096328	0.62972	0.86105	0.05138	0.7227	1.0012	0.5092	0.59486	0.99536	0.50123	0.71554	1.0681	0.055241	0.64153	1.1039	0.06165	0.67942	1.0203	0.89979	0.64813	0.94372	0.10551	0.65935	0.99782	0.50436	79.383	-12.462	-12.831	-51.637	41.112	3.0493	-4.9053	-1.3375	-3.4679	3.0658	7.5777	1.9792	28.443	-30.357	-6.52
-56.821	-27.983	681.34	0.71218	1.0223	0.01541	0.69136	0.93036	0.096587	0.62971	0.8612	0.051877	0.72313	1.0036	0.50943	0.5953	0.99784	0.50129	0.71563	1.0682	0.055114	0.64165	1.1041	0.061493	0.67932	1.0293	0.90033	0.64842	0.94399	0.1061	0.6597	1.0003	0.50479	79.526	-12.204	-12.861	-53.611	40.549	2.7861	-4.2936	-1.2753	-3.5779	0.13433	7.6807	1.6997	28.067	-29.472	-6.0279
-56.469	-24.691	667.79	0.71338	1.0266	0.015442	0.69141	0.93074	0.096877	0.62969	0.86137	0.052414	0.72352	1.0062	0.50965	0.59569	1.0005	0.50135	0.71572	1.0683	0.054989	0.64178	1.1042	0.06133	0.6792	1.0382	0.90073	0.6487	0.94429	0.1067	0.66001	1.003	0.5052	79.682	-11.931	-12.894	-55.695	40.088	2.5669	-3.7391	-1.218	-3.7159	-2.413	7.8356	1.4689	27.98	-28.694	-5.5841
-56.204	-21.801	658.37	0.71439	1.0309	0.015472	0.69146	0.93117	0.097205	0.62968	0.86155	0.052993	0.72385	1.009	0.50985	0.59603	1.0033	0.50141	0.7158	1.0685	0.054867	0.6419	1.1044	0.061159	0.67907	1.047	0.90099	0.64894	0.94464	0.10732	0.66027	1.0059	0.50558	79.852	-11.65	-12.929	-57.895	39.73	2.3944	-3.2464	-1.167	-3.8699	-4.5757	8.0404	1.2879	28.241	-28.027	-5.1818
-56.006	-19.254	652.99	0.71518	1.0349	0.015501	0.69151	0.93164	0.097576	0.62966	0.86176	0.053616	0.72414	1.012	0.51004	0.59633	1.0063	0.50148	0.71588	1.0686	0.054749	0.64203	1.1047	0.060979	0.67894	1.0558	0.9011	0.64914	0.94502	0.10795	0.6605	1.0089	0.50593	80.037	-11.367	-12.968	-60.21	39.473	2.2703	-2.8186	-1.123	-4.027	-6.3579	8.2951	1.1567	28.896	-27.462	-4.8119
-55.852	-16.987	651.47	0.71573	1.0386	0.015527	0.69156	0.93216	0.097996	0.62965	0.86199	0.054287	0.72438	1.0151	0.51019	0.59657	1.0096	0.50154	0.71596	1.0688	0.054634	0.64216	1.1049	0.060792	0.6788	1.0645	0.90106	0.64931	0.94545	0.10859	0.66068	1.0122	0.50623	80.239	-11.09	-13.01	-62.641	39.313	2.1964	-2.4562	-1.0865	-4.1753	-7.7694	8.6021	1.0753	29.978	-26.985	-4.4642
-55.717	-14.934	653.57	0.71605	1.0421	0.01555	0.69163	0.93274	0.098472	0.62963	0.86224	0.055004	0.72457	1.0185	0.51031	0.59676	1.0131	0.50158	0.71603	1.0689	0.054524	0.64228	1.1051	0.060595	0.67867	1.0732	0.90087	0.64943	0.94591	0.10924	0.66083	1.0157	0.50649	80.455	-10.824	-13.056	-65.188	39.244	2.1736	-2.1582	-1.0574	-4.3055	-8.8269	8.9626	1.0431	31.506	-26.581	-4.129
-55.586	-13.024	659.01	0.71614	1.0452	0.015571	0.69169	0.93337	0.099007	0.62961	0.8625	0.055768	0.72472	1.0221	0.51039	0.59691	1.0168	0.5016	0.7161	1.0691	0.054419	0.6424	1.1054	0.060388	0.67855	1.0818	0.90054	0.64951	0.94642	0.10991	0.66094	1.0195	0.50669	80.686	-10.571	-13.106	-67.851	39.257	2.2017	-1.9214	-1.0356	-4.412	-9.5539	9.3756	1.0589	33.477	-26.238	-3.7987
-55.459	-11.177	667.51	0.71602	1.048	0.015589	0.69176	0.93405	0.0996	0.62958	0.86279	0.056575	0.72484	1.0259	0.51044	0.59703	1.0208	0.50159	0.71615	1.0693	0.054318	0.64252	1.1056	0.060169	0.67844	1.0904	0.90007	0.64956	0.94697	0.11057	0.66102	1.0234	0.50683	80.93	-10.333	-13.162	-70.635	39.343	2.2793	-1.7412	-1.0207	-4.4934	-9.9814	9.8371	1.1205	35.873	-25.952	-3.4689
-55.345	-9.3009	678.79	0.71573	1.0505	0.015605	0.69183	0.93477	0.10025	0.62955	0.86308	0.057421	0.72493	1.0299	0.51043	0.59712	1.0249	0.50153	0.71621	1.0694	0.054221	0.64262	1.1059	0.059935	0.67835	1.0989	0.89947	0.64958	0.94756	0.11124	0.66109	1.0275	0.50691	81.186	-10.108	-13.226	-73.544	39.494	2.4033	-1.6115	-1.0124	-4.5516	-10.147	10.341	1.2249	38.657	-25.725	-3.1382
-55.269	-7.295	692.61	0.7153	1.0527	0.015618	0.6919	0.93553	0.10094	0.62951	0.86338	0.058299	0.72501	1.034	0.51038	0.59719	1.0293	0.50143	0.71625	1.0696	0.054128	0.64271	1.1061	0.059684	0.67829	1.1074	0.89874	0.64958	0.94819	0.1119	0.66113	1.0318	0.50693	81.451	-9.8953	-13.298	-76.584	39.705	2.5693	-1.5257	-1.0103	-4.5904	-10.095	10.878	1.3675	41.78	-25.568	-2.8087
-55.273	-5.0519	708.75	0.71476	1.0547	0.015629	0.69198	0.93631	0.10168	0.62947	0.86368	0.059202	0.72507	1.0383	0.51028	0.59725	1.0338	0.50128	0.71628	1.0698	0.054038	0.64278	1.1063	0.059414	0.67826	1.1159	0.89789	0.64957	0.94886	0.11256	0.66117	1.0363	0.50688	81.726	-9.6936	-13.379	-79.762	39.973	2.7718	-1.4764	-1.0139	-4.6141	-9.8708	11.434	1.5432	45.184	-25.505	-2.4845
-55.41	-2.4641	727.05	0.71416	1.0564	0.015639	0.69204	0.9371	0.10244	0.62942	0.86399	0.060125	0.72514	1.0427	0.51012	0.5973	1.0385	0.50107	0.71631	1.0699	0.05395	0.64284	1.1066	0.059125	0.67826	1.1244	0.89693	0.64957	0.94956	0.1132	0.66121	1.0409	0.50677	82.007	-9.5023	-13.469	-83.087	40.299	3.0043	-1.4557	-1.0229	-4.6264	-9.5228	11.991	1.7459	48.812	-25.569	-2.1716
-55.748	0.57513	747.33	0.71353	1.058	0.015647	0.6921	0.93788	0.10322	0.62938	0.86429	0.061061	0.7252	1.0472	0.5099	0.59737	1.0432	0.5008	0.71633	1.0701	0.053864	0.64287	1.1068	0.058818	0.67829	1.1329	0.89586	0.64958	0.95029	0.11383	0.66125	1.0456	0.5066	82.295	-9.322	-13.569	-86.562	40.687	3.259	-1.4561	-1.0367	-4.6296	-9.096	12.523	1.9684	52.605	-25.804	-1.8771
-56.356	4.1668	769.44	0.71291	1.0593	0.015654	0.69216	0.93866	0.10401	0.62935	0.86459	0.062007	0.72528	1.0517	0.50963	0.59744	1.048	0.50049	0.71634	1.0702	0.053779	0.64289	1.107	0.058497	0.67835	1.1413	0.89468	0.6496	0.95104	0.11445	0.66131	1.0503	0.50636	82.587	-9.154	-13.677	-90.19	41.144	3.5277	-1.4709	-1.0547	-4.625	-8.6325	13.007	2.2037	56.511	-26.253	-1.608
-57.294	8.4047	793.19	0.71232	1.0605	0.01566	0.69221	0.93942	0.1048	0.62933	0.86489	0.062959	0.72538	1.0564	0.50931	0.59754	1.0529	0.50013	0.71635	1.0703	0.053694	0.6429	1.1072	0.058166	0.67843	1.1498	0.8934	0.64965	0.95181	0.11506	0.66139	1.0551	0.50608	82.884	-8.9996	-13.795	-93.967	41.673	3.8022	-1.4941	-1.0768	-4.6127	-8.1706	13.42	2.4445	60.476	-26.956	-1.3697
-58.606	13.374	818.4	0.71178	1.0615	0.015665	0.69226	0.94016	0.10558	0.62932	0.86519	0.063917	0.72549	1.0611	0.50893	0.59764	1.0578	0.49972	0.71635	1.0705	0.053607	0.64292	1.1074	0.057831	0.67853	1.1583	0.89202	0.64973	0.9526	0.11566	0.66149	1.06	0.50574	83.185	-8.8591	-13.921	-97.887	42.275	4.0738	-1.5211	-1.1024	-4.5925	-7.7431	13.74	2.6835	64.449	-27.941	-1.1653
-60.311	19.146	844.84	0.7113	1.0623	0.015669	0.6923	0.94088	0.10636	0.62934	0.86549	0.064884	0.72562	1.0658	0.50851	0.59777	1.0627	0.49929	0.71635	1.0706	0.053518	0.64293	1.1075	0.057496	0.67865	1.1669	0.89056	0.64984	0.9534	0.11626	0.66161	1.0649	0.50535	83.487	-8.7314	-14.058	-101.94	42.942	4.3345	-1.5482	-1.1313	-4.5644	-7.3765	13.952	2.9137	68.387	-29.223	-0.99539
-62.402	25.776	872.27	0.71089	1.0631	0.015673	0.69234	0.94159	0.10714	0.62937	0.8658	0.065863	0.72577	1.0706	0.50805	0.59791	1.0676	0.49882	0.71634	1.0707	0.053426	0.64296	1.1077	0.057164	0.67877	1.1754	0.88902	0.64999	0.9542	0.11687	0.66176	1.0698	0.50492	83.791	-8.6136	-14.204	-106.1	43.66	4.5774	-1.5737	-1.163	-4.5287	-7.0877	14.049	3.1292	72.252	-30.796	-0.85667
-64.848	33.293	900.43	0.71052	1.0637	0.015676	0.69238	0.94229	0.10793	0.62942	0.86611	0.066863	0.72593	1.0754	0.50755	0.59807	1.0726	0.49833	0.71633	1.0708	0.053331	0.64301	1.1078	0.056836	0.6789	1.1841	0.88741	0.65016	0.95503	0.11748	0.66192	1.0748	0.50447	84.096	-8.5009	-14.359	-110.36	44.407	4.7971	-1.5975	-1.1971	-4.4861	-6.8811	14.028	3.3253	76.02	-32.636	-0.74316
-67.595	41.696	929.02	0.71021	1.0642	0.015679	0.69241	0.94298	0.10872	0.62949	0.86642	0.067894	0.7261	1.0802	0.50704	0.59824	1.0776	0.49782	0.71631	1.0709	0.053234	0.64307	1.108	0.056511	0.67903	1.1927	0.88574	0.65037	0.95586	0.11813	0.6621	1.0797	0.50399	84.401	-8.3871	-14.525	-114.7	45.153	4.9903	-1.6214	-1.233	-4.4376	-6.7463	13.898	3.4989	79.678	-34.701	-0.64705
-70.569	50.95	957.73	0.70992	1.0647	0.015681	0.69244	0.94367	0.10955	0.62957	0.86676	0.068968	0.72627	1.085	0.50652	0.59841	1.0826	0.49729	0.7163	1.071	0.053136	0.64316	1.1082	0.056187	0.67915	1.2014	0.88403	0.6506	0.95671	0.11881	0.66229	1.0848	0.50349	84.706	-8.265	-14.699	-119.07	45.864	5.1558	-1.6488	-1.2703	-4.3841	-6.6576	13.67	3.649	83.231	-36.935	-0.55946
-73.685	60.987	986.21	0.70967	1.0651	0.015683	0.69247	0.94438	0.11041	0.62967	0.86711	0.070103	0.72645	1.0899	0.50599	0.59858	1.0877	0.49675	0.71628	1.071	0.05304	0.64326	1.1083	0.055863	0.67927	1.2102	0.88228	0.65084	0.95759	0.11954	0.66247	1.0899	0.50298	85.011	-8.1275	-14.883	-123.45	46.501	5.2953	-1.6842	-1.3085	-4.3266	-6.5765	13.362	3.7776	86.696	-39.271	-0.47118
-76.852	71.722	1014.1	0.70942	1.0655	0.015685	0.69249	0.94511	0.11132	0.62978	0.8675	0.071314	0.72661	1.0948	0.50546	0.59874	1.093	0.49618	0.71626	1.0711	0.052949	0.64338	1.1085	0.055537	0.67937	1.219	0.88051	0.6511	0.95851	0.12033	0.66265	1.0951	0.50247	85.313	-7.9683	-15.077	-127.8	47.024	5.4118	-1.7332	-1.3474	-4.2647	-6.4574	12.994	3.8881	90.09	-41.639	-0.37389
-79.973	83.061	1041.1	0.70917	1.0659	0.015687	0.69251	0.94587	0.1123	0.6299	0.86791	0.072622	0.72677	1.0999	0.50495	0.5989	1.0983	0.49559	0.71623	1.0712	0.052864	0.64352	1.1087	0.055206	0.67946	1.2278	0.87874	0.65137	0.95946	0.12119	0.66282	1.1004	0.50195	85.613	-7.7825	-15.281	-132.08	47.39	5.5093	-1.8014	-1.3868	-4.197	-6.253	12.587	3.9851	93.429	-43.963	-0.2581
-82.952	94.909	1066.7	0.70891	1.0662	0.015688	0.69254	0.94668	0.11336	0.63003	0.86838	0.074044	0.72691	1.105	0.50445	0.59905	1.1039	0.49496	0.71621	1.0713	0.052788	0.64366	1.1089	0.05487	0.67954	1.2367	0.87697	0.65164	0.96047	0.12214	0.66298	1.1058	0.50142	85.909	-7.5665	-15.496	-136.24	47.562	5.5928	-1.8943	-1.4264	-4.1212	-5.9183	12.162	4.0752	96.717	-46.168	-0.11105
-85.694	107.18	1090.7	0.70863	1.0666	0.01569	0.69258	0.94754	0.11451	0.63017	0.8689	0.075601	0.72704	1.1103	0.50396	0.59918	1.1097	0.4943	0.71618	1.0714	0.052721	0.64382	1.1092	0.054528	0.67961	1.2457	0.8752	0.65191	0.96155	0.12317	0.66311	1.1114	0.50089	86.201	-7.319	-15.723	-140.23	47.509	5.6687	-2.0171	-1.4663	-4.0345	-5.4132	11.747	4.1657	99.948	-48.173	0.082857
-88.113	119.78	1112.7	0.70832	1.067	0.015692	0.69263	0.94848	0.11577	0.63032	0.86949	0.07731	0.72714	1.1157	0.5035	0.5993	1.1157	0.49358	0.71616	1.0715	0.052666	0.64397	1.1094	0.054182	0.67966	1.2548	0.87344	0.65218	0.9627	0.1243	0.66321	1.1173	0.50035	86.485	-7.0396	-15.963	-144.01	47.208	5.7436	-2.1739	-1.5071	-3.9346	-4.7067	11.369	4.2646	103.1	-49.905	0.34117
-90.131	132.66	1132.3	0.70798	1.0674	0.015693	0.6927	0.94949	0.11714	0.63047	0.87015	0.079189	0.72721	1.1213	0.50305	0.5994	1.1219	0.49282	0.71613	1.0716	0.052621	0.64412	1.1096	0.053836	0.67969	1.264	0.87168	0.65244	0.96394	0.12554	0.66329	1.1233	0.49979	86.762	-6.7298	-16.217	-147.51	46.646	5.824	-2.3683	-1.5496	-3.8203	-3.7762	11.054	4.379	106.14	-51.298	0.6795
-91.691	145.74	1149.3	0.70762	1.0678	0.015695	0.6928	0.9506	0.11864	0.63064	0.87089	0.081254	0.72725	1.1271	0.50261	0.59948	1.1285	0.49201	0.7161	1.0717	0.052586	0.64427	1.1099	0.053493	0.67969	1.2733	0.86993	0.65269	0.96528	0.12688	0.66333	1.1296	0.49922	87.028	-6.3918	-16.484	-150.69	45.816	5.9148	-2.6039	-1.5947	-3.692	-2.6074	10.82	4.5141	109	-52.302	1.1082
-92.748	158.96	1163.4	0.70722	1.0682	0.015696	0.69292	0.95181	0.12026	0.63083	0.87174	0.08352	0.72727	1.1331	0.50217	0.59954	1.1353	0.49114	0.71607	1.0719	0.05256	0.64441	1.1101	0.05316	0.67965	1.2828	0.86819	0.65294	0.96673	0.12834	0.66334	1.1361	0.49863	87.282	-6.0285	-16.765	-153.49	44.721	6.0193	-2.8837	-1.6432	-3.5516	-1.1964	10.686	4.6726	111.63	-52.883	1.6311
-93.271	172.27	1174.3	0.7068	1.0686	0.015698	0.69307	0.95313	0.12202	0.63102	0.87268	0.085998	0.72725	1.1394	0.50174	0.59958	1.1424	0.49021	0.71604	1.072	0.052541	0.64453	1.1104	0.05284	0.67958	1.2924	0.86647	0.65319	0.96831	0.1299	0.66332	1.143	0.49802	87.522	-5.6428	-17.058	-155.85	43.368	6.1385	-3.2103	-1.6959	-3.4022	0.45135	10.661	4.8547	113.94	-53.02	2.2455
-93.247	185.59	1181.6	0.70635	1.069	0.015699	0.69326	0.95459	0.12391	0.63124	0.87375	0.088701	0.7272	1.146	0.50129	0.59961	1.1498	0.48922	0.71603	1.0721	0.052526	0.64465	1.1106	0.052538	0.67946	1.3021	0.86477	0.65343	0.97004	0.13159	0.66328	1.1501	0.49738	87.744	-5.2371	-17.364	-157.72	41.774	6.2716	-3.5861	-1.7534	-3.2479	2.3242	10.749	5.0576	115.86	-52.705	2.943
-92.668	198.83	1185.2	0.70589	1.0695	0.015701	0.69348	0.95618	0.12593	0.63147	0.87496	0.091638	0.72714	1.1528	0.50082	0.59963	1.1575	0.48817	0.71602	1.0723	0.052513	0.64475	1.1108	0.052258	0.67929	1.3119	0.86311	0.65368	0.97192	0.13338	0.66321	1.1575	0.49669	87.946	-4.8134	-17.678	-159.04	39.957	6.4158	-4.0133	-1.8159	-3.0927	4.406	10.95	5.2755	117.28	-51.94	3.7101
-91.531	211.84	1184.6	0.70542	1.0698	0.015702	0.69373	0.95794	0.12808	0.63171	0.87633	0.094822	0.72705	1.1599	0.50032	0.59964	1.1655	0.48705	0.71603	1.0725	0.052497	0.64484	1.1109	0.052	0.67907	1.3219	0.86149	0.65392	0.97398	0.13529	0.66313	1.1652	0.49596	88.124	-4.373	-17.998	-159.75	37.937	6.5661	-4.4941	-1.8828	-2.9407	6.6781	11.256	5.4992	118.13	-50.729	4.5284
-89.83	224.43	1179.5	0.70495	1.0702	0.015703	0.69402	0.95987	0.13036	0.63196	0.87787	0.098265	0.72696	1.1674	0.49978	0.59966	1.1739	0.48586	0.71606	1.0727	0.052476	0.64491	1.1111	0.051765	0.67879	1.332	0.85991	0.65418	0.97624	0.1373	0.66305	1.1732	0.49518	88.273	-3.916	-18.318	-159.78	35.735	6.7158	-5.0312	-1.9531	-2.7954	9.1226	11.658	5.7162	118.34	-49.075	5.3753
-87.557	236.37	1169.4	0.70447	1.0706	0.015704	0.69432	0.962	0.13277	0.63221	0.87963	0.10198	0.72687	1.1751	0.4992	0.5997	1.1826	0.48458	0.71611	1.0729	0.052446	0.64497	1.1112	0.051552	0.67844	1.3422	0.85839	0.65443	0.97872	0.13943	0.66299	1.1815	0.49434	88.387	-3.4422	-18.632	-159.06	33.376	6.8584	-5.6274	-2.0254	-2.6602	11.72	12.146	5.9121	117.83	-46.978	6.2253
-84.702	247.36	1153.9	0.70401	1.0709	0.015705	0.69465	0.96435	0.13531	0.63245	0.88162	0.10598	0.7268	1.1832	0.49856	0.59977	1.1916	0.48321	0.71618	1.0731	0.052406	0.64502	1.1113	0.051356	0.67802	1.3526	0.85693	0.65469	0.98144	0.14166	0.66295	1.1902	0.49342	88.46	-2.9505	-18.935	-157.52	30.883	6.9877	-6.2865	-2.0978	-2.5378	14.449	12.709	6.0706	116.58	-44.437	7.0507
-81.262	257.04	1132.4	0.70357	1.0712	0.015706	0.69499	0.96694	0.13798	0.63266	0.8839	0.11029	0.72676	1.1917	0.49787	0.5999	1.201	0.48173	0.71628	1.0734	0.052356	0.64507	1.1113	0.051174	0.67753	1.3631	0.85553	0.65496	0.98444	0.14401	0.66296	1.1993	0.49242	88.483	-2.4392	-19.219	-155.07	28.284	7.0973	-7.0131	-2.1688	-2.4306	17.285	13.332	6.1738	114.54	-41.458	7.8208
-77.24	265	1104.6	0.70314	1.0716	0.015707	0.69532	0.96982	0.14079	0.63283	0.88649	0.11492	0.72678	1.2005	0.49711	0.6001	1.2108	0.48013	0.7164	1.0736	0.0523	0.64511	1.1114	0.051002	0.67697	1.3738	0.85422	0.65523	0.98775	0.14646	0.66303	1.2088	0.49133	88.447	-1.9065	-19.477	-151.65	25.607	7.1812	-7.8132	-2.2369	-2.3409	20.203	13.999	6.203	111.71	-38.059	8.5034
-72.662	270.83	1070.2	0.70273	1.072	0.015709	0.69565	0.97302	0.14372	0.63295	0.88946	0.1199	0.72686	1.2097	0.49628	0.60041	1.2211	0.47838	0.71654	1.074	0.052245	0.64515	1.1114	0.050834	0.67633	1.3846	0.85298	0.65552	0.9914	0.14902	0.66319	1.2187	0.49012	88.34	-1.351	-19.704	-147.2	22.885	7.2321	-8.6942	-2.3009	-2.2709	23.166	14.684	6.1401	108.1	-34.282	9.0663
-67.578	274.08	1028.8	0.70234	1.0725	0.015711	0.69596	0.97657	0.1468	0.63299	0.89286	0.12525	0.72704	1.2194	0.49536	0.60084	1.2319	0.47647	0.7167	1.0744	0.052201	0.64519	1.1115	0.050668	0.67562	1.3954	0.85183	0.65581	0.99542	0.15169	0.66346	1.2291	0.48878	88.149	-0.77171	-19.892	-141.67	20.156	7.2409	-9.6651	-2.3599	-2.2227	26.13	15.354	5.9683	103.75	-30.192	9.4792
-62.064	274.37	980.65	0.70198	1.0731	0.015714	0.69624	0.98053	0.15003	0.63295	0.89675	0.13098	0.72734	1.2295	0.49436	0.60142	1.2432	0.47437	0.71689	1.0749	0.052187	0.64524	1.1116	0.050503	0.67485	1.4064	0.85077	0.65611	0.99987	0.15448	0.66387	1.24	0.4873	87.858	-0.16934	-20.036	-135.04	17.463	7.1974	-10.736	-2.4133	-2.1987	29.034	15.97	5.6747	98.709	-25.88	9.7163
-56.228	271.35	925.77	0.70164	1.0738	0.015717	0.69649	0.98495	0.15342	0.63282	0.90119	0.13714	0.72777	1.2401	0.49325	0.60219	1.255	0.47208	0.71709	1.0755	0.052226	0.6453	1.1118	0.05034	0.67402	1.4175	0.84981	0.65641	1.0048	0.15739	0.66442	1.2514	0.48566	87.447	0.45356	-20.129	-127.32	14.858	7.0898	-11.918	-2.4605	-2.2013	31.798	16.484	5.252	93.052	-21.466	9.7594
-50.201	264.83	864.67	0.70134	1.0747	0.015722	0.69671	0.98987	0.15698	0.63259	0.90626	0.14374	0.72835	1.2512	0.49203	0.60316	1.2675	0.46957	0.71731	1.0762	0.052349	0.64538	1.1122	0.050187	0.67315	1.4287	0.84896	0.6567	1.0102	0.16042	0.66515	1.2634	0.48384	86.897	1.091	-20.166	-118.56	12.396	6.9076	-13.223	-2.5012	-2.2333	34.321	16.844	4.7013	86.863	-17.089	9.6001
-44.135	254.74	798.13	0.70106	1.0758	0.015728	0.69689	0.99536	0.16073	0.63226	0.91204	0.1508	0.7291	1.2629	0.49068	0.60436	1.2806	0.46684	0.71753	1.0771	0.052595	0.64549	1.1127	0.050054	0.67223	1.4399	0.84822	0.65698	1.0161	0.16359	0.66608	1.276	0.48184	86.183	1.7333	-20.141	-108.86	10.136	6.6425	-14.663	-2.5354	-2.2968	36.486	17.002	4.0336	80.242	-12.896	9.2422
-38.186	241.21	727.2	0.70081	1.077	0.015736	0.69703	1.0015	0.16469	0.63182	0.9186	0.15834	0.73004	1.2753	0.48919	0.60579	1.2943	0.46388	0.71776	1.0781	0.053011	0.64563	1.1134	0.049958	0.67128	1.4511	0.84761	0.65723	1.0227	0.16691	0.66721	1.2893	0.47964	85.282	2.3666	-20.05	-98.372	8.1317	6.2908	-16.247	-2.5635	-2.3932	38.167	16.914	3.2714	73.298	-9.0355	8.7033
-32.51	224.54	653.21	0.7006	1.0785	0.015745	0.69714	1.0083	0.16887	0.63129	0.92604	0.16637	0.73117	1.2883	0.48756	0.60748	1.3088	0.46072	0.71801	1.0794	0.05365	0.64582	1.1144	0.049922	0.67031	1.4622	0.84713	0.65744	1.0299	0.17038	0.66854	1.3033	0.47725	84.172	2.9722	-19.89	-87.317	6.4266	5.855	-17.984	-2.5868	-2.5217	39.228	16.544	2.4498	66.138	-5.6415	8.0137
-27.249	205.25	577.66	0.70043	1.0803	0.015756	0.6972	1.0158	0.17331	0.63065	0.93443	0.17489	0.7325	1.302	0.48577	0.6094	1.324	0.45738	0.71825	1.081	0.054571	0.64606	1.1158	0.049973	0.66932	1.4734	0.84679	0.6576	1.0378	0.17403	0.67009	1.318	0.47467	82.833	3.5267	-19.659	-75.958	5.0454	5.3447	-19.877	-2.6072	-2.6798	39.541	15.872	1.6153	58.869	-2.8223	7.2131
-22.513	183.97	502.14	0.70031	1.0823	0.015769	0.69723	1.0241	0.178	0.62991	0.94386	0.18387	0.734	1.3164	0.48385	0.61155	1.3398	0.45389	0.7185	1.0829	0.055835	0.64638	1.1176	0.050142	0.66831	1.4845	0.84659	0.65768	1.0464	0.17787	0.67184	1.3333	0.47191	81.255	4.0034	-19.359	-64.601	3.9886	4.7761	-21.926	-2.6271	-2.8631	39.004	14.896	0.82072	51.59	-0.64269	6.3441
-18.372	161.44	428.29	0.70027	1.0847	0.015784	0.69722	1.0332	0.18296	0.62908	0.95441	0.19329	0.73567	1.3316	0.48179	0.61389	1.3564	0.45031	0.71876	1.0853	0.057501	0.64677	1.12	0.050463	0.6673	1.4955	0.84651	0.65768	1.0558	0.18191	0.67376	1.3494	0.46903	79.437	4.3737	-18.994	-53.569	3.2293	4.1687	-24.124	-2.6485	-3.0657	37.557	13.634	0.11805	44.406	0.88003	5.4476
-14.854	138.46	357.66	0.7003	1.0873	0.015802	0.69719	1.0433	0.18819	0.62817	0.96614	0.20308	0.73747	1.3474	0.47964	0.61638	1.3737	0.44669	0.71904	1.0882	0.059621	0.64726	1.123	0.050969	0.66628	1.5065	0.84655	0.65758	1.0661	0.18616	0.67584	1.3661	0.46604	77.395	4.6093	-18.574	-43.184	2.7144	3.5421	-26.46	-2.6733	-3.2809	35.199	12.127	-0.44859	37.423	1.7761	4.5578
-11.94	115.82	291.63	0.70044	1.0904	0.015822	0.69712	1.0542	0.19368	0.62718	0.97909	0.21315	0.73938	1.364	0.47743	0.61898	1.3917	0.44311	0.71934	1.0918	0.062235	0.64786	1.1267	0.051693	0.66526	1.5174	0.84671	0.65736	1.0771	0.19063	0.67803	1.3836	0.46301	75.165	4.6853	-18.119	-33.736	2.3729	2.9156	-28.916	-2.7021	-3.5009	31.994	10.434	-0.84903	30.736	2.1233	3.7
-9.5739	94.197	231.35	0.70069	1.0938	0.015846	0.69701	1.0661	0.19941	0.62611	0.99327	0.22338	0.74135	1.3812	0.4752	0.62164	1.4102	0.43965	0.71968	1.0961	0.065365	0.64858	1.1313	0.052666	0.66424	1.5282	0.84696	0.65701	1.0891	0.19529	0.68029	1.4016	0.46001	72.805	4.5836	-17.652	-25.444	2.1268	2.3095	-31.468	-2.7343	-3.718	28.069	8.6313	-1.0701	24.457	2.0383	2.8966
-7.6693	74.189	177.69	0.7011	1.0979	0.015873	0.69687	1.0789	0.20535	0.62498	1.0087	0.23364	0.74335	1.399	0.47302	0.62428	1.4294	0.43638	0.72007	1.1014	0.069008	0.64943	1.137	0.053917	0.66324	1.539	0.84731	0.65654	1.1019	0.20014	0.68258	1.4202	0.45709	70.392	4.2954	-17.203	-18.472	1.9088	1.7397	-34.091	-2.7682	-3.9241	23.643	6.8089	-1.1202	18.699	1.6496	2.1627
-6.1258	56.229	131.15	0.70171	1.1028	0.015907	0.69668	1.0927	0.21144	0.62378	1.0252	0.24377	0.74533	1.4174	0.47094	0.62688	1.449	0.43338	0.72052	1.1078	0.07314	0.65044	1.1437	0.055471	0.66226	1.5497	0.84774	0.65593	1.1157	0.20515	0.68486	1.4393	0.45433	68.018	3.8233	-16.805	-12.85	1.6633	1.2209	-36.754	-2.8016	-4.1117	18.924	5.0532	-1.0256	13.552	1.1026	1.5103
-4.8494	40.619	91.906	0.70257	1.1091	0.015951	0.69644	1.1073	0.21764	0.62252	1.0427	0.25359	0.74726	1.4363	0.46903	0.62937	1.4691	0.43072	0.72107	1.1154	0.077706	0.65161	1.1518	0.057348	0.66131	1.5603	0.84825	0.6552	1.1303	0.21026	0.68707	1.4588	0.45181	65.786	3.1822	-16.49	-8.4701	1.3528	0.76521	-39.428	-2.8323	-4.2739	14.074	3.4356	-0.82541	9.0666	0.54092	0.94858
-3.7686	27.506	59.826	0.70378	1.1183	0.016014	0.69614	1.1228	0.22387	0.6212	1.0612	0.26293	0.7491	1.4556	0.46735	0.63173	1.4895	0.42845	0.72171	1.1245	0.082631	0.65295	1.1613	0.059562	0.66042	1.5707	0.84884	0.65434	1.1458	0.21543	0.68917	1.4787	0.44959	63.791	2.3986	-16.284	-5.642	1.036	0.33135	-42.085	-2.8599	-4.406	9.8149	2.0171	-0.58604	5.2793	-0.092566	0.43019
-2.8437	16.904	34.549	0.70562	1.1341	0.016123	0.69577	1.1391	0.23005	0.61981	1.0803	0.27161	0.75083	1.4753	0.46597	0.63392	1.5103	0.42664	0.72247	1.1351	0.087819	0.65446	1.1724	0.062117	0.65958	1.5811	0.84951	0.65339	1.1621	0.2206	0.69115	1.4989	0.44774	62.12	1.507	-16.199	-2.8895	0.55326	0.048496	-44.697	-2.8867	-4.5059	4.8946	0.81508	-0.29474	2.1898	-0.30069	0.097715
0	0	0	NaN	NaN	NaN	0.69534	1.1562	0.2361	0.61836	1.0999	0.27949	0.75242	1.4952	0.46494	0.63592	1.5313	0.42532	0.72334	1.1473	0.093165	0.65613	1.185	0.064996	0.65882	1.5915	0.85026	0.65237	1.1792	0.22572	0.69296	1.5193	0.44629	60.841	0.54735	-16.234	0.0379	0.002997	0.00412	-47.238	-2.9179	-4.575	0.017112	0.036214	-0.029187	0.25535	0.071168	0.041985
