-4.4831	10.946	93.024	0.48761	0.85795	0.01404	0.51028	0.85967	0.10429	0.4428	0.82226	0.037008	0.52118	0.721	0.5082	0.39357	0.72835	0.49807	0.54421	1.0052	0.11439	0.47265	1.0336	0.14648	0.46146	0.57833	0.86988	0.46829	0.86059	0.12169	0.50092	0.73091	0.49163	76.09	-3.9659	-21.715	-0.30137	0.99859	-0.9854	-4.8192	16.53	-4.2541	-16.976	-1.3371	4.1203	-33.524	10.254	-0.023057
-5.3108	7.6235	136.51	0.48615	0.87106	0.014064	0.51016	0.86774	0.10317	0.4432	0.82948	0.036651	0.52121	0.73051	0.50677	0.39357	0.73664	0.4963	0.54287	1.0136	0.11243	0.47099	1.0417	0.14402	0.46225	0.58946	0.86907	0.46798	0.86873	0.11994	0.50081	0.73999	0.49022	75.674	-4.2737	-21.582	-0.2634	1.5719	-1.1698	-4.6772	16.534	-4.0806	-21.318	-0.79788	5.1735	-42.27	14.975	1.5068
-6.0643	1.8712	188.13	0.48504	0.88078	0.014081	0.50997	0.87492	0.10207	0.44353	0.83563	0.036463	0.52128	0.7401	0.50553	0.39361	0.74504	0.49476	0.54146	1.021	0.11012	0.46925	1.0488	0.14107	0.4631	0.60061	0.86838	0.46755	0.8761	0.11814	0.50074	0.74922	0.48903	75.227	-4.6253	-21.403	0.057922	2.3372	-1.3789	-4.6891	16.544	-3.8242	-25.61	0.003357	6.1722	-51.361	20.537	3.5084
-6.6826	-6.8359	247.15	0.48412	0.88877	0.014095	0.50971	0.88127	0.10101	0.44379	0.84078	0.036423	0.52139	0.74976	0.50447	0.3937	0.75353	0.49345	0.53999	1.0276	0.10748	0.46746	1.0552	0.1377	0.46403	0.61175	0.86783	0.467	0.88272	0.11631	0.50071	0.75857	0.48805	74.756	-5.0168	-21.18	0.61087	3.2739	-1.5506	-4.8448	16.561	-3.4896	-28.943	1.1797	6.8948	-59.088	26.631	6.1343
-7.1426	-18.747	312.31	0.48334	0.89578	0.014108	0.50939	0.88683	0.099971	0.44399	0.84501	0.036513	0.52153	0.75947	0.5036	0.39382	0.7621	0.49236	0.53848	1.0334	0.10456	0.46562	1.0609	0.13396	0.465	0.62288	0.86741	0.46637	0.88865	0.11447	0.50071	0.76802	0.48728	74.27	-5.4437	-20.917	1.3549	4.3812	-1.6879	-5.1332	16.583	-3.0836	-31.224	2.6256	7.3099	-65.401	33.131	9.2657
-7.4952	-33.646	382.13	0.48269	0.90212	0.01412	0.50902	0.89168	0.098968	0.44414	0.84842	0.036714	0.52169	0.76919	0.5029	0.39398	0.77074	0.49151	0.53696	1.0384	0.10142	0.46377	1.0659	0.1299	0.46603	0.63397	0.86713	0.46566	0.89392	0.11265	0.50074	0.77755	0.4867	73.778	-5.9006	-20.619	2.1866	5.6435	-1.768	-5.5413	16.609	-2.6142	-32.179	4.2644	7.352	-69.824	39.774	12.795
-7.8942	-50.875	455.12	0.48222	0.90792	0.014131	0.5086	0.89587	0.098005	0.44423	0.85108	0.037009	0.52188	0.77891	0.50238	0.39418	0.77943	0.49087	0.53543	1.0427	0.098092	0.46192	1.0702	0.12561	0.46712	0.64502	0.86699	0.46491	0.89858	0.11088	0.50079	0.7871	0.48631	73.29	-6.3813	-20.293	2.9973	7.0559	-1.7838	-6.0551	16.636	-2.0907	-31.804	5.9582	7.0257	-72.397	46.311	16.517
-8.5893	-69.55	529.65	0.48195	0.91323	0.014143	0.50816	0.89947	0.097089	0.44429	0.85308	0.037382	0.52209	0.78859	0.50202	0.39439	0.78814	0.49046	0.53392	1.0464	0.094646	0.4601	1.074	0.12114	0.46824	0.65601	0.86699	0.46413	0.90267	0.10918	0.50087	0.79665	0.4861	72.817	-6.8794	-19.945	3.6875	8.6174	-1.7359	-6.6593	16.662	-1.5234	-30.205	7.5376	6.3672	-73.346	52.46	20.169
-9.864	-88.756	603.76	0.4819	0.91807	0.014155	0.50769	0.90253	0.096225	0.44431	0.8545	0.037818	0.52232	0.79821	0.50182	0.39463	0.79683	0.49024	0.53245	1.0496	0.091134	0.45833	1.0773	0.11656	0.46939	0.66692	0.86714	0.46335	0.90625	0.10757	0.50098	0.80617	0.48604	72.371	-7.388	-19.579	4.1737	10.322	-1.6275	-7.3382	16.684	-0.92359	-27.485	8.8323	5.4184	-72.855	57.886	23.477
-11.954	-107.64	675.13	0.48207	0.9225	0.014167	0.50721	0.90512	0.095419	0.44429	0.85544	0.038304	0.52256	0.80772	0.50176	0.39488	0.80549	0.49023	0.53103	1.0522	0.087608	0.45663	1.0801	0.11195	0.47057	0.67775	0.86742	0.46257	0.90936	0.10608	0.50111	0.8156	0.48613	71.962	-7.9	-19.204	4.3946	12.153	-1.4638	-8.0752	16.7	-0.30274	-23.742	9.6963	4.2266	-71.038	62.251	26.195
-14.986	-125.43	741.4	0.48245	0.92656	0.014179	0.50673	0.90729	0.094679	0.44425	0.85596	0.038825	0.52282	0.81709	0.50183	0.39514	0.81408	0.49038	0.52967	1.0544	0.084119	0.455	1.0825	0.10736	0.47177	0.68847	0.86784	0.46182	0.91205	0.10471	0.50125	0.82492	0.48635	71.599	-8.4084	-18.823	4.3138	14.077	-1.2477	-8.8535	16.706	0.32739	-19.108	10.038	2.8557	-68.009	65.285	28.146
-18.957	-141.41	800.6	0.483	0.9303	0.014191	0.50626	0.90909	0.094008	0.4442	0.85615	0.039371	0.52309	0.8263	0.50201	0.39542	0.82257	0.4907	0.52839	1.0562	0.080717	0.45347	1.0845	0.10286	0.47298	0.69909	0.86839	0.46111	0.91436	0.1035	0.50142	0.83408	0.48667	71.29	-8.9063	-18.442	3.923	16.048	-0.98142	-9.6567	16.701	0.95529	-13.769	9.8289	1.3869	-63.943	66.843	29.245
-23.747	-155.03	851.36	0.48368	0.93371	0.014204	0.5058	0.91059	0.09341	0.44412	0.85607	0.039931	0.52336	0.83532	0.5023	0.3957	0.83093	0.49116	0.5272	1.0577	0.077443	0.45204	1.0862	0.098505	0.47418	0.7096	0.86906	0.46045	0.91635	0.10244	0.5016	0.84306	0.48708	71.043	-9.3874	-18.066	3.2414	18.018	-0.66893	-10.468	16.685	1.57	-7.9707	9.0996	-0.088035	-59.103	66.924	29.494
-29.16	-165.92	893.11	0.48447	0.93683	0.014216	0.50535	0.91181	0.092889	0.44405	0.85579	0.040494	0.52364	0.8441	0.50267	0.39598	0.83912	0.49174	0.5261	1.0588	0.074335	0.45073	1.0876	0.094338	0.47538	0.71998	0.86986	0.45985	0.91805	0.10155	0.50179	0.85181	0.48756	70.863	-9.8456	-17.698	2.3085	19.935	-0.31999	-11.273	16.656	2.1616	-1.9799	7.9291	-1.4852	-53.79	65.659	28.977
-34.963	-173.93	925.91	0.48533	0.93966	0.014229	0.50494	0.91281	0.092444	0.44396	0.85536	0.041054	0.52392	0.85263	0.50312	0.39626	0.84712	0.49242	0.5251	1.0597	0.071424	0.44953	1.0888	0.090403	0.47655	0.73023	0.87078	0.45931	0.9195	0.10081	0.50199	0.86031	0.4881	70.751	-10.276	-17.341	1.1744	21.755	0.051503	-12.057	16.614	2.7209	3.9522	6.4206	-2.7394	-48.296	63.259	27.821
-40.891	-179.07	950.36	0.48623	0.94221	0.01424	0.50455	0.91361	0.092077	0.44387	0.85482	0.041602	0.5242	0.86088	0.50362	0.39655	0.85489	0.49318	0.52419	1.0604	0.068736	0.44844	1.0897	0.086733	0.4777	0.74036	0.8718	0.45882	0.92073	0.10024	0.50219	0.86852	0.48868	70.709	-10.674	-16.996	-0.10454	23.441	0.43133	-12.806	16.561	3.2403	9.6065	4.6968	-3.8069	-42.88	60.002	26.19
-46.632	-181.45	967.27	0.48713	0.94448	0.014251	0.50419	0.91426	0.091786	0.44379	0.85423	0.042133	0.52448	0.86883	0.50417	0.39683	0.86242	0.49401	0.52339	1.0609	0.066289	0.44748	1.0905	0.083354	0.47881	0.75035	0.87292	0.45841	0.92178	0.099813	0.50241	0.87643	0.48928	70.737	-11.036	-16.666	-1.4691	24.963	0.80841	-13.509	16.498	3.7135	14.803	2.8974	-4.6653	-37.756	56.207	24.272
-51.851	-181.22	977.49	0.48799	0.94648	0.014261	0.50387	0.91478	0.091568	0.44371	0.85362	0.042642	0.52477	0.87645	0.50474	0.3971	0.86967	0.49487	0.52269	1.0612	0.064094	0.44664	1.091	0.080282	0.47987	0.76022	0.87414	0.45805	0.92268	0.099531	0.50263	0.88401	0.4899	70.831	-11.359	-16.352	-2.8636	26.294	1.1747	-14.155	16.427	4.1356	19.402	1.1667	-5.3134	-33.081	52.21	22.257
-56.239	-178.58	981.76	0.48878	0.94819	0.01427	0.50358	0.9152	0.091418	0.44363	0.85301	0.043126	0.52505	0.88373	0.50533	0.39738	0.87664	0.49577	0.52209	1.0615	0.062156	0.44591	1.0915	0.077528	0.48088	0.76995	0.87543	0.45776	0.92345	0.099378	0.50285	0.89125	0.49051	70.989	-11.641	-16.054	-4.2412	27.412	1.5228	-14.737	16.351	4.5033	23.309	-0.36701	-5.7675	-28.95	48.314	20.306
-59.557	-173.77	980.68	0.48948	0.94964	0.014278	0.50332	0.91553	0.091333	0.44356	0.85243	0.043581	0.52532	0.89066	0.50593	0.39765	0.88331	0.49667	0.52157	1.0616	0.060476	0.44529	1.0918	0.075093	0.48184	0.77956	0.8768	0.45751	0.92411	0.099342	0.50307	0.89812	0.49111	71.204	-11.88	-15.772	-5.5672	28.3	1.8444	-15.247	16.272	4.8145	26.466	-1.6062	-6.0561	-25.394	44.759	18.54
-61.673	-167.08	974.7	0.49006	0.95086	0.014285	0.5031	0.9158	0.091305	0.4435	0.85189	0.044007	0.52559	0.89723	0.50652	0.39791	0.88966	0.49756	0.52114	1.0617	0.059047	0.44477	1.092	0.072973	0.48273	0.78905	0.87823	0.45732	0.92467	0.099408	0.50329	0.90463	0.49168	71.471	-12.077	-15.507	-6.8205	28.948	2.1317	-15.68	16.194	5.0688	28.856	-2.4969	-6.2111	-22.394	41.701	17.026
-62.577	-158.82	964.13	0.49053	0.95186	0.01429	0.50291	0.91603	0.091329	0.44345	0.85141	0.044402	0.52586	0.90344	0.5071	0.39816	0.89569	0.49844	0.5208	1.0617	0.057858	0.44435	1.0922	0.071157	0.48356	0.79842	0.87971	0.45717	0.92516	0.099562	0.5035	0.91078	0.49223	71.784	-12.231	-15.258	-7.9936	29.357	2.3771	-16.033	16.119	5.2667	30.486	-3.03	-6.261	-19.897	39.196	15.777
-62.378	-149.33	949.21	0.49091	0.95272	0.014294	0.50275	0.91621	0.091399	0.4434	0.85099	0.044768	0.52612	0.90929	0.50766	0.39841	0.90141	0.49928	0.52052	1.0616	0.056895	0.44401	1.0923	0.06963	0.48431	0.80768	0.88123	0.45706	0.92558	0.099788	0.50371	0.91655	0.49275	72.134	-12.343	-15.025	-9.0892	29.535	2.5742	-16.304	16.049	5.4097	31.394	-3.237	-6.2276	-17.827	37.217	14.768
-61.278	-138.97	930.17	0.49122	0.95347	0.014298	0.50262	0.91636	0.091506	0.44337	0.85064	0.045104	0.52637	0.91477	0.5082	0.39865	0.9068	0.50009	0.52031	1.0616	0.056139	0.44375	1.0923	0.068371	0.48499	0.81685	0.88279	0.45699	0.92594	0.10007	0.50392	0.92196	0.49323	72.516	-12.413	-14.808	-10.117	29.503	2.7176	-16.493	15.987	5.5004	31.632	-3.1811	-6.1247	-16.099	35.665	13.942
-59.533	-128.09	907.31	0.49152	0.95419	0.014301	0.50251	0.9165	0.091645	0.44334	0.85036	0.045413	0.52662	0.9199	0.5087	0.39889	0.91188	0.50085	0.52016	1.0615	0.05557	0.44356	1.0923	0.067356	0.4856	0.82591	0.88437	0.45694	0.92626	0.1004	0.50412	0.92701	0.49367	72.921	-12.444	-14.606	-11.092	29.285	2.8046	-16.6	15.935	5.542	31.269	-2.9428	-5.9582	-14.633	34.403	13.231
-57.405	-117.01	880.99	0.49183	0.95493	0.014305	0.50242	0.91662	0.091808	0.44331	0.85015	0.045697	0.52685	0.9247	0.50917	0.39911	0.91665	0.50156	0.52005	1.0614	0.055165	0.44342	1.0922	0.066561	0.48614	0.8349	0.88595	0.45692	0.92654	0.10077	0.50431	0.93172	0.49407	73.343	-12.437	-14.42	-12.028	28.911	2.8353	-16.629	15.894	5.5384	30.38	-2.6028	-5.7302	-13.366	33.29	12.573
-55.135	-106.01	851.74	0.49219	0.95574	0.014309	0.50234	0.91673	0.09199	0.44329	0.84999	0.045958	0.52708	0.92916	0.5096	0.39932	0.92114	0.50221	0.51999	1.0613	0.054903	0.44334	1.0922	0.065959	0.4866	0.8438	0.88754	0.45691	0.92678	0.10116	0.5045	0.93611	0.49444	73.774	-12.395	-14.247	-12.941	28.413	2.8116	-16.582	15.865	5.4936	29.043	-2.2345	-5.4411	-12.254	32.202	11.918
-52.925	-95.324	820.15	0.49263	0.95667	0.014314	0.50227	0.91684	0.092184	0.44327	0.84989	0.046199	0.5273	0.93332	0.51	0.39953	0.92535	0.50279	0.51996	1.0612	0.05476	0.44329	1.0921	0.065521	0.48699	0.85264	0.88912	0.45692	0.927	0.10156	0.50468	0.94019	0.49478	74.209	-12.321	-14.088	-13.843	27.822	2.7377	-16.464	15.849	5.4123	27.339	-1.8973	-5.0929	-11.269	31.042	11.234
-50.919	-85.136	786.91	0.49319	0.95777	0.01432	0.50221	0.91695	0.092387	0.44325	0.84984	0.046423	0.52751	0.9372	0.51036	0.39972	0.92931	0.50332	0.51995	1.0612	0.054714	0.44328	1.092	0.065221	0.48731	0.86141	0.89068	0.45694	0.92719	0.10197	0.50485	0.94398	0.49508	74.642	-12.217	-13.941	-14.745	27.171	2.6192	-16.281	15.847	5.2989	25.343	-1.6303	-4.6904	-10.398	29.754	10.506
-49.197	-75.575	752.75	0.49387	0.95908	0.014328	0.50215	0.91706	0.092593	0.44324	0.84984	0.046634	0.52771	0.94081	0.51068	0.39991	0.93303	0.50379	0.51997	1.0611	0.054744	0.44329	1.092	0.065033	0.48757	0.87013	0.89221	0.45697	0.92737	0.10238	0.50501	0.94752	0.49535	75.068	-12.086	-13.806	-15.656	26.487	2.4629	-16.038	15.857	5.1582	23.13	-1.4506	-4.2429	-9.6377	28.324	9.7391
-47.778	-66.719	718.42	0.49469	0.96062	0.014336	0.50209	0.91717	0.092798	0.44322	0.84987	0.046834	0.52789	0.94418	0.51096	0.40008	0.93655	0.5042	0.52	1.0611	0.054829	0.44333	1.0919	0.064932	0.48776	0.8788	0.8937	0.457	0.92753	0.10279	0.50516	0.95083	0.4956	75.484	-11.932	-13.682	-16.582	25.795	2.2754	-15.742	15.881	4.9948	20.764	-1.3554	-3.763	-8.9917	26.779	8.949
-46.629	-58.6	684.61	0.49564	0.96242	0.014346	0.50203	0.91728	0.093002	0.4432	0.84993	0.047026	0.52807	0.94734	0.51121	0.40024	0.93988	0.50455	0.52004	1.061	0.054952	0.44337	1.0919	0.064895	0.4879	0.88743	0.89515	0.45703	0.92769	0.10319	0.50531	0.95393	0.49583	75.885	-11.757	-13.567	-17.528	25.115	2.0635	-15.4	15.917	4.813	18.304	-1.3257	-3.2664	-8.4669	25.18	8.161
-45.683	-51.213	652.01	0.49671	0.96447	0.014358	0.50196	0.9174	0.0932	0.44317	0.85002	0.047213	0.52823	0.95031	0.51143	0.40039	0.94305	0.50484	0.52009	1.061	0.055096	0.44342	1.0918	0.064901	0.48799	0.89602	0.89654	0.45706	0.92784	0.10358	0.50544	0.95685	0.49605	76.271	-11.564	-13.46	-18.496	24.464	1.8335	-15.02	15.964	4.6171	15.801	-1.3313	-2.7691	-8.0695	23.607	7.4032
-44.852	-44.527	621.18	0.49785	0.96678	0.01437	0.50188	0.91753	0.093393	0.44314	0.85013	0.047399	0.52838	0.95313	0.51162	0.40052	0.94609	0.50508	0.52014	1.061	0.055249	0.44348	1.0918	0.064933	0.48804	0.90458	0.89786	0.45709	0.92799	0.10396	0.50556	0.95964	0.49624	76.638	-11.358	-13.361	-19.488	23.855	1.5917	-14.609	16.022	4.4112	13.298	-1.3362	-2.2858	-7.801	22.151	6.7028
-44.039	-38.493	592.59	0.49905	0.96933	0.014384	0.50179	0.91766	0.093579	0.4431	0.85025	0.047584	0.52852	0.95583	0.51177	0.40065	0.94903	0.50527	0.52019	1.061	0.055399	0.44354	1.0918	0.064976	0.48805	0.91311	0.89911	0.45712	0.92814	0.10432	0.50567	0.96231	0.49643	76.987	-11.14	-13.268	-20.506	23.295	1.3441	-14.176	16.089	4.1988	10.829	-1.3028	-1.8288	-7.6566	20.901	6.0834
-43.152	-33.05	566.59	0.50024	0.97209	0.014398	0.50168	0.91781	0.09376	0.44306	0.85038	0.047772	0.52865	0.95842	0.51191	0.40076	0.95188	0.50541	0.52023	1.0611	0.055537	0.44359	1.0918	0.065016	0.48802	0.92162	0.90028	0.45714	0.9283	0.10468	0.50576	0.9649	0.49661	77.318	-10.913	-13.18	-21.55	22.79	1.0957	-13.727	16.164	3.9836	8.4245	-1.1973	-1.4075	-7.6247	19.936	5.5615
-42.12	-28.136	543.43	0.50139	0.97503	0.014412	0.50156	0.91797	0.093934	0.443	0.85053	0.047963	0.52876	0.96094	0.51201	0.40086	0.95468	0.5055	0.52028	1.0611	0.055656	0.44364	1.0919	0.065044	0.48797	0.93011	0.90136	0.45714	0.92847	0.10502	0.50584	0.96743	0.49678	77.631	-10.68	-13.097	-22.621	22.342	0.85052	-13.271	16.245	3.7686	6.106	-0.99399	-1.0275	-7.6886	19.316	5.1458
-40.895	-23.689	523.23	0.50245	0.9781	0.014426	0.50143	0.91814	0.094104	0.44294	0.85067	0.048161	0.52886	0.96342	0.5121	0.40095	0.95746	0.50556	0.52032	1.0612	0.055751	0.44369	1.0919	0.065052	0.4879	0.93858	0.90234	0.45714	0.92866	0.10535	0.50591	0.96994	0.49694	77.929	-10.444	-13.016	-23.724	21.952	0.61182	-12.814	16.332	3.5566	3.8905	-0.67703	-0.6908	-7.8274	19.076	4.8366
-39.469	-19.652	506.06	0.50338	0.98125	0.014439	0.50128	0.91832	0.094271	0.44287	0.85082	0.048365	0.52895	0.96588	0.51216	0.40102	0.96023	0.50557	0.52035	1.0613	0.055819	0.44373	1.092	0.065035	0.48781	0.94703	0.90321	0.45713	0.92885	0.10567	0.50596	0.97245	0.4971	78.212	-10.206	-12.939	-24.86	21.621	0.3824	-12.363	16.423	3.3502	1.7911	-0.24282	-0.396	-8.0166	19.224	4.6271
-37.87	-15.976	491.86	0.50417	0.98445	0.014452	0.50112	0.91853	0.094438	0.44278	0.85098	0.048577	0.52902	0.96834	0.5122	0.40108	0.96301	0.50555	0.52038	1.0614	0.055859	0.44377	1.0921	0.064989	0.48771	0.95547	0.90398	0.4571	0.92907	0.10598	0.506	0.97498	0.49724	78.483	-9.9685	-12.863	-26.034	21.35	0.16388	-11.924	16.517	3.1517	-0.18202	0.29776	-0.13953	-8.2278	19.734	4.5029
-36.161	-12.62	480.57	0.5048	0.98764	0.014464	0.50095	0.91874	0.094605	0.44269	0.85113	0.048799	0.52908	0.97082	0.51221	0.40113	0.96583	0.50549	0.5204	1.0615	0.055871	0.4438	1.0923	0.064913	0.48762	0.96389	0.90463	0.45706	0.9293	0.10629	0.50602	0.97755	0.49738	78.745	-9.7329	-12.789	-27.252	21.14	-0.043348	-11.502	16.611	2.9631	-2.0212	0.92022	0.083527	-8.4327	20.552	4.4447
-34.435	-9.5434	472.04	0.50529	0.9908	0.014474	0.50076	0.91898	0.094775	0.44259	0.85129	0.04903	0.52913	0.97335	0.51221	0.40117	0.96871	0.5054	0.52042	1.0616	0.055856	0.44382	1.0924	0.064807	0.48752	0.97229	0.90517	0.457	0.92955	0.10658	0.50603	0.98019	0.49751	78.999	-9.5006	-12.716	-28.519	20.991	-0.23995	-11.103	16.706	2.7861	-3.7215	1.591	0.27825	-8.6048	21.603	4.4306
-32.79	-6.7131	466.1	0.50567	0.99389	0.014484	0.50056	0.91924	0.094951	0.44247	0.85145	0.049272	0.52916	0.97595	0.51218	0.4012	0.97166	0.50528	0.52044	1.0617	0.055815	0.44384	1.0925	0.06467	0.48742	0.98068	0.90558	0.45693	0.92982	0.10687	0.50602	0.98292	0.49762	79.25	-9.2729	-12.645	-29.84	20.906	-0.42744	-10.731	16.799	2.6224	-5.2806	2.2737	0.44863	-8.7188	22.805	4.4397
-31.322	-4.1001	462.6	0.50596	0.99689	0.014493	0.50035	0.91951	0.095135	0.44235	0.85161	0.049525	0.52918	0.97862	0.51214	0.40121	0.9747	0.50512	0.52045	1.0618	0.055752	0.44386	1.0927	0.064506	0.48734	0.98905	0.90586	0.45683	0.93012	0.10716	0.506	0.98574	0.49771	79.499	-9.0505	-12.575	-31.222	20.887	-0.60818	-10.388	16.89	2.4731	-6.6967	2.9349	0.59601	-8.7497	24.078	4.4551
-30.104	-1.6807	461.33	0.5062	0.99979	0.014502	0.50013	0.91981	0.095329	0.44221	0.85177	0.049791	0.52919	0.98138	0.51207	0.40121	0.97784	0.50494	0.52046	1.0619	0.055669	0.44388	1.0929	0.064317	0.48727	0.99741	0.90602	0.45672	0.93043	0.10744	0.50597	0.98866	0.49779	79.749	-8.8342	-12.506	-32.67	20.935	-0.78454	-10.079	16.978	2.3395	-7.9688	3.5489	0.71971	-8.6725	25.36	4.4657
-29.183	0.56566	462.12	0.50641	1.0026	0.01451	0.4999	0.92012	0.095535	0.44206	0.85194	0.05007	0.52918	0.98425	0.51198	0.40121	0.98109	0.50472	0.52046	1.0621	0.055571	0.44389	1.0931	0.064105	0.48722	1.0058	0.90605	0.4566	0.93077	0.10772	0.50592	0.99171	0.49784	80.002	-8.6244	-12.44	-34.189	21.048	-0.95837	-9.8037	17.061	2.2223	-9.0961	4.099	0.81749	-8.463	26.604	4.4666
-28.573	2.6565	464.78	0.50661	1.0053	0.014518	0.49967	0.92046	0.095757	0.4419	0.85211	0.050363	0.52917	0.98723	0.51186	0.40119	0.98445	0.50448	0.52047	1.0622	0.055459	0.44391	1.0933	0.063874	0.48718	1.0141	0.90595	0.45645	0.93113	0.108	0.50585	0.99488	0.49787	80.26	-8.4213	-12.376	-35.78	21.222	-1.1309	-9.5649	17.139	2.1225	-10.077	4.5777	0.88575	-8.0973	27.786	4.4585
-28.264	4.6069	469.16	0.50679	1.0078	0.014525	0.49943	0.92082	0.095996	0.44173	0.85228	0.050671	0.52914	0.99032	0.51172	0.40116	0.98795	0.50421	0.52048	1.0623	0.055337	0.44392	1.0936	0.063627	0.48716	1.0224	0.90572	0.45629	0.93152	0.10828	0.50578	0.99818	0.49788	80.524	-8.225	-12.316	-37.448	21.451	-1.3027	-9.3627	17.211	2.0406	-10.909	4.9866	0.92044	-7.5543	28.899	4.446
-28.228	6.4325	475.11	0.50695	1.0103	0.014532	0.49918	0.92121	0.096253	0.44156	0.85247	0.050996	0.5291	0.99354	0.51156	0.40112	0.99157	0.50391	0.52048	1.0625	0.055209	0.44394	1.0938	0.063367	0.48716	1.0307	0.90537	0.45611	0.93193	0.10856	0.50569	1.0016	0.49785	80.797	-8.0354	-12.26	-39.195	21.728	-1.4746	-9.1971	17.276	1.9769	-11.595	5.3345	0.91727	-6.8164	29.954	4.4355
-28.426	8.1513	482.49	0.50709	1.0126	0.014539	0.49893	0.92161	0.096533	0.44137	0.85265	0.05134	0.52905	0.99689	0.51138	0.40108	0.99534	0.50358	0.52048	1.0626	0.055076	0.44396	1.094	0.063097	0.48717	1.039	0.9049	0.45592	0.93237	0.10885	0.50558	1.0052	0.4978	81.078	-7.8521	-12.209	-41.026	22.046	-1.6473	-9.0676	17.333	1.9318	-12.135	5.6346	0.87212	-5.8712	30.969	4.4334
-28.817	9.7861	491.21	0.50719	1.0149	0.014545	0.49868	0.92204	0.096835	0.44117	0.85284	0.051705	0.52899	1.0004	0.51117	0.40102	0.99924	0.50323	0.52049	1.0628	0.054942	0.44398	1.0943	0.062818	0.48721	1.0473	0.9043	0.45571	0.93283	0.10915	0.50547	1.0089	0.49772	81.369	-7.6747	-12.164	-42.945	22.4	-1.8222	-8.973	17.382	1.9054	-12.537	5.9011	0.7821	-4.7139	31.968	4.444
-29.363	11.367	501.17	0.50724	1.0171	0.014551	0.49843	0.92249	0.097163	0.44097	0.85304	0.052093	0.52892	1.004	0.51093	0.40096	1.0033	0.50285	0.52049	1.0629	0.054808	0.44401	1.0946	0.062533	0.48727	1.0557	0.9036	0.45548	0.93331	0.10945	0.50535	1.0127	0.4976	81.67	-7.5023	-12.127	-44.961	22.783	-2.0009	-8.9118	17.422	1.8975	-12.811	6.1452	0.64611	-3.3481	32.971	4.4688
-30.041	12.933	512.3	0.50725	1.0193	0.014557	0.49817	0.92296	0.097518	0.44076	0.85325	0.052507	0.52884	1.0077	0.51067	0.40088	1.0074	0.50244	0.52049	1.063	0.054675	0.44404	1.0948	0.062244	0.48735	1.064	0.90278	0.45525	0.93382	0.10977	0.50522	1.0167	0.49746	81.98	-7.3343	-12.099	-47.08	23.185	-2.1853	-8.8823	17.453	1.908	-12.97	6.3739	0.4649	-1.7855	33.99	4.5062
-30.836	14.533	524.54	0.50721	1.0214	0.014561	0.49792	0.92345	0.097902	0.44054	0.85346	0.052951	0.52875	1.0115	0.51039	0.4008	1.0118	0.50201	0.52049	1.0632	0.054545	0.44408	1.0951	0.061952	0.48744	1.0723	0.90185	0.45501	0.93435	0.11009	0.50508	1.0208	0.49729	82.3	-7.1695	-12.08	-49.311	23.601	-2.378	-8.8824	17.474	1.9367	-13.031	6.5884	0.24099	-0.044997	35.03	4.5514
-31.743	16.218	537.82	0.5071	1.0235	0.014566	0.49767	0.92395	0.098317	0.44032	0.85367	0.053428	0.52865	1.0155	0.51009	0.40072	1.0162	0.50156	0.5205	1.0633	0.054416	0.44413	1.0954	0.061657	0.48755	1.0807	0.90083	0.45476	0.93491	0.11044	0.50493	1.025	0.49708	82.628	-7.0067	-12.073	-51.662	24.02	-2.5807	-8.9098	17.485	1.983	-13.013	6.786	-0.021216	1.8504	36.086	4.5983
-32.767	18.044	552.08	0.50694	1.0255	0.01457	0.49741	0.92447	0.098765	0.44009	0.85389	0.053944	0.52855	1.0196	0.50977	0.40062	1.0208	0.50108	0.52049	1.0635	0.054291	0.44418	1.0957	0.061361	0.48767	1.089	0.89972	0.45452	0.93549	0.11081	0.50477	1.0294	0.49685	82.965	-6.8446	-12.078	-54.14	24.436	-2.7945	-8.9623	17.486	2.0465	-12.932	6.9612	-0.316	3.8757	37.149	4.6403
-33.916	20.07	567.26	0.50673	1.0275	0.014574	0.49716	0.92501	0.099249	0.43987	0.85412	0.054503	0.52843	1.0238	0.50943	0.40053	1.0255	0.50058	0.52049	1.0636	0.054166	0.44424	1.096	0.061061	0.4878	1.0974	0.89851	0.45427	0.93609	0.1112	0.50461	1.0338	0.4966	83.309	-6.6816	-12.098	-56.75	24.839	-3.02	-9.0376	17.476	2.1267	-12.806	7.107	-0.63641	6.0038	38.204	4.6711
-35.201	22.361	583.27	0.50647	1.0294	0.014577	0.49692	0.92556	0.09977	0.43964	0.85434	0.055111	0.52831	1.0281	0.50908	0.40042	1.0304	0.50006	0.52048	1.0638	0.054042	0.44431	1.0963	0.060759	0.48794	1.1059	0.89723	0.45402	0.93672	0.11161	0.50444	1.0384	0.49632	83.66	-6.516	-12.132	-59.494	25.222	-3.2566	-9.1337	17.456	2.2229	-12.652	7.2146	-0.97442	8.2053	39.235	4.6846
-36.633	24.978	600.03	0.50617	1.0314	0.01458	0.49667	0.92612	0.10033	0.43942	0.85457	0.055774	0.52818	1.0325	0.50871	0.40032	1.0353	0.49952	0.52047	1.0639	0.053917	0.44438	1.0966	0.060453	0.48808	1.1144	0.89588	0.45378	0.93737	0.11206	0.50427	1.0431	0.49602	84.015	-6.3459	-12.184	-62.372	25.577	-3.5037	-9.2486	17.425	2.3343	-12.484	7.2769	-1.3226	10.453	40.225	4.6759
-38.216	27.981	617.48	0.50584	1.0333	0.014583	0.49644	0.9267	0.10094	0.43919	0.8548	0.056501	0.52805	1.0371	0.50833	0.40022	1.0404	0.49896	0.52046	1.0641	0.053789	0.44446	1.0969	0.060142	0.48823	1.123	0.89446	0.45355	0.93806	0.11254	0.50411	1.0479	0.4957	84.375	-6.1694	-12.253	-65.381	25.896	-3.7598	-9.3807	17.384	2.4604	-12.31	7.2897	-1.6747	12.726	41.165	4.6419
-39.943	31.419	635.54	0.50548	1.0351	0.014585	0.49621	0.92728	0.10159	0.43898	0.85503	0.0573	0.52792	1.0417	0.50793	0.40011	1.0457	0.49837	0.52044	1.0642	0.053656	0.44455	1.0973	0.059825	0.48837	1.1316	0.89298	0.45334	0.93876	0.11306	0.50394	1.0528	0.49536	84.736	-5.9842	-12.342	-68.516	26.172	-4.0233	-9.5288	17.333	2.6004	-12.136	7.2528	-2.0263	15.008	42.053	4.5816
-41.798	35.332	654.13	0.5051	1.037	0.014587	0.49599	0.92788	0.10229	0.43877	0.85527	0.058179	0.52778	1.0465	0.50753	0.40001	1.0511	0.49776	0.52042	1.0643	0.053515	0.44465	1.0976	0.0595	0.4885	1.1403	0.89145	0.45315	0.9395	0.11363	0.50377	1.0578	0.49501	85.099	-5.7883	-12.451	-71.771	26.397	-4.2924	-9.6922	17.273	2.7537	-11.959	7.1697	-2.3757	17.295	42.896	4.4957
-43.752	39.751	673.2	0.50468	1.0387	0.014589	0.49578	0.92849	0.10304	0.43856	0.8555	0.059149	0.52765	1.0514	0.50712	0.39992	1.0566	0.49713	0.52039	1.0644	0.053364	0.44475	1.0978	0.059165	0.48863	1.1491	0.88987	0.45297	0.94027	0.11424	0.50362	1.063	0.49464	85.461	-5.5793	-12.581	-75.138	26.561	-4.5659	-9.8705	17.204	2.9197	-11.776	7.0479	-2.7234	19.585	43.71	4.3848
-45.771	44.7	692.63	0.50424	1.0404	0.014591	0.49558	0.92912	0.10386	0.43837	0.85575	0.060222	0.52752	1.0564	0.5067	0.39984	1.0622	0.49646	0.52035	1.0645	0.053201	0.44486	1.0981	0.05882	0.48874	1.158	0.88825	0.45283	0.94108	0.1149	0.50348	1.0682	0.49425	85.82	-5.355	-12.733	-78.606	26.655	-4.8427	-10.064	17.127	3.0979	-11.577	6.8967	-3.0719	21.881	44.513	4.2501
-47.819	50.195	712.32	0.50378	1.042	0.014592	0.49539	0.92976	0.10473	0.43819	0.85601	0.06141	0.5274	1.0615	0.50627	0.39978	1.0681	0.49577	0.52031	1.0646	0.053023	0.44497	1.0984	0.058462	0.48883	1.1671	0.8866	0.45272	0.94193	0.11563	0.50336	1.0736	0.49385	86.176	-5.1133	-12.906	-82.162	26.667	-5.1214	-10.273	17.043	3.2877	-11.351	6.7247	-3.4239	24.185	45.324	4.0925
-49.862	56.24	732.11	0.50328	1.0436	0.014593	0.49523	0.93042	0.10568	0.43802	0.8563	0.062727	0.52729	1.0667	0.50583	0.39973	1.074	0.49504	0.52027	1.0646	0.052829	0.44509	1.0986	0.05809	0.4889	1.1762	0.88492	0.45264	0.94282	0.11641	0.50326	1.0791	0.49343	86.525	-4.852	-13.102	-85.785	26.585	-5.3995	-10.5	16.953	3.4889	-11.083	6.5405	-3.7834	26.504	46.159	3.9136
-51.865	62.827	751.8	0.50277	1.0451	0.014594	0.49508	0.93111	0.1067	0.43787	0.8566	0.064188	0.5272	1.0721	0.50539	0.39972	1.0802	0.49427	0.52022	1.0647	0.052617	0.44521	1.0988	0.057703	0.48894	1.1854	0.88322	0.45259	0.94376	0.11727	0.50319	1.0848	0.493	86.865	-4.5693	-13.32	-89.449	26.4	-5.6744	-10.747	16.857	3.7014	-10.751	6.3515	-4.1549	28.842	47.026	3.715
-53.795	69.935	771.14	0.50224	1.0466	0.014594	0.49495	0.93184	0.1078	0.43772	0.85694	0.065808	0.52713	1.0776	0.50493	0.39973	1.0865	0.49345	0.52017	1.0646	0.052386	0.44534	1.099	0.0573	0.48894	1.1947	0.8815	0.45259	0.94476	0.11819	0.50316	1.0906	0.49254	87.194	-4.2636	-13.559	-93.12	26.098	-5.9427	-11.016	16.757	3.9249	-10.332	6.1641	-4.5436	31.208	47.936	3.4986
-55.614	77.527	789.85	0.50169	1.048	0.014594	0.49484	0.93261	0.10899	0.4376	0.85734	0.067605	0.52709	1.0833	0.50445	0.39979	1.093	0.49258	0.52011	1.0646	0.052137	0.44547	1.0991	0.056879	0.4889	1.2042	0.87978	0.45263	0.94583	0.1192	0.50318	1.0967	0.49206	87.509	-3.9335	-13.819	-96.753	25.67	-6.2006	-11.311	16.654	4.1595	-9.796	5.984	-4.9559	33.606	48.889	3.2668
-57.281	85.551	807.58	0.50114	1.0493	0.014594	0.49476	0.93344	0.11028	0.43748	0.85779	0.069598	0.52709	1.0892	0.50396	0.3999	1.0998	0.49165	0.52005	1.0645	0.051871	0.4456	1.0992	0.056443	0.48882	1.2138	0.87805	0.45272	0.94698	0.12029	0.50325	1.1029	0.49154	87.807	-3.5782	-14.097	-100.29	25.102	-6.4429	-11.635	16.549	4.4055	-9.1115	5.8168	-5.3975	36.037	49.886	3.0225
-58.751	93.941	823.94	0.50057	1.0506	0.014594	0.4947	0.93434	0.11167	0.43738	0.85833	0.071803	0.52713	1.0953	0.50344	0.40006	1.1067	0.49065	0.51999	1.0644	0.05159	0.44573	1.0992	0.05599	0.48869	1.2235	0.87632	0.45285	0.94823	0.12148	0.50337	1.1093	0.491	88.084	-3.1974	-14.391	-103.68	24.385	-6.6638	-11.993	16.442	4.6634	-8.25	5.6683	-5.8728	38.49	50.924	2.7685
-59.976	102.62	838.48	0.50001	1.0518	0.014594	0.49467	0.93532	0.11318	0.43728	0.85897	0.074242	0.52722	1.1016	0.5029	0.40029	1.114	0.48957	0.51992	1.0643	0.051298	0.44586	1.0992	0.055522	0.4885	1.2334	0.8746	0.45302	0.94958	0.12276	0.50357	1.1159	0.49041	88.337	-2.7912	-14.698	-106.84	23.511	-6.8572	-12.391	16.335	4.9336	-7.1872	5.5439	-6.385	40.942	51.997	2.5065
-60.907	111.5	850.76	0.49944	1.053	0.014593	0.49467	0.93641	0.11482	0.4372	0.85974	0.076934	0.52736	1.1081	0.50232	0.4006	1.1214	0.4884	0.51986	1.0641	0.051001	0.446	1.0991	0.055041	0.48825	1.2434	0.87289	0.45324	0.95105	0.12415	0.50385	1.1228	0.48977	88.561	-2.3605	-15.016	-109.69	22.477	-7.0167	-12.832	16.229	5.217	-5.9038	5.4493	-6.9357	43.356	53.095	2.2378
-61.5	120.47	860.33	0.49887	1.0542	0.014593	0.49469	0.93762	0.11659	0.43711	0.86066	0.079898	0.52756	1.1149	0.5017	0.40098	1.1292	0.48713	0.5198	1.0639	0.050706	0.44614	1.099	0.054552	0.48794	1.2535	0.8712	0.45349	0.95266	0.12565	0.50421	1.13	0.48907	88.75	-1.9067	-15.339	-112.16	21.287	-7.1362	-13.325	16.123	5.5144	-4.3846	5.3899	-7.5262	45.691	54.202	1.9637
-61.716	129.4	866.75	0.49831	1.0552	0.014592	0.49474	0.93899	0.11851	0.43703	0.86177	0.083155	0.52784	1.1219	0.50104	0.40146	1.1373	0.48576	0.51975	1.0636	0.050422	0.44627	1.0988	0.054056	0.48756	1.2637	0.86952	0.45378	0.95444	0.12726	0.50467	1.1374	0.48831	88.9	-1.4321	-15.664	-114.16	19.949	-7.2099	-13.873	16.018	5.827	-2.6166	5.3712	-8.158	47.906	55.3	1.6857
-61.524	138.14	869.61	0.49776	1.0563	0.014591	0.49482	0.94053	0.12059	0.43695	0.86309	0.086722	0.52819	1.1293	0.50032	0.40204	1.1457	0.48428	0.5197	1.0633	0.05016	0.44641	1.0986	0.05356	0.4871	1.274	0.86787	0.4541	0.9564	0.12901	0.50522	1.1452	0.48748	89.004	-0.93991	-15.985	-115.61	18.479	-7.2333	-14.483	15.914	6.156	-0.58991	5.3988	-8.8336	49.967	56.365	1.4068
-60.899	146.5	868.56	0.49722	1.0573	0.014591	0.49491	0.94227	0.12285	0.43685	0.86467	0.090617	0.52863	1.137	0.49955	0.40273	1.1545	0.48268	0.51965	1.063	0.049934	0.44656	1.0984	0.053071	0.48657	1.2845	0.86625	0.45445	0.95858	0.1309	0.50589	1.1533	0.48657	89.055	-0.43402	-16.297	-116.42	16.9	-7.2033	-15.162	15.81	6.503	1.6989	5.4786	-9.5556	51.839	57.368	1.1294
-59.828	154.3	863.27	0.49668	1.0583	0.01459	0.49503	0.94424	0.12528	0.43674	0.86653	0.094857	0.52915	1.145	0.49872	0.40353	1.1636	0.48096	0.51962	1.0627	0.049757	0.44671	1.0981	0.052595	0.48596	1.295	0.86467	0.45481	0.96099	0.13293	0.50667	1.1617	0.48557	89.047	0.080801	-16.592	-116.52	15.239	-7.1186	-15.914	15.704	6.8694	4.2426	5.6147	-10.326	53.489	58.274	0.85614
-58.311	161.32	853.45	0.49617	1.0593	0.014589	0.49517	0.94649	0.12791	0.4366	0.86873	0.099453	0.52976	1.1535	0.49782	0.40445	1.1732	0.47911	0.5196	1.0624	0.049646	0.44687	1.0979	0.052141	0.48527	1.3057	0.86312	0.45518	0.96366	0.13511	0.50757	1.1706	0.48449	88.972	0.59892	-16.865	-115.83	13.532	-6.98	-16.746	15.596	7.2566	7.0205	5.8095	-11.143	54.883	59.037	0.58881
-56.356	167.35	838.84	0.49567	1.0602	0.014589	0.49532	0.94903	0.13074	0.43644	0.8713	0.10442	0.53047	1.1623	0.49685	0.40549	1.1831	0.47713	0.5196	1.0621	0.049619	0.44705	1.0976	0.05172	0.4845	1.3164	0.86162	0.45555	0.96664	0.13746	0.50858	1.1798	0.4833	88.82	1.1137	-17.11	-114.3	11.818	-6.7889	-17.661	15.483	7.6665	9.9956	6.0629	-12.004	55.979	59.607	0.32926
-53.99	172.18	819.24	0.4952	1.0611	0.014588	0.49548	0.95191	0.13379	0.43624	0.87428	0.10976	0.53127	1.1716	0.49581	0.40666	1.1935	0.47503	0.51961	1.0619	0.049695	0.44723	1.0975	0.051343	0.48364	1.3272	0.86017	0.4559	0.96994	0.13998	0.50972	1.1894	0.48202	88.585	1.6178	-17.318	-111.86	10.142	-6.5476	-18.664	15.362	8.1004	13.112	6.3714	-12.896	56.737	59.922	0.080705
-51.253	175.55	794.5	0.49475	1.0621	0.014588	0.49565	0.95517	0.13706	0.43599	0.87772	0.11548	0.53217	1.1813	0.49469	0.40796	1.2043	0.4728	0.51963	1.0618	0.049895	0.44744	1.0974	0.051022	0.48271	1.338	0.85878	0.45623	0.9736	0.14268	0.51099	1.1995	0.48063	88.258	2.1031	-17.485	-108.5	8.5459	-6.2584	-19.758	15.23	8.5597	16.298	6.7264	-13.802	57.116	59.912	-0.15161
-48.196	177.24	764.52	0.49434	1.063	0.014588	0.4958	0.95883	0.14055	0.43569	0.88165	0.12158	0.53317	1.1914	0.49351	0.40939	1.2157	0.47046	0.51968	1.0617	0.050238	0.44767	1.0974	0.050769	0.4817	1.3489	0.85745	0.45653	0.97766	0.14557	0.51237	1.2101	0.47915	87.83	2.5606	-17.606	-104.19	7.0724	-5.9238	-20.944	15.083	9.0453	19.463	7.1137	-14.697	57.077	59.504	-0.35984
-44.879	177.03	729.33	0.49396	1.064	0.014588	0.49596	0.96294	0.14428	0.43532	0.88614	0.12805	0.53426	1.2021	0.49226	0.41094	1.2275	0.46801	0.51976	1.0619	0.050747	0.44793	1.0976	0.050598	0.48062	1.3598	0.85618	0.45678	0.98215	0.14866	0.51386	1.2211	0.47758	87.294	2.9813	-17.674	-98.952	5.7559	-5.5465	-22.223	14.917	9.5579	22.503	7.5142	-15.546	56.591	58.628	-0.53295
-41.373	174.72	689.11	0.49364	1.0651	0.014589	0.49609	0.96753	0.14825	0.43489	0.89119	0.13488	0.53544	1.2132	0.49095	0.41261	1.2398	0.46547	0.51985	1.0622	0.051439	0.44822	1.098	0.050524	0.47947	1.3707	0.855	0.45698	0.98711	0.15195	0.51546	1.2325	0.47591	86.646	3.3555	-17.689	-92.837	4.6232	-5.1286	-23.595	14.727	10.097	25.303	7.9039	-16.308	55.637	57.219	-0.65719
-37.758	170.18	644.2	0.49337	1.0663	0.01459	0.49621	0.97264	0.15245	0.43439	0.89687	0.14205	0.5367	1.2249	0.48959	0.4144	1.2526	0.46285	0.51997	1.0628	0.052335	0.44854	1.0987	0.05056	0.47826	1.3816	0.85389	0.45711	0.99258	0.15544	0.51717	1.2445	0.47418	85.881	3.6734	-17.647	-85.932	3.6896	-4.6735	-25.057	14.509	10.663	27.743	8.2536	-16.935	54.2	55.228	-0.71905
-34.117	163.39	595.15	0.49316	1.0676	0.014592	0.49629	0.9783	0.15688	0.4338	0.9032	0.14955	0.53804	1.237	0.48819	0.41628	1.2659	0.46018	0.52012	1.0637	0.053452	0.4489	1.0997	0.050721	0.47698	1.3925	0.85288	0.45716	0.99858	0.15915	0.51896	1.2569	0.47238	85	3.9259	-17.552	-78.365	2.957	-4.1879	-26.605	14.258	11.254	29.701	8.5294	-17.375	52.272	52.626	-0.7076
-30.536	154.4	542.74	0.49301	1.0691	0.014595	0.49635	0.98453	0.16155	0.43312	0.9102	0.15735	0.53943	1.2497	0.48676	0.41826	1.2797	0.45746	0.5203	1.065	0.054804	0.44931	1.1011	0.05102	0.47567	1.4034	0.85196	0.45715	1.0051	0.16306	0.52083	1.2698	0.47053	84.004	4.105	-17.406	-70.304	2.4129	-3.6814	-28.233	13.969	11.868	31.071	8.6958	-17.579	49.864	49.415	-0.61605
-27.09	143.43	487.97	0.49293	1.0709	0.014599	0.49636	0.99138	0.16642	0.43235	0.9179	0.1654	0.54088	1.2629	0.48532	0.42032	1.2941	0.45474	0.52051	1.0666	0.056402	0.44976	1.1029	0.051469	0.47431	1.4143	0.85115	0.45704	1.0123	0.16717	0.52277	1.2832	0.46865	82.902	4.2039	-17.216	-61.953	2.0332	-3.1658	-29.934	13.638	12.5	31.768	8.7217	-17.504	46.992	45.634	-0.44558
-23.841	130.8	431.99	0.49293	1.0729	0.014604	0.49633	0.99886	0.1715	0.43149	0.92633	0.17367	0.54238	1.2767	0.48388	0.42244	1.3089	0.45204	0.52074	1.0687	0.058256	0.45027	1.1052	0.05208	0.47292	1.4251	0.85045	0.45685	1.0201	0.17148	0.52475	1.297	0.46676	81.706	4.2178	-16.991	-53.538	1.7852	-2.6549	-31.7	13.262	13.148	31.734	8.5825	-17.117	43.684	41.362	-0.20732
-20.833	116.97	376.03	0.49301	1.0752	0.01461	0.49624	1.007	0.17677	0.43054	0.93549	0.18211	0.5439	1.2909	0.48247	0.4246	1.3243	0.44938	0.52101	1.0714	0.06037	0.45082	1.1081	0.05286	0.47151	1.4358	0.84987	0.45658	1.0286	0.17598	0.52677	1.3113	0.46489	80.432	4.1447	-16.744	-45.293	1.63	-2.1636	-33.518	12.836	13.805	30.947	8.2631	-16.401	39.978	36.712	0.077087
-18.083	102.42	321.33	0.49317	1.0778	0.014617	0.49611	1.0158	0.18219	0.42949	0.94539	0.19069	0.54543	1.3056	0.48111	0.4268	1.3401	0.44681	0.52131	1.0746	0.062742	0.45143	1.1116	0.053818	0.47009	1.4465	0.84942	0.45622	1.0377	0.18065	0.5288	1.3261	0.46306	79.102	3.9858	-16.487	-37.442	1.5269	-1.708	-35.379	12.36	14.467	29.43	7.7607	-15.359	35.933	31.829	0.37791
-15.596	87.681	269.05	0.49343	1.0807	0.014626	0.49591	1.0253	0.18776	0.42836	0.95603	0.19933	0.54695	1.3208	0.47981	0.42901	1.3564	0.44435	0.52163	1.0785	0.065367	0.45209	1.1158	0.054958	0.46868	1.4571	0.8491	0.45577	1.0475	0.18547	0.53083	1.3413	0.4613	77.74	3.7451	-16.235	-30.184	1.4381	-1.3042	-37.27	11.832	15.125	27.248	7.0822	-14.015	31.622	26.867	0.66128
-13.359	73.276	220.19	0.49379	1.0841	0.014637	0.49566	1.0354	0.19343	0.42713	0.9674	0.20798	0.54846	1.3364	0.4786	0.4312	1.3732	0.44204	0.52198	1.0832	0.068234	0.4528	1.1207	0.05628	0.46729	1.4676	0.84892	0.45525	1.058	0.19041	0.53283	1.3568	0.45963	76.375	3.4303	-16.001	-23.677	1.3342	-0.9643	-39.177	11.253	15.773	24.499	6.2467	-12.412	27.129	21.987	0.89346
-11.352	59.639	175.57	0.49428	1.088	0.014649	0.49535	1.0463	0.19918	0.42583	0.97949	0.21657	0.54994	1.3525	0.47751	0.43336	1.3904	0.43991	0.52236	1.0885	0.071328	0.45356	1.1265	0.057782	0.46592	1.478	0.84889	0.45466	1.0692	0.19545	0.5348	1.3728	0.45808	75.033	3.0513	-15.8	-18.023	1.1968	-0.69377	-41.087	10.626	16.402	21.311	5.2892	-10.611	22.564	17.34	1.0479
-9.5447	47.103	135.77	0.49491	1.0926	0.014664	0.49498	1.0578	0.20496	0.42445	0.99227	0.22506	0.55136	1.369	0.47655	0.43547	1.408	0.43799	0.52276	1.0948	0.074626	0.45436	1.1331	0.059459	0.4646	1.4883	0.849	0.454	1.0811	0.20056	0.53672	1.3891	0.45668	73.741	2.6206	-15.64	-13.297	1.014	-0.49685	-42.987	9.954	17.006	17.88	4.2524	-8.6981	18.081	13.067	1.1191
-7.909	35.9	101.13	0.49573	1.0982	0.014683	0.49456	1.07	0.21075	0.42301	1.0057	0.23336	0.55272	1.3858	0.47576	0.43751	1.4259	0.43633	0.52318	1.1019	0.078102	0.4552	1.1406	0.061301	0.46332	1.4985	0.84927	0.45328	1.0937	0.20571	0.53856	1.4058	0.45545	72.523	2.1514	-15.529	-9.4443	0.79198	-0.36147	-44.864	9.2425	17.576	14.304	3.1939	-6.7475	13.786	9.2671	1.0959
-6.4229	26.182	71.752	0.49678	1.1055	0.014707	0.49408	1.0829	0.21649	0.42152	1.0198	0.24142	0.554	1.403	0.47514	0.43945	1.4442	0.43495	0.52362	1.1099	0.081724	0.45608	1.1491	0.063294	0.46211	1.5086	0.8497	0.45251	1.107	0.21084	0.54031	1.4228	0.45442	71.402	1.6576	-15.47	-6.4333	0.5366	-0.28324	-46.704	8.498	18.104	10.762	2.1573	-4.8457	9.8016	6.0109	0.98737
-5.0743	18.008	47.54	0.49819	1.1161	0.014742	0.49355	1.0965	0.22214	0.42	1.0346	0.24916	0.5552	1.4204	0.47473	0.44127	1.4628	0.43388	0.52408	1.1189	0.085455	0.45698	1.1586	0.065422	0.46098	1.5186	0.85028	0.4517	1.1209	0.21592	0.54195	1.44	0.4536	70.391	1.1523	-15.464	-4.4862	0.22654	-0.30028	-48.498	7.7283	18.585	7.7986	1.1361	-3.1422	6.3942	3.3506	0.86706
-3.8553	11.346	28.197	0.50032	1.1344	0.0148	0.49297	1.1107	0.22765	0.41845	1.0499	0.25653	0.55629	1.4381	0.47454	0.44297	1.4816	0.43315	0.52455	1.1288	0.089255	0.45791	1.169	0.067663	0.45992	1.5285	0.85101	0.45086	1.1355	0.22092	0.54348	1.4575	0.45303	69.503	0.64707	-15.506	-2.2899	0.024045	-0.2083	-50.232	6.9427	19.012	3.948	0.37021	-1.4202	2.9811	1.2117	0.52571
0	0	0	NaN	NaN	NaN	0.49236	1.1255	0.23299	0.41689	1.0657	0.26347	0.55726	1.4561	0.47458	0.44451	1.5006	0.43277	0.52502	1.1398	0.093079	0.45884	1.1806	0.069994	0.45896	1.5384	0.8519	0.44999	1.1507	0.22577	0.54488	1.4751	0.45271	68.746	0.15197	-15.591	0.028029	0.002416	0.005591	-51.9	6.151	19.38	0.006907	0.042186	-0.045069	0.20385	-0.13008	0.06643
