3.1949	4.3192	53.582	0.51643	0.90727	0.014099	0.55991	0.91762	0.082477	0.49351	0.88214	0.029288	0.58284	0.78289	0.47964	0.45621	0.80164	0.4809	0.58513	1.0181	0.072581	0.52234	1.0569	0.11342	0.5304	0.63042	0.83232	0.51487	0.92209	0.093572	0.52089	0.79231	0.47478	78.155	-8.2416	-19.277	0.30934	0.3819	-0.18051	-6.0006	-2.3337	-4.0753	-8.3545	0.063288	-0.52813	-18.774	1.6965	1.4497
3.3201	1.4747	86.379	0.52082	0.92184	0.014207	0.55974	0.92453	0.080966	0.49398	0.88765	0.028395	0.58258	0.79289	0.4789	0.45577	0.81046	0.47968	0.58377	1.0251	0.069749	0.52049	1.0637	0.11003	0.53053	0.64128	0.83162	0.51458	0.92869	0.091561	0.52051	0.80173	0.47395	77.718	-8.4652	-19.307	0.17142	0.81559	-0.29881	-6.2452	-2.3631	-3.7763	-11.06	0.082494	-0.76442	-25.746	1.7133	1.4801
3.1805	-2.9846	126.82	0.52355	0.93116	0.014276	0.55956	0.93054	0.079355	0.49445	0.89203	0.027679	0.5824	0.80304	0.47831	0.45543	0.8194	0.47856	0.58241	1.031	0.066369	0.51866	1.0696	0.10594	0.53077	0.65227	0.83104	0.51431	0.93445	0.089392	0.52021	0.81131	0.47326	77.143	-8.7605	-19.302	0.16313	1.4377	-0.43219	-6.6251	-2.3872	-3.4878	-13.691	0.21673	-1.0262	-33.332	1.6109	1.4557
2.6534	-9.4156	174.62	0.52555	0.93813	0.014327	0.55939	0.9358	0.077718	0.49492	0.89548	0.0272	0.5823	0.81331	0.47786	0.45517	0.82843	0.47754	0.58113	1.036	0.062567	0.51693	1.0749	0.10125	0.53113	0.66337	0.83059	0.51407	0.93954	0.087161	0.51998	0.82101	0.4727	76.422	-9.1354	-19.259	0.21252	2.2698	-0.56916	-7.1096	-2.406	-3.2081	-15.767	0.45103	-1.2812	-40.664	1.2132	1.2613
1.5929	-18.155	228.57	0.5272	0.94398	0.01437	0.55924	0.94045	0.076125	0.49539	0.89818	0.026999	0.58226	0.82369	0.47756	0.455	0.83756	0.47664	0.57996	1.0403	0.058491	0.51535	1.0796	0.096135	0.53161	0.67458	0.83026	0.51386	0.94413	0.084963	0.5198	0.83082	0.47227	75.557	-9.5985	-19.177	0.33566	3.3135	-0.68935	-7.6694	-2.4184	-2.9283	-16.968	0.77766	-1.4961	-47.18	0.46629	0.88962
-0.17439	-29.455	286.51	0.5287	0.94936	0.01441	0.5591	0.94463	0.074638	0.49584	0.90034	0.027092	0.58228	0.83414	0.4774	0.45489	0.84678	0.47589	0.57896	1.0439	0.054306	0.51396	1.0839	0.090738	0.5322	0.68588	0.83008	0.51367	0.94837	0.082885	0.51967	0.84072	0.47197	74.57	-10.158	-19.056	0.47863	4.5571	-0.76738	-8.2799	-2.4226	-2.6333	-16.84	1.1294	-1.6196	-51.929	-0.77696	0.25679
-2.8399	-43.307	346.43	0.53018	0.95456	0.014448	0.55897	0.94844	0.073302	0.49627	0.9021	0.027461	0.58235	0.84466	0.4774	0.45485	0.8561	0.47531	0.57815	1.0469	0.050174	0.51278	1.0878	0.08523	0.53291	0.69727	0.83003	0.51348	0.95237	0.080997	0.51959	0.8507	0.4718	73.502	-10.818	-18.896	0.58615	5.9882	-0.78042	-8.9251	-2.4162	-2.3035	-15.162	1.3913	-1.6035	-54.377	-2.6636	-0.71676
-6.4854	-59.335	407.21	0.53168	0.95969	0.014486	0.55886	0.95195	0.072141	0.49669	0.90357	0.028064	0.58244	0.85522	0.47756	0.45486	0.86552	0.47496	0.57753	1.0496	0.046239	0.51179	1.0914	0.079764	0.53374	0.70873	0.83013	0.51325	0.95616	0.079345	0.51955	0.86075	0.47179	72.408	-11.576	-18.699	0.60853	7.5993	-0.7123	-9.5997	-2.3971	-1.9203	-11.952	1.464	-1.415	-54.473	-5.2669	-2.0571
-11.008	-76.865	467.99	0.53318	0.96473	0.014523	0.55875	0.95518	0.071165	0.49708	0.90482	0.02884	0.58255	0.86582	0.47787	0.4549	0.87506	0.47484	0.57709	1.0518	0.04262	0.51097	1.0947	0.074477	0.53467	0.72024	0.83037	0.51294	0.95977	0.077948	0.51954	0.87087	0.47193	71.351	-12.424	-18.467	0.50164	9.3837	-0.55438	-10.307	-2.3658	-1.4701	-7.4049	1.3033	-1.0413	-52.535	-8.5517	-3.7188
-16.143	-95.066	528.22	0.53464	0.96964	0.014559	0.55862	0.95813	0.07037	0.49743	0.90591	0.029724	0.58267	0.87645	0.47832	0.45496	0.88471	0.47497	0.57681	1.0537	0.039398	0.51027	1.0977	0.069479	0.53571	0.73176	0.83074	0.51253	0.96313	0.076802	0.51956	0.88103	0.47223	70.395	-13.344	-18.202	0.22835	11.331	-0.30419	-11.057	-2.3264	-0.94919	-1.8014	0.9394	-0.48994	-49.065	-12.371	-5.5903
-21.542	-113.19	587.62	0.53601	0.97435	0.014594	0.55845	0.96081	0.069746	0.49773	0.90685	0.030653	0.58279	0.88706	0.47888	0.45503	0.89445	0.47535	0.57666	1.0553	0.036622	0.50965	1.1004	0.064858	0.53685	0.74328	0.83126	0.51201	0.9662	0.075886	0.51959	0.89122	0.47269	69.593	-14.31	-17.904	-0.23567	13.429	0.038056	-11.857	-2.2867	-0.36564	4.6021	0.45716	0.22036	-44.547	-16.529	-7.5431
-26.854	-130.79	645.85	0.53724	0.97884	0.014627	0.55824	0.9632	0.069275	0.49798	0.90768	0.031574	0.58289	0.89761	0.4795	0.45508	0.90424	0.47596	0.57659	1.0566	0.034317	0.50909	1.1027	0.06068	0.53806	0.75475	0.8319	0.51139	0.96891	0.075171	0.51964	0.90139	0.47326	68.985	-15.292	-17.566	-0.90174	15.655	0.47421	-12.709	-2.2563	0.26164	11.647	-0.033135	1.0707	-39.259	-20.829	-9.4652
-31.754	-147.53	702.41	0.53829	0.98307	0.014658	0.55798	0.96531	0.068941	0.49816	0.90839	0.032448	0.58297	0.90804	0.48016	0.45513	0.91402	0.47675	0.57659	1.0576	0.032477	0.50854	1.1047	0.056989	0.53935	0.76613	0.83267	0.51069	0.97125	0.074632	0.5197	0.91148	0.47394	68.593	-16.253	-17.184	-1.7687	17.972	1.005	-13.602	-2.244	0.90564	19.225	-0.41853	2.0406	-33.335	-25.084	-11.273
-35.998	-163.05	756.97	0.53915	0.98698	0.014686	0.55767	0.96715	0.06872	0.49828	0.90901	0.033244	0.58303	0.91824	0.4808	0.45516	0.92372	0.47767	0.57661	1.0584	0.031076	0.50801	1.1065	0.053804	0.54068	0.77741	0.83355	0.50993	0.97323	0.074244	0.51976	0.92142	0.47467	68.422	-17.158	-16.751	-2.8231	20.339	1.6214	-14.517	-2.2557	1.5345	27.164	-0.60489	3.0974	-26.998	-29.135	-12.908
-39.466	-176.86	809.36	0.53982	0.99051	0.014711	0.55733	0.96874	0.068591	0.49834	0.90954	0.033946	0.58309	0.92814	0.48138	0.4552	0.93324	0.47864	0.57664	1.0591	0.030066	0.50748	1.1079	0.05112	0.54204	0.78854	0.83453	0.50913	0.97487	0.073983	0.51982	0.9311	0.4754	68.458	-17.973	-16.269	-4.0393	22.715	2.3009	-15.426	-2.2933	2.1148	35.218	-0.53626	4.1968	-20.58	-32.876	-14.34
-42.124	-188.52	859.29	0.54033	0.99361	0.014733	0.55697	0.97008	0.068531	0.49834	0.90999	0.034546	0.58315	0.93763	0.48189	0.45523	0.94251	0.47961	0.57666	1.0596	0.029387	0.50697	1.1091	0.048915	0.54341	0.79949	0.83559	0.50834	0.97624	0.073827	0.51988	0.94045	0.4761	68.68	-18.667	-15.743	-5.3829	25.053	3.0138	-16.297	-2.3545	2.6147	43.134	-0.1956	5.2902	-14.381	-36.235	-15.559
-44.007	-197.65	906.13	0.54069	0.99625	0.014751	0.55661	0.97119	0.06852	0.49831	0.91035	0.03504	0.58322	0.94663	0.48229	0.4553	0.95141	0.48049	0.57668	1.0599	0.028976	0.5065	1.1101	0.04715	0.54476	0.81026	0.83672	0.50757	0.97737	0.073752	0.51996	0.94937	0.47673	69.057	-19.217	-15.184	-6.8162	27.294	3.7268	-17.102	-2.433	3.0055	50.679	0.39541	6.3305	-8.5965	-39.164	-16.564
-45.202	-204.01	949.03	0.54095	0.99844	0.014766	0.55626	0.97208	0.068542	0.49825	0.91064	0.035436	0.58332	0.95508	0.48259	0.45539	0.95986	0.48124	0.5767	1.0602	0.028773	0.50606	1.1109	0.045781	0.54607	0.82081	0.83791	0.50687	0.97833	0.073732	0.52005	0.95779	0.47724	69.56	-19.609	-14.609	-8.3053	29.38	4.4053	-17.815	-2.5193	3.2636	57.646	1.1758	7.2745	-3.3347	-41.64	-17.367
-45.824	-207.47	987.13	0.54114	1.0002	0.014778	0.55594	0.97279	0.068582	0.49816	0.91087	0.03574	0.58346	0.96292	0.48278	0.45553	0.96778	0.48181	0.57671	1.0604	0.028719	0.50568	1.1115	0.044755	0.54731	0.83113	0.83915	0.50624	0.97914	0.073744	0.52017	0.96565	0.47762	70.157	-19.839	-14.034	-9.8199	31.257	5.0162	-18.418	-2.6019	3.3723	63.849	2.0554	8.0856	1.3382	-43.659	-17.988
-46.009	-208.02	1019.6	0.54129	1.0016	0.014788	0.55565	0.97331	0.06863	0.49806	0.91102	0.035963	0.58365	0.97016	0.48287	0.45572	0.97511	0.48219	0.57673	1.0605	0.028768	0.50537	1.112	0.044018	0.54848	0.84123	0.84043	0.50571	0.97982	0.07377	0.52032	0.9729	0.47787	70.818	-19.914	-13.479	-11.335	32.882	5.5304	-18.9	-2.6689	3.3236	69.136	2.9265	8.738	5.3935	-45.242	-18.449
-45.9	-205.8	1045.9	0.54144	1.0027	0.014795	0.55541	0.97368	0.068678	0.49796	0.91113	0.03612	0.58388	0.97678	0.48288	0.45596	0.9818	0.48237	0.57675	1.0605	0.028879	0.50512	1.1124	0.043518	0.54954	0.85109	0.84175	0.50528	0.9804	0.073793	0.52052	0.97954	0.47798	71.517	-19.848	-12.957	-12.83	34.229	5.9259	-19.256	-2.7103	3.1195	73.401	3.6798	9.2183	8.8399	-46.432	-18.78
-45.621	-201.08	1065.4	0.54159	1.0035	0.014801	0.55521	0.97392	0.068721	0.49785	0.91119	0.03622	0.58416	0.98282	0.4828	0.45624	0.98783	0.48239	0.57679	1.0605	0.02902	0.50495	1.1126	0.043207	0.55048	0.86072	0.84309	0.50496	0.98089	0.073806	0.52075	0.98556	0.47798	72.231	-19.664	-12.484	-14.29	35.285	6.1899	-19.489	-2.72	2.7736	76.584	4.2282	9.5249	11.714	-47.279	-19.01
-45.268	-194.2	1078	0.54179	1.0041	0.014805	0.55506	0.97404	0.068757	0.49775	0.91121	0.036278	0.58448	0.98832	0.48268	0.45655	0.99323	0.48226	0.57685	1.0605	0.029168	0.50484	1.1127	0.043039	0.55131	0.87013	0.84447	0.50473	0.9813	0.073805	0.52103	0.99099	0.47789	72.939	-19.391	-12.068	-15.706	36.053	6.3187	-19.605	-2.6962	2.3108	78.663	4.5213	9.6643	14.065	-47.833	-19.158
-44.921	-185.53	1083.6	0.54203	1.0046	0.014809	0.55495	0.97408	0.068785	0.49765	0.9112	0.036304	0.58483	0.99332	0.48251	0.45689	0.99801	0.48203	0.57692	1.0604	0.029308	0.5048	1.1128	0.042976	0.55202	0.87934	0.84587	0.50459	0.98162	0.073791	0.52135	0.99588	0.47772	73.627	-19.059	-11.716	-17.07	36.552	6.316	-19.611	-2.6415	1.7655	79.647	4.5438	9.649	15.945	-48.145	-19.239
-44.657	-175.48	1082.3	0.54235	1.0051	0.014813	0.55487	0.97405	0.068807	0.49755	0.91116	0.036309	0.5852	0.99786	0.48231	0.45725	1.0023	0.48175	0.57701	1.0603	0.029428	0.50481	1.1128	0.042986	0.55261	0.88836	0.84729	0.50453	0.98188	0.07377	0.52172	1.0003	0.47752	74.28	-18.7	-11.43	-18.382	36.811	6.1908	-19.517	-2.5621	1.1783	79.573	4.3105	9.4961	17.416	-48.273	-19.268
-44.548	-164.46	1074.5	0.54276	1.0056	0.014818	0.55483	0.97397	0.068823	0.49747	0.91111	0.036301	0.58559	1.002	0.48209	0.45763	1.006	0.48145	0.57712	1.0602	0.029523	0.50487	1.1128	0.043043	0.55309	0.89723	0.84873	0.50454	0.98208	0.073745	0.52211	1.0042	0.4773	74.89	-18.344	-11.209	-19.648	36.865	5.956	-19.331	-2.4664	0.59226	78.506	3.8582	9.2258	18.541	-48.276	-19.257
-44.645	-152.87	1060.7	0.54327	1.0062	0.014823	0.55483	0.97386	0.068835	0.49739	0.91105	0.036287	0.58598	1.0058	0.48187	0.45801	1.0094	0.48115	0.57725	1.0601	0.029592	0.50497	1.1128	0.043126	0.55347	0.90595	0.85019	0.50461	0.98222	0.073723	0.52254	1.0078	0.47707	75.451	-18.016	-11.051	-20.877	36.757	5.6275	-19.062	-2.3634	0.047665	76.533	3.2405	8.8574	19.385	-48.203	-19.215
-44.971	-141.07	1041.5	0.5439	1.0069	0.01483	0.55484	0.97372	0.068844	0.49731	0.91098	0.036274	0.58638	1.0092	0.48165	0.4584	1.0124	0.48089	0.57738	1.06	0.029635	0.50509	1.1127	0.043221	0.55376	0.91456	0.85165	0.50471	0.98232	0.073706	0.52298	1.011	0.47687	75.96	-17.735	-10.949	-22.087	36.526	5.2225	-18.719	-2.2617	-0.42116	73.759	2.5197	8.4087	20.007	-48.086	-19.142
-45.518	-129.36	1017.6	0.54466	1.0079	0.014838	0.55487	0.97358	0.068851	0.49725	0.91091	0.036265	0.58677	1.0124	0.48144	0.45878	1.0152	0.48067	0.57752	1.0599	0.029654	0.50525	1.1126	0.043315	0.55399	0.92308	0.85313	0.50484	0.98238	0.0737	0.52344	1.014	0.47669	76.418	-17.515	-10.895	-23.295	36.211	4.759	-18.309	-2.1682	-0.78886	70.306	1.7591	7.8945	20.461	-47.935	-19.036
-46.253	-118.02	989.8	0.54556	1.0091	0.014849	0.5549	0.97344	0.068857	0.49718	0.91085	0.036266	0.58715	1.0153	0.48124	0.45915	1.0178	0.4805	0.57768	1.0598	0.029653	0.50541	1.1125	0.043403	0.55415	0.93152	0.8546	0.50498	0.98242	0.073705	0.52389	1.0167	0.47654	76.826	-17.358	-10.879	-24.523	35.846	4.2545	-17.84	-2.088	-1.0412	66.302	1.0166	7.3271	20.79	-47.743	-18.888
-47.117	-107.24	958.96	0.5466	1.0106	0.014862	0.55494	0.97331	0.068863	0.49711	0.91079	0.036279	0.58751	1.018	0.48105	0.45951	1.0203	0.48036	0.57783	1.0597	0.029636	0.50559	1.1125	0.04348	0.55427	0.93991	0.85606	0.50513	0.98243	0.073723	0.52433	1.0193	0.47643	77.188	-17.262	-10.892	-25.789	35.458	3.7255	-17.318	-2.0238	-1.1749	61.878	0.34233	6.7162	21.031	-47.484	-18.687
-48.035	-97.172	925.95	0.54778	1.0125	0.014877	0.55497	0.9732	0.068869	0.49704	0.91075	0.036307	0.58785	1.0205	0.48088	0.45985	1.0227	0.48027	0.57799	1.0596	0.029609	0.50577	1.1124	0.043543	0.55435	0.94825	0.85751	0.50526	0.98244	0.073756	0.52474	1.0217	0.47636	77.508	-17.215	-10.922	-27.116	35.068	3.1869	-16.752	-1.9768	-1.1963	57.161	-0.22315	6.07	21.204	-47.12	-18.419
-48.924	-87.923	891.61	0.54909	1.0147	0.014896	0.55498	0.97309	0.068877	0.49696	0.91072	0.036352	0.58816	1.0228	0.48073	0.46015	1.0251	0.48019	0.57814	1.0595	0.029574	0.50596	1.1124	0.043594	0.55441	0.95656	0.85893	0.50538	0.98244	0.073803	0.5251	1.0239	0.47633	77.79	-17.203	-10.961	-28.519	34.69	2.6516	-16.146	-1.946	-1.1209	52.266	-0.64949	5.3954	21.323	-46.61	-18.074
-49.7	-79.538	856.79	0.55052	1.0174	0.014917	0.55497	0.97301	0.068889	0.49686	0.91071	0.036415	0.58842	1.0249	0.4806	0.46042	1.0274	0.48011	0.57828	1.0594	0.029537	0.50613	1.1123	0.043631	0.55444	0.96484	0.86031	0.50548	0.98246	0.073865	0.52541	1.0261	0.47632	78.039	-17.207	-11.002	-30.015	34.33	2.131	-15.507	-1.9297	-0.96978	47.294	-0.91778	4.7002	21.388	-45.914	-17.643
-50.292	-72.023	822.29	0.55205	1.0205	0.014942	0.55493	0.97295	0.068906	0.49674	0.91072	0.036499	0.58865	1.0269	0.48049	0.46066	1.0297	0.48002	0.57841	1.0594	0.029501	0.5063	1.1123	0.043656	0.55446	0.9731	0.86165	0.50557	0.98249	0.073943	0.52565	1.0281	0.47635	78.258	-17.208	-11.038	-31.617	33.994	1.6351	-14.839	-1.9253	-0.76687	42.329	-1.0164	3.9934	21.398	-45.002	-17.123
-50.638	-65.352	788.83	0.55365	1.024	0.014969	0.55486	0.9729	0.068933	0.4966	0.91075	0.036605	0.58883	1.0287	0.48041	0.46085	1.0321	0.47991	0.57852	1.0593	0.029467	0.50646	1.1124	0.04367	0.55446	0.98135	0.86293	0.50564	0.98254	0.074035	0.52582	1.0301	0.47641	78.451	-17.19	-11.064	-33.335	33.68	1.1729	-14.147	-1.9301	-0.53635	37.437	-0.93947	3.2846	21.347	-43.853	-16.513
-50.695	-59.474	757.03	0.55531	1.0279	0.015	0.55476	0.97288	0.068971	0.49643	0.9108	0.036734	0.58896	1.0305	0.48035	0.46099	1.0344	0.47975	0.57862	1.0593	0.029439	0.5066	1.1124	0.043672	0.55445	0.9896	0.86414	0.5057	0.98262	0.074142	0.52591	1.032	0.4765	78.623	-17.14	-11.079	-35.174	33.391	0.7512	-13.435	-1.9411	-0.30001	32.67	-0.68764	2.5844	21.234	-42.459	-15.821
-50.447	-54.323	727.44	0.557	1.0323	0.015033	0.55463	0.97287	0.069026	0.49622	0.91088	0.036886	0.58904	1.0321	0.48031	0.4611	1.0367	0.47955	0.57869	1.0593	0.029417	0.50673	1.1125	0.043664	0.55442	0.99784	0.86527	0.50575	0.98273	0.074261	0.52593	1.0339	0.47661	78.775	-17.051	-11.081	-37.134	33.126	0.37365	-12.708	-1.9552	-0.074662	28.064	-0.27059	1.9029	21.065	-40.829	-15.06
-49.907	-49.821	700.46	0.55868	1.0369	0.015069	0.55447	0.97289	0.0691	0.49598	0.91098	0.037062	0.58908	1.0337	0.4803	0.46117	1.039	0.47929	0.57874	1.0593	0.029403	0.50684	1.1126	0.043647	0.55438	1.0061	0.8663	0.5058	0.98287	0.074394	0.52587	1.0358	0.47673	78.91	-16.924	-11.071	-39.21	32.887	0.040709	-11.97	-1.9688	0.12843	23.643	0.29152	1.2502	20.851	-38.993	-14.248
-49.118	-45.887	676.41	0.56032	1.0419	0.015106	0.55429	0.97292	0.069198	0.49569	0.91111	0.037262	0.58907	1.0352	0.4803	0.4612	1.0413	0.47899	0.57876	1.0593	0.029396	0.50694	1.1127	0.04362	0.55431	1.0143	0.86722	0.50584	0.98304	0.074542	0.52575	1.0376	0.47687	79.033	-16.764	-11.049	-41.392	32.675	-0.25008	-11.225	-1.9779	0.30344	19.428	0.96814	0.6354	20.613	-37.003	-13.411
-48.146	-42.438	655.45	0.5619	1.0471	0.015144	0.55409	0.97298	0.069322	0.49537	0.91126	0.037485	0.58903	1.0367	0.48034	0.4612	1.0436	0.47865	0.57876	1.0593	0.029397	0.50703	1.1128	0.043585	0.55423	1.0226	0.86802	0.50586	0.98323	0.074706	0.52557	1.0394	0.47703	79.145	-16.58	-11.017	-43.663	32.493	-0.50361	-10.478	-1.9787	0.44929	15.429	1.7201	0.066525	20.377	-34.924	-12.575
-47.071	-39.39	637.67	0.56338	1.0523	0.015183	0.55387	0.97305	0.069472	0.495	0.91144	0.037729	0.58895	1.0382	0.48039	0.46118	1.0458	0.47828	0.57874	1.0594	0.029405	0.5071	1.113	0.043544	0.55412	1.0308	0.86869	0.50585	0.98343	0.074889	0.52535	1.0412	0.47719	79.25	-16.386	-10.98	-46.006	32.345	-0.72639	-9.732	-1.968	0.56814	11.655	2.5054	-0.45133	20.17	-32.831	-11.765
-45.984	-36.655	623.08	0.56473	1.0576	0.015221	0.55363	0.97315	0.069651	0.49458	0.91165	0.037994	0.58885	1.0397	0.48046	0.46113	1.0481	0.47787	0.57869	1.0594	0.02942	0.50716	1.1132	0.043498	0.55398	1.039	0.86924	0.50582	0.98365	0.075093	0.5251	1.043	0.47736	79.352	-16.194	-10.94	-48.402	32.237	-0.92545	-8.9937	-1.9439	0.66359	8.1072	3.2837	-0.91588	20.016	-30.801	-11.007
-44.968	-34.148	611.62	0.56594	1.0628	0.015259	0.55337	0.97326	0.069856	0.49413	0.91189	0.038278	0.58873	1.0412	0.48054	0.46107	1.0502	0.47746	0.57862	1.0595	0.029442	0.50722	1.1134	0.043448	0.55382	1.0473	0.86965	0.50576	0.98386	0.075321	0.52482	1.0448	0.47753	79.454	-16.017	-10.901	-50.837	32.175	-1.1073	-8.268	-1.9059	0.73912	4.7838	4.0186	-1.3273	19.936	-28.909	-10.317
-44.101	-31.791	603.25	0.56698	1.0679	0.015295	0.55308	0.97339	0.070088	0.49362	0.91216	0.03858	0.5886	1.0427	0.48064	0.46099	1.0524	0.47705	0.57853	1.0596	0.029468	0.50727	1.1136	0.043395	0.55363	1.0555	0.86994	0.50566	0.98406	0.075575	0.52454	1.0467	0.47771	79.56	-15.863	-10.869	-53.299	32.165	-1.2771	-7.5602	-1.8545	0.79665	1.6827	4.6807	-1.688	19.951	-27.219	-9.7107
-43.435	-29.511	597.86	0.56784	1.0727	0.015329	0.55275	0.97354	0.070345	0.49307	0.91247	0.038901	0.58845	1.0444	0.48075	0.4609	1.0546	0.47665	0.57843	1.0597	0.0295	0.50731	1.1139	0.043341	0.55341	1.0637	0.8701	0.50554	0.98426	0.075856	0.52426	1.0486	0.47789	79.67	-15.738	-10.847	-55.78	32.211	-1.4385	-6.8756	-1.7919	0.83589	-1.1987	5.253	-2.002	20.079	-25.777	-9.1941
-43.001	-27.249	595.37	0.56851	1.0771	0.01536	0.55239	0.9737	0.070626	0.49247	0.9128	0.039245	0.58831	1.0461	0.48087	0.46081	1.0567	0.47629	0.5783	1.0597	0.029536	0.50735	1.1142	0.043287	0.55316	1.0719	0.87014	0.50538	0.98445	0.076167	0.52398	1.0505	0.47806	79.788	-15.641	-10.836	-58.279	32.317	-1.5939	-6.2194	-1.7205	0.85457	-3.8613	5.7296	-2.275	20.341	-24.608	-8.7693
-42.804	-24.955	595.69	0.56899	1.0812	0.015387	0.55198	0.97388	0.07093	0.49183	0.91315	0.039616	0.58816	1.048	0.48099	0.46071	1.0589	0.47595	0.57816	1.0598	0.029576	0.50738	1.1144	0.043232	0.55288	1.08	0.87006	0.50518	0.98464	0.076507	0.52372	1.0526	0.47824	79.913	-15.569	-10.839	-60.797	32.483	-1.7449	-5.5966	-1.6431	0.8492	-6.3035	6.1153	-2.5132	20.759	-23.715	-8.4334
-42.826	-22.589	598.71	0.56927	1.0848	0.015412	0.55154	0.97406	0.071257	0.49115	0.91352	0.040025	0.58801	1.0499	0.48111	0.4606	1.0612	0.47566	0.578	1.0599	0.02962	0.50739	1.1147	0.043179	0.55259	1.0881	0.86989	0.50496	0.98483	0.076877	0.52349	1.0547	0.47841	80.046	-15.517	-10.855	-63.341	32.706	-1.8922	-5.0124	-1.5628	0.81632	-8.5239	6.4248	-2.7233	21.354	-23.08	-8.1809
-43.036	-20.112	604.31	0.56937	1.088	0.015433	0.55106	0.97426	0.071607	0.49043	0.9139	0.040481	0.58786	1.0521	0.48124	0.46048	1.0635	0.47542	0.57782	1.06	0.029668	0.5074	1.115	0.043126	0.55227	1.0961	0.86962	0.50472	0.98505	0.077276	0.52327	1.057	0.47857	80.187	-15.476	-10.885	-65.919	32.982	-2.036	-4.4716	-1.4827	0.75361	-10.524	6.6796	-2.9115	22.14	-22.671	-8.0042
-43.394	-17.485	612.38	0.5693	1.0907	0.015451	0.55055	0.97445	0.071982	0.48969	0.91429	0.040994	0.58771	1.0544	0.48135	0.46036	1.066	0.47521	0.57763	1.06	0.02972	0.5074	1.1153	0.043073	0.55195	1.1041	0.86927	0.50446	0.98529	0.077703	0.52308	1.0594	0.47872	80.334	-15.438	-10.93	-68.54	33.306	-2.1765	-3.9788	-1.4058	0.66054	-12.306	6.9036	-3.0837	23.124	-22.448	-7.8957
-43.86	-14.668	622.77	0.56907	1.093	0.015465	0.55003	0.97466	0.072382	0.48895	0.91466	0.041576	0.58757	1.0569	0.48146	0.46024	1.0685	0.47504	0.57744	1.0601	0.029774	0.50738	1.1155	0.043017	0.55161	1.112	0.86884	0.50419	0.98556	0.078157	0.5229	1.062	0.47887	80.487	-15.399	-10.989	-71.214	33.672	-2.3136	-3.5383	-1.3346	0.53878	-13.873	7.1186	-3.2449	24.31	-22.369	-7.8488
-44.412	-11.626	635.36	0.56871	1.0949	0.015477	0.54949	0.97486	0.072807	0.48821	0.91502	0.042234	0.58743	1.0596	0.48155	0.46012	1.0713	0.47489	0.57723	1.0601	0.029831	0.50735	1.1157	0.042959	0.55128	1.1199	0.86836	0.50393	0.98585	0.078637	0.52274	1.0647	0.47899	80.645	-15.351	-11.063	-73.948	34.075	-2.4476	-3.1535	-1.2714	0.39226	-15.23	7.3392	-3.399	25.699	-22.404	-7.8585
-45.05	-8.3256	650.02	0.56824	1.0965	0.015486	0.54896	0.97507	0.073259	0.4875	0.91535	0.042972	0.5873	1.0625	0.48162	0.45999	1.0742	0.47475	0.57703	1.0602	0.029889	0.5073	1.1159	0.042896	0.55096	1.1277	0.86781	0.50367	0.98618	0.079141	0.5226	1.0677	0.4791	80.808	-15.293	-11.15	-76.752	34.513	-2.5773	-2.8264	-1.2176	0.2274	-16.378	7.5701	-3.5477	27.295	-22.54	-7.9208
-45.801	-4.7542	666.59	0.56769	1.0977	0.015492	0.54844	0.97528	0.073739	0.48684	0.91566	0.043794	0.58717	1.0656	0.48166	0.45987	1.0773	0.47462	0.57683	1.0602	0.02995	0.50724	1.1161	0.04283	0.55065	1.1355	0.86721	0.50345	0.98654	0.07967	0.52246	1.0709	0.47918	80.975	-15.226	-11.246	-79.632	34.988	-2.7011	-2.5578	-1.174	0.053069	-17.313	7.8066	-3.6912	29.114	-22.781	-8.0313
-46.7	-0.90969	684.92	0.56711	1.0987	0.015497	0.54795	0.9755	0.074251	0.48624	0.91595	0.0447	0.58705	1.0689	0.48168	0.45976	1.0806	0.47447	0.57664	1.0602	0.030011	0.50718	1.1162	0.042762	0.55035	1.1432	0.86656	0.50325	0.98693	0.080223	0.52235	1.0743	0.47924	81.147	-15.15	-11.348	-82.592	35.501	-2.8164	-2.3466	-1.1406	-0.11972	-18.027	8.037	-3.8282	31.181	-23.141	-8.1844
-47.792	3.2048	704.85	0.56651	1.0994	0.0155	0.5475	0.97574	0.0748	0.48573	0.91621	0.045692	0.58694	1.0724	0.48167	0.45967	1.0841	0.4743	0.57647	1.0602	0.030072	0.50711	1.1164	0.042695	0.55008	1.151	0.86586	0.5031	0.98734	0.080801	0.52225	1.0779	0.47926	81.324	-15.069	-11.455	-85.633	36.057	-2.9203	-2.1902	-1.1172	-0.27885	-18.512	8.2465	-3.9569	33.526	-23.64	-8.3725
-49.117	7.5912	726.18	0.56593	1.1	0.015502	0.54711	0.976	0.075393	0.4853	0.91645	0.046769	0.58686	1.0761	0.48163	0.45959	1.0879	0.4741	0.57633	1.0603	0.030134	0.50705	1.1165	0.04263	0.54982	1.1588	0.86509	0.503	0.98777	0.081408	0.52216	1.0817	0.47926	81.504	-14.987	-11.565	-88.75	36.66	-3.0099	-2.0849	-1.1032	-0.41263	-18.759	8.4189	-4.0744	36.172	-24.297	-8.586
-50.711	12.262	748.7	0.56539	1.1005	0.015504	0.5468	0.97628	0.076039	0.48498	0.91667	0.047934	0.58679	1.0801	0.48157	0.45954	1.0918	0.47387	0.57621	1.0603	0.030195	0.50699	1.1165	0.04257	0.54959	1.1667	0.86425	0.50296	0.98823	0.082047	0.5221	1.0858	0.47922	81.687	-14.905	-11.676	-91.932	37.307	-3.082	-2.0263	-1.0981	-0.51099	-18.764	8.5378	-4.1778	39.133	-25.13	-8.8138
-52.599	17.238	772.15	0.56489	1.1008	0.015505	0.54658	0.9766	0.076746	0.48477	0.91689	0.049191	0.58676	1.0842	0.48147	0.45953	1.0961	0.4736	0.57613	1.0603	0.030254	0.50695	1.1166	0.042516	0.54938	1.1746	0.86336	0.503	0.98872	0.082722	0.52207	1.0901	0.47915	81.87	-14.823	-11.788	-95.162	37.993	-3.1338	-2.0106	-1.1014	-0.56666	-18.527	8.5873	-4.2641	42.406	-26.154	-9.045
-54.792	22.548	796.26	0.56446	1.1011	0.015505	0.54645	0.97696	0.077521	0.48467	0.91709	0.050545	0.58674	1.0886	0.48135	0.45954	1.1005	0.47328	0.57608	1.0603	0.03031	0.50692	1.1166	0.042468	0.54919	1.1827	0.8624	0.50311	0.98922	0.083442	0.52206	1.0946	0.47904	82.051	-14.74	-11.9	-98.415	38.703	-3.1638	-2.0345	-1.1127	-0.57597	-18.051	8.5531	-4.3314	45.971	-27.376	-9.27
-57.285	28.228	820.69	0.56409	1.1013	0.015506	0.54642	0.97737	0.078372	0.48468	0.9173	0.052003	0.58676	1.0931	0.48121	0.45959	1.1053	0.47293	0.57607	1.0604	0.030364	0.50691	1.1167	0.042427	0.549	1.1909	0.8614	0.5033	0.98976	0.084212	0.52209	1.0993	0.47891	82.226	-14.653	-12.014	-101.66	39.415	-3.1718	-2.0953	-1.1318	-0.53858	-17.343	8.4246	-4.3786	49.789	-28.794	-9.4801
-60.056	34.316	845.11	0.56378	1.1015	0.015506	0.5465	0.97782	0.079306	0.48481	0.91752	0.053574	0.58681	1.0978	0.48106	0.45968	1.1102	0.47254	0.5761	1.0605	0.030416	0.50691	1.1167	0.042393	0.54881	1.1991	0.86036	0.50357	0.99032	0.085043	0.52215	1.1042	0.47875	82.392	-14.557	-12.129	-104.88	40.103	-3.1589	-2.1905	-1.1583	-0.45698	-16.415	8.1958	-4.4054	53.808	-30.398	-9.6663
-63.065	40.845	869.16	0.56353	1.1017	0.015506	0.54667	0.97832	0.080329	0.48504	0.91775	0.055265	0.58689	1.1027	0.48091	0.4598	1.1154	0.47213	0.57617	1.0606	0.030466	0.50694	1.1167	0.042366	0.54862	1.2075	0.85929	0.50393	0.99092	0.085943	0.52225	1.1093	0.47857	82.546	-14.446	-12.248	-108.01	40.734	-3.1269	-2.3175	-1.1921	-0.33567	-15.28	7.8662	-4.4116	57.966	-32.163	-9.8174
-66.254	47.843	892.46	0.56332	1.1018	0.015507	0.54693	0.97889	0.081448	0.48538	0.91801	0.057084	0.587	1.1077	0.48076	0.45996	1.1207	0.47168	0.57627	1.0607	0.030516	0.50698	1.1167	0.042346	0.54841	1.2159	0.8582	0.50437	0.99157	0.086922	0.52238	1.1146	0.47838	82.685	-14.316	-12.372	-111.03	41.274	-3.0775	-2.4737	-1.2327	-0.18056	-13.952	7.4411	-4.3968	62.199	-34.056	-9.9206
-69.551	55.318	914.65	0.56314	1.1019	0.015507	0.54728	0.97951	0.082669	0.48582	0.91829	0.059041	0.58712	1.1129	0.48061	0.46015	1.1263	0.47122	0.57641	1.0608	0.03057	0.50705	1.1168	0.042332	0.54819	1.2245	0.8571	0.50488	0.99227	0.087987	0.52254	1.1201	0.47817	82.805	-14.163	-12.504	-113.9	41.689	-3.0129	-2.6569	-1.2798	0.001953	-12.446	6.9307	-4.3605	66.438	-36.031	-9.9622
-72.874	63.266	935.37	0.56298	1.102	0.015507	0.54771	0.9802	0.083998	0.48635	0.91862	0.061143	0.58726	1.1182	0.48049	0.46037	1.1321	0.47074	0.57658	1.061	0.030628	0.50713	1.1168	0.042325	0.54793	1.2332	0.85598	0.50547	0.99302	0.089147	0.52272	1.1258	0.47796	82.904	-13.984	-12.644	-116.57	41.948	-2.9351	-2.8655	-1.3325	0.20556	-10.775	6.3501	-4.3021	70.617	-38.035	-9.9284
-76.136	71.668	954.29	0.56283	1.1022	0.015507	0.54821	0.98096	0.085441	0.48697	0.919	0.063397	0.58741	1.1237	0.48038	0.46061	1.1381	0.47024	0.57678	1.0611	0.030693	0.50722	1.1168	0.042324	0.54764	1.242	0.85486	0.50612	0.99384	0.090409	0.52292	1.1316	0.47774	82.98	-13.78	-12.795	-118.99	42.026	-2.846	-3.0986	-1.39	0.42421	-8.9518	5.7189	-4.2208	74.669	-40.009	-9.8075
-79.253	80.492	971.13	0.56267	1.1023	0.015508	0.54877	0.98179	0.087003	0.48766	0.91945	0.06581	0.58757	1.1294	0.48029	0.46086	1.1443	0.46973	0.577	1.0614	0.030767	0.50733	1.1169	0.042327	0.54731	1.251	0.85374	0.50683	0.99473	0.091778	0.52313	1.1377	0.47752	83.03	-13.551	-12.957	-121.13	41.903	-2.7472	-3.3559	-1.4512	0.6526	-6.9915	5.0596	-4.116	78.531	-41.893	-9.5893
-82.143	89.699	985.61	0.5625	1.1024	0.015508	0.5494	0.98272	0.088688	0.48842	0.91996	0.068385	0.58773	1.1352	0.48023	0.46112	1.1507	0.4692	0.57724	1.0616	0.030853	0.50744	1.117	0.042333	0.54692	1.26	0.85262	0.50758	0.9957	0.093259	0.52335	1.1439	0.4773	83.053	-13.299	-13.131	-122.95	41.571	-2.641	-3.6373	-1.515	0.88618	-4.9109	4.3949	-3.9876	82.137	-43.627	-9.2669
-84.735	99.242	997.49	0.56231	1.1024	0.015508	0.55008	0.98374	0.0905	0.48924	0.92056	0.071127	0.58789	1.1412	0.48019	0.46139	1.1572	0.46866	0.5775	1.0619	0.030951	0.50757	1.117	0.04234	0.54648	1.2692	0.85152	0.50837	0.99676	0.094854	0.52356	1.1503	0.47708	83.047	-13.028	-13.318	-124.42	41.026	-2.5301	-3.9431	-1.5805	1.1212	-2.7293	3.7458	-3.8368	85.42	-45.16	-8.8378
-86.97	109.07	1006.6	0.56209	1.1025	0.015508	0.55081	0.98486	0.092442	0.49011	0.92126	0.074038	0.58804	1.1474	0.48016	0.46165	1.1639	0.46811	0.57776	1.0622	0.031064	0.5077	1.1172	0.042345	0.54598	1.2785	0.85042	0.50918	0.99792	0.096565	0.52376	1.1568	0.47686	83.01	-12.741	-13.518	-125.49	40.269	-2.4176	-4.2739	-1.647	1.3545	-0.4682	3.1291	-3.6658	88.318	-46.45	-8.3027
-88.8	119.13	1012.6	0.56184	1.1026	0.015508	0.55159	0.98609	0.094512	0.49101	0.92207	0.07712	0.58817	1.1538	0.48014	0.46191	1.1707	0.46754	0.57803	1.0625	0.031194	0.50783	1.1173	0.042344	0.54542	1.288	0.84934	0.51001	0.99918	0.098391	0.52395	1.1636	0.47664	82.939	-12.44	-13.731	-126.14	39.304	-2.3062	-4.6307	-1.7139	1.5835	1.8512	2.5575	-3.4769	90.769	-47.466	-7.6657
-90.19	129.34	1015.5	0.56156	1.1027	0.015507	0.5524	0.98743	0.096711	0.49193	0.92301	0.080376	0.58829	1.1603	0.48013	0.46215	1.1778	0.46695	0.5783	1.0629	0.031342	0.50796	1.1175	0.042334	0.54478	1.2976	0.84828	0.51084	1.0006	0.10033	0.52412	1.1705	0.47642	82.834	-12.127	-13.959	-126.34	38.138	-2.1975	-5.0153	-1.7808	1.8054	4.2093	2.0405	-3.2726	92.719	-48.183	-6.9343
-91.113	139.62	1015.1	0.56124	1.1027	0.015507	0.55324	0.9889	0.099034	0.49286	0.92409	0.083807	0.5884	1.1671	0.48012	0.46238	1.185	0.46633	0.57856	1.0632	0.031512	0.50809	1.1177	0.04231	0.54406	1.3073	0.84725	0.51167	1.0021	0.10238	0.52427	1.1776	0.47618	82.689	-11.803	-14.202	-126.07	36.783	-2.0922	-5.4302	-1.8473	2.0171	6.5895	1.5853	-3.0554	94.115	-48.584	-6.1193
-91.551	149.85	1011.1	0.5609	1.1027	0.015506	0.55409	0.9905	0.10148	0.49378	0.92534	0.087415	0.58848	1.1741	0.48009	0.4626	1.1924	0.46568	0.5788	1.0637	0.031708	0.50821	1.1179	0.042267	0.54326	1.3171	0.84624	0.5125	1.0037	0.10454	0.52441	1.1849	0.47592	82.504	-11.468	-14.46	-125.29	35.246	-1.9914	-5.8788	-1.913	2.2154	8.98	1.1969	-2.8286	94.921	-48.653	-5.2349
-91.485	159.88	1003.5	0.56051	1.1027	0.015505	0.55494	0.99224	0.10404	0.49466	0.92679	0.091201	0.58856	1.1814	0.48005	0.46281	1.2001	0.46499	0.57903	1.0641	0.031935	0.50832	1.1182	0.042203	0.54238	1.3271	0.84526	0.51331	1.0056	0.10681	0.52453	1.1925	0.47563	82.272	-11.119	-14.735	-123.98	33.538	-1.8953	-6.3651	-1.9773	2.397	11.376	0.88118	-2.5959	95.112	-48.376	-4.2974
-90.896	169.55	991.92	0.5601	1.1027	0.015503	0.55578	0.99412	0.10671	0.49549	0.92846	0.09517	0.58862	1.1888	0.47997	0.46302	1.208	0.46423	0.57923	1.0645	0.032199	0.50841	1.1185	0.042111	0.5414	1.3372	0.84431	0.51409	1.0075	0.10917	0.52465	1.2003	0.4753	81.989	-10.755	-15.026	-122.11	31.671	-1.8043	-6.8936	-2.0394	2.5589	13.776	0.64525	-2.3616	94.68	-47.737	-3.3251
-89.757	178.61	976.27	0.55966	1.1026	0.015501	0.55658	0.99617	0.10949	0.49625	0.93038	0.099322	0.58868	1.1965	0.47986	0.46324	1.2161	0.46341	0.5794	1.065	0.03251	0.50849	1.1188	0.041987	0.54033	1.3473	0.84338	0.51485	1.0097	0.11163	0.52477	1.2083	0.47491	81.651	-10.37	-15.334	-119.65	29.653	-1.718	-7.4696	-2.0985	2.6978	16.183	0.49734	-2.1306	93.628	-46.719	-2.3385
-88.044	186.82	956.26	0.55918	1.1025	0.0155	0.55733	0.9984	0.11238	0.49691	0.93259	0.10366	0.58874	1.2045	0.4797	0.46348	1.2246	0.46248	0.57953	1.0654	0.032879	0.50855	1.1191	0.041831	0.53916	1.3576	0.84248	0.51556	1.0121	0.11419	0.5249	1.2167	0.47445	81.249	-9.9605	-15.659	-116.56	27.496	-1.6344	-8.099	-2.1542	2.8108	18.598	0.44865	-1.9076	91.975	-45.305	-1.3583
-85.727	193.87	931.65	0.55867	1.1024	0.015497	0.55802	1.0008	0.11539	0.49744	0.93514	0.1082	0.58882	1.2128	0.47947	0.46375	1.2334	0.46145	0.57962	1.0659	0.03332	0.50859	1.1195	0.04164	0.5379	1.368	0.84161	0.51623	1.0148	0.11683	0.52506	1.2254	0.4739	80.776	-9.5207	-16.001	-112.81	25.218	-1.5506	-8.7887	-2.2063	2.8946	21.021	0.51102	-1.6975	89.751	-43.483	-0.40699
-82.788	199.43	902.17	0.55814	1.1024	0.015495	0.55863	1.0035	0.1185	0.49782	0.93805	0.11293	0.58893	1.2214	0.47918	0.46409	1.2426	0.46029	0.57967	1.0663	0.03385	0.5086	1.1198	0.041417	0.53655	1.3786	0.84076	0.51684	1.0177	0.11955	0.52526	1.2344	0.47324	80.223	-9.0456	-16.358	-108.38	22.838	-1.4634	-9.5467	-2.2552	2.9457	23.444	0.69494	-1.5057	86.991	-41.251	0.49158
-79.218	203.14	867.61	0.55757	1.1023	0.015493	0.55914	1.0064	0.12175	0.49802	0.9414	0.11787	0.58908	1.2303	0.47882	0.4645	1.2522	0.45897	0.57967	1.0668	0.034492	0.50859	1.1202	0.041165	0.53511	1.3891	0.83993	0.51738	1.021	0.12237	0.52552	1.2438	0.47246	79.582	-8.5307	-16.728	-103.24	20.386	-1.3694	-10.382	-2.302	2.9603	25.848	1.0071	-1.3377	83.736	-38.62	1.3134
-75.028	204.67	827.81	0.55698	1.1022	0.015491	0.55954	1.0096	0.12512	0.49802	0.94522	0.12303	0.58928	1.2396	0.47836	0.46502	1.2623	0.45747	0.57961	1.0673	0.035275	0.50856	1.1207	0.040896	0.53359	1.3998	0.83913	0.51784	1.0245	0.12528	0.52586	1.2536	0.47154	78.843	-7.9731	-17.104	-97.388	17.897	-1.2657	-11.306	-2.3485	2.9339	28.193	1.4456	-1.1992	80.029	-35.626	2.0356
-70.257	203.67	782.7	0.55637	1.1023	0.01549	0.55981	1.0132	0.12864	0.49781	0.94957	0.12842	0.58954	1.2493	0.47782	0.46565	1.2729	0.45579	0.5795	1.0678	0.036237	0.50851	1.1211	0.040623	0.53199	1.4105	0.83837	0.51822	1.0285	0.12829	0.52629	1.2639	0.47045	77.993	-7.3729	-17.482	-90.837	15.42	-1.1502	-12.328	-2.3974	2.8623	30.422	1.9987	-1.0948	75.921	-32.325	2.6399
-64.973	199.88	732.41	0.55573	1.1024	0.015489	0.55993	1.0171	0.13232	0.49736	0.95452	0.13404	0.58988	1.2594	0.47717	0.46643	1.2841	0.4539	0.57932	1.0684	0.037419	0.50845	1.1216	0.040368	0.53033	1.4213	0.83764	0.51849	1.0328	0.1314	0.52682	1.2748	0.46919	77.025	-6.7341	-17.852	-83.632	13.01	-1.0218	-13.46	-2.4516	2.7416	32.455	2.6433	-1.0275	71.465	-28.799	3.1146
-59.279	193.11	677.28	0.55509	1.1027	0.015489	0.55988	1.0215	0.13617	0.49666	0.9601	0.13991	0.59032	1.27	0.47641	0.46737	1.2959	0.4518	0.57908	1.0691	0.038874	0.50839	1.1222	0.040159	0.5286	1.4321	0.83696	0.51864	1.0376	0.13464	0.52748	1.2861	0.46774	75.931	-6.0661	-18.201	-75.858	10.732	-0.88127	-14.713	-2.5141	2.5684	34.187	3.3429	-0.99813	66.715	-25.151	3.4549
-53.309	183.32	617.88	0.55445	1.1031	0.01549	0.55966	1.0264	0.14022	0.49569	0.96638	0.14604	0.59084	1.2811	0.47554	0.46849	1.3083	0.4495	0.57876	1.07	0.040658	0.50835	1.1229	0.040032	0.52682	1.4429	0.83632	0.51865	1.0429	0.13802	0.52828	1.2981	0.46609	74.705	-5.3846	-18.516	-67.645	8.6515	-0.7319	-16.097	-2.5872	2.3406	35.491	4.0459	-1.0046	61.717	-21.503	3.6636
-47.227	170.68	555.15	0.55382	1.1037	0.015492	0.55924	1.0318	0.14447	0.49446	0.9734	0.15242	0.59146	1.2927	0.47455	0.46978	1.3214	0.44699	0.57837	1.071	0.042831	0.50833	1.1238	0.04003	0.52497	1.4536	0.83574	0.5185	1.0487	0.14155	0.52921	1.3106	0.46425	73.351	-4.7123	-18.78	-59.167	6.825	-0.57982	-17.622	-2.6732	2.058	36.232	4.6883	-1.0406	56.514	-17.989	3.7495
-41.207	155.57	490.31	0.55322	1.1046	0.015496	0.5586	1.0377	0.14896	0.49295	0.9812	0.15907	0.59218	1.3049	0.47344	0.47125	1.3352	0.44431	0.5779	1.0722	0.045452	0.50836	1.125	0.040202	0.52308	1.4643	0.83522	0.51816	1.0551	0.14526	0.53028	1.3238	0.46222	71.876	-4.0779	-18.98	-50.641	5.2938	-0.43329	-19.293	-2.7736	1.7234	36.273	5.1986	-1.0942	51.124	-14.742	3.7247
-35.416	138.64	424.8	0.55265	1.1057	0.015502	0.55775	1.0443	0.15369	0.49117	0.98981	0.16595	0.59299	1.3176	0.47221	0.4729	1.3496	0.44147	0.57734	1.0739	0.048576	0.50845	1.1264	0.0406	0.52113	1.4749	0.83476	0.5176	1.0621	0.14915	0.53148	1.3376	0.46002	70.3	-3.5163	-19.107	-42.306	4.075	-0.30176	-21.111	-2.8896	1.3427	35.491	5.5061	-1.1484	45.536	-11.871	3.6
-29.99	120.71	360.21	0.55214	1.1071	0.015509	0.55668	1.0516	0.15868	0.48912	0.99925	0.17305	0.59388	1.331	0.47087	0.47469	1.3647	0.43851	0.57669	1.0759	0.052244	0.50862	1.1283	0.041274	0.51914	1.4855	0.83437	0.5168	1.0697	0.15324	0.5328	1.352	0.45766	68.654	-3.065	-19.156	-34.408	3.1583	-0.19555	-23.075	-3.0219	0.92571	33.786	5.5502	-1.1821	39.694	-9.4489	3.3771
-25.024	102.66	298.09	0.55169	1.1086	0.015518	0.55538	1.0595	0.1639	0.48681	1.0095	0.18031	0.59483	1.345	0.46943	0.47661	1.3805	0.43549	0.57595	1.0786	0.056475	0.50887	1.1308	0.042265	0.51711	1.4959	0.83403	0.51574	1.0781	0.15752	0.53422	1.3671	0.45518	66.982	-2.7612	-19.134	-27.174	2.505	-0.12261	-25.175	-3.1706	0.48534	31.131	5.2958	-1.1723	33.585	-7.4961	3.0557
-20.565	85.205	239.92	0.55133	1.1103	0.015528	0.55386	1.0683	0.16936	0.48426	1.0207	0.18766	0.59581	1.3596	0.4679	0.4786	1.3969	0.43244	0.57512	1.082	0.061263	0.50923	1.134	0.043605	0.51504	1.5063	0.83377	0.51442	1.0871	0.16198	0.5357	1.3828	0.45262	65.334	-2.6383	-19.057	-20.784	2.0528	-0.085352	-27.395	-3.3348	0.037369	27.616	4.7507	-1.0992	27.321	-5.9828	2.6446
-16.626	68.83	187	0.55107	1.1121	0.015539	0.55212	1.0778	0.17499	0.48147	1.0327	0.19502	0.59681	1.3748	0.46632	0.48062	1.4139	0.42944	0.5742	1.0862	0.066567	0.50969	1.1381	0.045309	0.51297	1.5165	0.83356	0.51281	1.097	0.16659	0.5372	1.3991	0.45002	63.769	-2.7212	-18.949	-15.352	1.7268	-0.079685	-29.715	-3.5117	-0.40113	23.467	3.9769	-0.95729	21.183	-4.8335	2.1718
-13.189	53.883	140.28	0.55094	1.1144	0.015554	0.55019	1.0882	0.18075	0.47847	1.0455	0.20228	0.59779	1.3905	0.46471	0.48262	1.4314	0.42656	0.57319	1.0914	0.072318	0.51026	1.1432	0.047378	0.51089	1.5266	0.83342	0.51094	1.1077	0.17129	0.53868	1.4158	0.44745	62.347	-3.0235	-18.836	-10.936	1.4572	-0.10826	-32.106	-3.6969	-0.81363	18.965	3.0451	-0.75174	15.421	-3.9814	1.666
-10.22	40.611	100.31	0.55096	1.1173	0.015573	0.54807	1.0995	0.18657	0.47529	1.0591	0.20934	0.59871	1.4068	0.46313	0.48455	1.4494	0.42385	0.57211	1.0978	0.078418	0.51092	1.1494	0.049797	0.50885	1.5366	0.83334	0.50879	1.1193	0.17604	0.54009	1.4331	0.44497	61.123	-3.546	-18.74	-7.4771	1.1915	-0.15595	-34.539	-3.8842	-1.1861	14.385	2.0687	-0.51187	10.313	-3.3013	1.1674
-7.6753	29.169	67.207	0.55119	1.1214	0.0156	0.5458	1.1115	0.19238	0.47196	1.0734	0.21609	0.59955	1.4235	0.46161	0.48634	1.4677	0.42139	0.57096	1.1055	0.084753	0.51167	1.157	0.052544	0.50686	1.5465	0.83333	0.5064	1.1318	0.18077	0.54139	1.4507	0.44263	60.147	-4.2767	-18.676	-4.8881	0.89914	-0.2179	-36.981	-4.0665	-1.5089	9.9772	1.1303	-0.26682	5.9986	-2.7165	0.70379
-5.5175	19.621	40.731	0.55182	1.1284	0.015648	0.54339	1.1245	0.19808	0.46853	1.0883	0.22243	0.60028	1.4406	0.46021	0.48795	1.4864	0.41925	0.56977	1.1146	0.091189	0.51246	1.166	0.055581	0.50495	1.5563	0.83339	0.50378	1.1451	0.18542	0.54254	1.4687	0.44051	59.457	-5.1891	-18.644	-3.2917	0.56865	-0.37599	-39.4	-4.2357	-1.7792	5.9631	0.11077	0.012402	2.1275	-2.461	0.23199
-1.4577	4.7158	8.1754	NaN	NaN	NaN	0.54089	1.1382	0.20361	0.46507	1.1038	0.22828	0.60087	1.4581	0.45898	0.48932	1.5053	0.41748	0.56854	1.1251	0.097585	0.51325	1.1765	0.058861	0.50315	1.5661	0.83353	0.50098	1.1593	0.18993	0.5435	1.4869	0.43867	59.076	-6.244	-18.631	-1.6668	0.23247	-0.31074	-41.768	-4.3852	-2.0007	2.4196	-0.28123	0.092314	0.15417	-1.4696	-0.006619
0	0	0	NaN	NaN	NaN	0.53832	1.1527	0.20886	0.46162	1.1197	0.23357	0.60131	1.4759	0.45796	0.49043	1.5244	0.41613	0.56729	1.1371	0.10379	0.51398	1.1886	0.062323	0.50148	1.5757	0.83377	0.49802	1.1743	0.19425	0.54424	1.5054	0.43714	59.011	-7.3897	-18.615	0.027862	0.001301	0.009719	-44.058	-4.5092	-2.1836	0.068364	0.090678	-0.060712	0.37905	0.14647	0.053456
