9.571	11.435	84.699	0.46136	0.91551	0.013996	0.51709	0.94083	0.10527	0.44627	0.89432	0.044369	0.5245	0.80463	0.51057	0.39453	0.80511	0.50488	0.53263	1.088	0.12453	0.45025	1.1218	0.15002	0.47338	0.64721	0.86504	0.46173	0.93858	0.12114	0.46149	0.80621	0.50254	79.851	-3.6559	-10.402	1.5463	1.1212	-0.37468	-5.2065	-2.9259	-8.6148	-14.612	5.1241	-1.4926	-32.483	4.856	5.8832
11.059	11.55	122.96	0.4638	0.92754	0.014082	0.51602	0.94811	0.10458	0.44534	0.90041	0.044683	0.52344	0.81344	0.50913	0.39347	0.81333	0.50315	0.53046	1.0954	0.12136	0.44778	1.1291	0.14612	0.47271	0.65782	0.86396	0.46031	0.94582	0.1192	0.46036	0.81471	0.50111	79.062	-3.6685	-10.251	2.1489	1.7572	-0.6016	-5.1123	-2.8704	-8.5901	-18.878	6.42	-2.01	-42.69	5.4799	6.8519
12.174	10.07	168.3	0.46566	0.93706	0.01415	0.51507	0.95444	0.10385	0.44459	0.90522	0.045223	0.52244	0.82245	0.50791	0.39249	0.82182	0.50163	0.52829	1.102	0.11733	0.44527	1.1355	0.14108	0.47206	0.66858	0.86304	0.45901	0.95224	0.11712	0.45929	0.82347	0.49992	78.093	-3.6807	-10.067	2.9968	2.6135	-0.85683	-5.1796	-2.807	-8.5331	-23.116	7.8698	-2.5782	-53.517	6.0491	7.7596
12.647	6.1273	219.92	0.46723	0.94541	0.014209	0.51425	0.95997	0.10309	0.444	0.90898	0.045957	0.52151	0.83165	0.50691	0.39158	0.83056	0.50034	0.52617	1.1078	0.11259	0.44278	1.1413	0.13511	0.47142	0.67946	0.86231	0.45786	0.95799	0.11496	0.45829	0.83246	0.49895	76.972	-3.7226	-9.8643	3.9857	3.6708	-1.1053	-5.3829	-2.7409	-8.4232	-26.442	9.198	-3.1041	-63.183	6.2357	8.2508
12.177	-1.0125	276.6	0.46869	0.95325	0.014264	0.51355	0.96486	0.10231	0.44357	0.9119	0.046848	0.52065	0.84107	0.50614	0.39074	0.83953	0.49927	0.52414	1.1129	0.10732	0.44037	1.1465	0.12844	0.4708	0.69049	0.86177	0.45685	0.96323	0.11279	0.45736	0.84168	0.49819	75.743	-3.828	-9.6597	5.0774	4.9279	-1.3113	-5.6996	-2.6754	-8.2389	-28.568	10.366	-3.5456	-71.192	6.0034	8.3109
10.478	-11.604	337.39	0.47013	0.96083	0.014318	0.51298	0.9692	0.10154	0.44327	0.91418	0.047854	0.51986	0.8507	0.50559	0.38997	0.84872	0.49843	0.52226	1.1175	0.10174	0.4381	1.1511	0.12134	0.47021	0.70166	0.86142	0.456	0.96806	0.11068	0.4565	0.85112	0.49763	74.463	-4.0293	-9.4726	6.1682	6.3607	-1.4449	-6.1127	-2.6113	-7.9612	-29.146	11.198	-3.847	-76.831	5.135	7.7707
7.3457	-25.372	401.81	0.47158	0.96814	0.01437	0.5125	0.97308	0.1008	0.44307	0.91597	0.04893	0.51912	0.86056	0.50528	0.38926	0.85811	0.49783	0.52056	1.1215	0.096046	0.43604	1.1553	0.11406	0.46965	0.71294	0.86128	0.45528	0.97256	0.10869	0.45572	0.86076	0.49728	73.198	-4.352	-9.3203	7.1786	7.955	-1.4926	-6.6129	-2.5479	-7.5786	-28.19	11.598	-3.9865	-80.144	3.4909	6.574
2.7202	-41.756	469.44	0.47303	0.97513	0.01442	0.51211	0.97654	0.10011	0.44296	0.91739	0.050034	0.51844	0.87064	0.50519	0.3886	0.86769	0.49748	0.51906	1.125	0.090433	0.43421	1.159	0.10685	0.46912	0.72434	0.86133	0.45467	0.97675	0.10684	0.455	0.8706	0.49713	72.018	-4.81	-9.215	8.0392	9.6944	-1.4474	-7.1974	-2.484	-7.0923	-25.792	11.523	-3.9515	-81.361	1.004	4.7356
-3.2745	-60.162	539.55	0.47443	0.98175	0.014467	0.51179	0.9796	0.099502	0.44291	0.91854	0.051123	0.51778	0.88095	0.50531	0.38797	0.87741	0.49738	0.51779	1.128	0.085074	0.43265	1.1622	0.099935	0.46862	0.73585	0.86157	0.45414	0.98061	0.10517	0.45434	0.88061	0.49717	70.987	-5.4025	-9.1599	8.6859	11.553	-1.3027	-7.8664	-2.419	-6.5169	-22.014	10.978	-3.727	-80.649	-2.3028	2.337
-10.357	-80.017	611.01	0.47571	0.98799	0.014512	0.51149	0.98229	0.098982	0.4429	0.91948	0.052163	0.51713	0.89145	0.50562	0.38735	0.88726	0.49751	0.51674	1.1305	0.080119	0.43135	1.165	0.093482	0.46816	0.74743	0.86199	0.45367	0.98412	0.10368	0.45371	0.89077	0.49738	70.159	-6.1143	-9.1485	9.0594	13.497	-1.0484	-8.6182	-2.3532	-5.88	-16.88	10.018	-3.294	-78.084	-6.3193	-0.47967
-18.135	-100.67	682.45	0.47681	0.99381	0.014553	0.51121	0.98463	0.098568	0.4429	0.92025	0.053126	0.51648	0.90209	0.50609	0.38673	0.89716	0.49787	0.51589	1.1326	0.07568	0.4303	1.1673	0.08763	0.46776	0.75909	0.86258	0.45322	0.98725	0.10239	0.45311	0.90103	0.49774	69.568	-6.9172	-9.1645	9.1089	15.487	-0.6725	-9.4442	-2.2876	-5.2174	-10.45	8.7315	-2.6351	-73.756	-10.875	-3.5321
-26.142	-121.35	752.56	0.4777	0.99918	0.014591	0.51091	0.98662	0.098268	0.44291	0.92089	0.053992	0.5158	0.9128	0.50668	0.38609	0.90704	0.49842	0.51521	1.1344	0.071832	0.42947	1.1693	0.082465	0.46741	0.77081	0.86331	0.45278	0.99	0.10131	0.4525	0.91132	0.49824	69.231	-7.7755	-9.1857	8.8039	17.487	-0.16608	-10.327	-2.2221	-4.5671	-2.892	7.2387	-1.7457	-67.904	-15.749	-6.6079
-33.892	-141.25	820.2	0.47836	1.0041	0.014625	0.51059	0.9883	0.09808	0.44292	0.92143	0.054747	0.5151	0.92348	0.50736	0.38543	0.91682	0.4991	0.51467	1.1357	0.068611	0.42881	1.1709	0.078034	0.46713	0.78256	0.86418	0.45231	0.99237	0.10044	0.45188	0.92155	0.49884	69.147	-8.6506	-9.1889	8.1411	19.461	0.47208	-11.243	-2.1561	-3.9644	5.5562	5.6788	-0.6404	-60.847	-20.687	-9.4926
-40.947	-159.62	884.31	0.47877	1.0084	0.014654	0.51025	0.98969	0.097997	0.44293	0.92186	0.055389	0.51436	0.93401	0.50807	0.38474	0.92642	0.49989	0.51423	1.1368	0.066012	0.42829	1.1721	0.074341	0.46692	0.79433	0.86516	0.45181	0.99441	0.099775	0.45123	0.93162	0.4995	69.301	-9.5047	-9.155	7.144	21.369	1.2285	-12.161	-2.0888	-3.4396	14.61	4.1793	0.64283	-52.927	-25.439	-12.009
-47.018	-175.79	943.96	0.47895	1.0123	0.01468	0.50987	0.99081	0.098003	0.44293	0.92222	0.055919	0.5136	0.94429	0.5088	0.38404	0.93575	0.5007	0.51386	1.1375	0.063997	0.42789	1.1731	0.071354	0.46677	0.80609	0.86623	0.45126	0.99614	0.099301	0.45056	0.94144	0.5002	69.664	-10.303	-9.0725	5.8549	23.167	2.0707	-13.051	-2.0195	-3.0166	23.954	2.8266	2.0434	-44.487	-29.81	-14.055
-52.013	-189.3	998.51	0.47894	1.0155	0.014701	0.50948	0.99171	0.098083	0.44293	0.92251	0.056345	0.51283	0.95422	0.50949	0.38332	0.94473	0.5015	0.51355	1.1381	0.062499	0.42756	1.1738	0.069007	0.46669	0.81782	0.86738	0.45068	0.9976	0.098996	0.44985	0.95091	0.50089	70.199	-11.018	-8.9384	4.3237	24.824	2.9541	-13.885	-1.9476	-2.7135	33.269	1.652	3.4913	-35.848	-33.697	-15.619
-55.922	-199.87	1047.5	0.47879	1.0184	0.014719	0.50907	0.99242	0.098215	0.44292	0.92274	0.056678	0.51205	0.96371	0.51013	0.3826	0.95328	0.50223	0.51328	1.1384	0.06144	0.4273	1.1743	0.067217	0.46665	0.82947	0.86861	0.45006	0.99884	0.098832	0.44913	0.95995	0.50154	70.867	-11.625	-8.7571	2.6079	26.312	3.8363	-14.637	-1.8728	-2.5415	42.257	0.67099	4.9187	-27.281	-37.029	-16.722
-58.781	-207.31	1090.6	0.47852	1.0207	0.014734	0.50865	0.99297	0.098381	0.44291	0.92292	0.056931	0.51128	0.97269	0.51069	0.38191	0.96134	0.50286	0.51305	1.1387	0.060735	0.4271	1.1747	0.065895	0.46666	0.84102	0.86989	0.44943	0.9999	0.098774	0.4484	0.96848	0.50212	71.627	-12.112	-8.5379	0.77366	27.608	4.6788	-15.288	-1.7949	-2.505	50.65	-0.11587	6.2627	-19.017	-39.76	-17.403
-60.705	-211.55	1127.3	0.47818	1.0226	0.014745	0.50825	0.99339	0.098565	0.4429	0.92307	0.057118	0.51055	0.98112	0.51116	0.38126	0.96888	0.50337	0.51285	1.1389	0.060306	0.42694	1.175	0.064953	0.46667	0.85241	0.87122	0.44881	1.0008	0.098792	0.44768	0.97646	0.5026	72.442	-12.471	-8.2938	-1.1079	28.689	5.4441	-15.825	-1.7141	-2.6001	58.206	-0.73757	7.4693	-11.247	-41.891	-17.734
-61.919	-212.6	1157.3	0.47782	1.0241	0.014754	0.50787	0.9937	0.098751	0.44289	0.92317	0.05725	0.50986	0.98898	0.51153	0.38066	0.97586	0.50374	0.51268	1.1389	0.060082	0.42682	1.1752	0.064312	0.46669	0.86361	0.87261	0.44822	1.0016	0.098857	0.447	0.98387	0.50299	73.28	-12.707	-8.0385	-2.9705	29.545	6.0949	-16.238	-1.6304	-2.8142	64.718	-1.2635	8.4989	-4.127	-43.506	-17.822
-62.698	-210.59	1180.2	0.47749	1.0253	0.014761	0.50752	0.99393	0.09893	0.44288	0.92325	0.057338	0.50925	0.99625	0.51181	0.38014	0.98228	0.50399	0.51254	1.139	0.060005	0.42673	1.1753	0.063905	0.46667	0.8746	0.87404	0.44768	1.0022	0.098947	0.44638	0.99069	0.50328	74.116	-12.828	-7.7855	-4.7602	30.18	6.6014	-16.523	-1.5448	-3.127	70.025	-1.7735	9.3283	2.24	-44.731	-17.779
-63.295	-205.76	1195.8	0.47722	1.0261	0.014765	0.50722	0.99409	0.099094	0.44287	0.92331	0.057394	0.50872	1.0029	0.51199	0.3797	0.98814	0.50415	0.51243	1.139	0.060026	0.42666	1.1754	0.063674	0.46662	0.88536	0.87551	0.44721	1.0028	0.099046	0.44585	0.99693	0.50349	74.927	-12.852	-7.5465	-6.4365	30.604	6.9444	-16.681	-1.4594	-3.5124	74.021	-2.3335	9.9482	7.7983	-45.698	-17.7
-63.911	-198.44	1204	0.47705	1.0267	0.014769	0.50696	0.9942	0.099237	0.44285	0.92334	0.057426	0.5083	1.009	0.5121	0.37937	0.99348	0.50423	0.51234	1.139	0.060107	0.42662	1.1754	0.063572	0.46651	0.89588	0.87702	0.44682	1.0032	0.099145	0.44542	1.0026	0.50362	75.699	-12.795	-7.3305	-7.9726	30.837	7.1157	-16.714	-1.3775	-3.9401	76.658	-2.9819	10.358	12.535	-46.519	-17.645
-64.674	-189.01	1204.9	0.47699	1.027	0.014771	0.50676	0.99427	0.099359	0.44284	0.92337	0.057443	0.50799	1.0146	0.51215	0.37915	0.99833	0.50426	0.51228	1.139	0.06022	0.42659	1.1754	0.06356	0.46633	0.90616	0.87855	0.44654	1.0036	0.099241	0.44511	1.0078	0.50371	76.419	-12.678	-7.144	-9.3574	30.902	7.1169	-16.627	-1.3037	-4.3786	77.94	-3.7251	10.564	16.469	-47.275	-17.646
-65.633	-177.92	1198.9	0.47706	1.0272	0.014773	0.50661	0.9943	0.099459	0.44284	0.92338	0.057453	0.5078	1.0195	0.51216	0.37903	1.0027	0.50429	0.51225	1.139	0.060345	0.42659	1.1754	0.063607	0.46609	0.91623	0.88011	0.44635	1.0039	0.099334	0.44492	1.0124	0.50377	77.08	-12.52	-6.9906	-10.596	30.82	6.959	-16.426	-1.2432	-4.7975	77.922	-4.538	10.576	19.649	-48.001	-17.706
-66.765	-165.58	1186.3	0.47724	1.0274	0.014774	0.50651	0.99432	0.099538	0.44283	0.92338	0.057461	0.50771	1.024	0.51215	0.379	1.0067	0.50432	0.51224	1.139	0.060466	0.4266	1.1754	0.063689	0.46577	0.9261	0.88168	0.44627	1.0042	0.099424	0.44484	1.0166	0.50382	77.677	-12.339	-6.8714	-11.707	30.614	6.6599	-16.12	-1.2007	-5.1702	76.704	-5.3736	10.405	22.142	-48.695	-17.802
-67.992	-152.43	1167.7	0.47752	1.0275	0.014776	0.50645	0.99432	0.099601	0.44283	0.92338	0.057472	0.50772	1.028	0.51213	0.37905	1.0103	0.50438	0.51224	1.1389	0.060575	0.42662	1.1754	0.063788	0.46538	0.93581	0.88326	0.44629	1.0044	0.099516	0.44486	1.0204	0.50388	78.211	-12.149	-6.7852	-12.717	30.301	6.243	-15.716	-1.1795	-5.4753	74.42	-6.1743	10.066	24.032	-49.32	-17.895
-69.198	-138.85	1143.8	0.4779	1.0276	0.014778	0.50641	0.99431	0.09965	0.44282	0.92338	0.05749	0.50781	1.0315	0.51211	0.37916	1.0137	0.50447	0.51226	1.1389	0.060667	0.42665	1.1753	0.06389	0.46492	0.94538	0.88482	0.4464	1.0045	0.099613	0.44496	1.0238	0.50395	78.682	-11.962	-6.7287	-13.656	29.897	5.7341	-15.225	-1.1803	-5.6986	71.23	-6.883	9.5772	25.405	-49.811	-17.941
-70.247	-125.2	1115.4	0.47834	1.0279	0.01478	0.5064	0.9943	0.099689	0.44282	0.92338	0.05752	0.50797	1.0346	0.51211	0.37932	1.0168	0.50458	0.51229	1.1389	0.060739	0.42669	1.1753	0.063984	0.4644	0.95484	0.88638	0.44656	1.0046	0.099719	0.44512	1.0268	0.50405	79.094	-11.783	-6.6968	-14.556	29.41	5.1591	-14.655	-1.201	-5.8342	67.308	-7.4501	8.9555	26.346	-50.088	-17.894
-71.005	-111.77	1083	0.47882	1.0282	0.014784	0.50641	0.9943	0.099724	0.44282	0.92339	0.057562	0.50816	1.0374	0.51212	0.3795	1.0196	0.50471	0.51233	1.1389	0.060791	0.42672	1.1753	0.064063	0.46382	0.96421	0.88791	0.44677	1.0047	0.099838	0.4453	1.0296	0.50417	79.454	-11.616	-6.6838	-15.448	28.85	4.5425	-14.017	-1.2377	-5.8843	62.827	-7.8369	8.2213	26.933	-50.067	-17.719
-71.353	-98.803	1047.6	0.47933	1.0287	0.014789	0.50643	0.9943	0.099758	0.44281	0.9234	0.05762	0.50838	1.04	0.51214	0.37968	1.0224	0.50483	0.51237	1.1389	0.060824	0.42676	1.1753	0.064123	0.46317	0.97352	0.88942	0.44701	1.0048	0.099973	0.4455	1.0321	0.50433	79.766	-11.459	-6.6839	-16.359	28.225	3.9063	-13.321	-1.285	-5.8579	57.954	-8.0174	7.3965	27.234	-49.674	-17.39
-71.202	-86.495	1009.9	0.47984	1.0294	0.014795	0.50644	0.99432	0.099794	0.4428	0.92342	0.057693	0.5086	1.0422	0.51218	0.37985	1.0249	0.50494	0.51241	1.1389	0.060839	0.4268	1.1753	0.06416	0.46247	0.98277	0.89089	0.44725	1.0048	0.10013	0.44568	1.0345	0.50451	80.038	-11.306	-6.6914	-17.315	27.543	3.2689	-12.576	-1.3372	-5.7697	52.839	-7.9787	6.5049	27.302	-48.856	-16.898
-70.507	-74.983	970.66	0.48032	1.0304	0.014803	0.50645	0.99435	0.099834	0.44279	0.92345	0.057784	0.5088	1.0443	0.51223	0.38001	1.0274	0.50501	0.51245	1.1389	0.060838	0.42684	1.1753	0.064173	0.46171	0.99199	0.89232	0.44748	1.0048	0.1003	0.44583	1.0367	0.50472	80.275	-11.153	-6.7019	-18.338	26.812	2.6448	-11.791	-1.3893	-5.6381	47.61	-7.7218	5.5709	27.176	-47.594	-16.249
-69.274	-64.357	930.78	0.48077	1.0317	0.014812	0.50644	0.99439	0.099881	0.44277	0.92349	0.05789	0.50898	1.0463	0.5123	0.38013	1.0298	0.50506	0.51248	1.139	0.060823	0.42687	1.1753	0.06416	0.4609	1.0012	0.89371	0.4477	1.0049	0.1005	0.44594	1.0387	0.50496	80.481	-10.99	-6.7121	-19.448	26.042	2.0446	-10.977	-1.4368	-5.4828	42.368	-7.2627	4.6196	26.879	-45.906	-15.467
-67.566	-54.671	890.98	0.48118	1.0333	0.014824	0.50642	0.99446	0.099936	0.44275	0.92354	0.058013	0.50913	1.0481	0.51239	0.38023	1.0321	0.50505	0.51251	1.139	0.060793	0.4269	1.1753	0.06412	0.46003	1.0103	0.89504	0.44791	1.0049	0.10072	0.446	1.0406	0.50522	80.663	-10.813	-6.7197	-20.665	25.249	1.4752	-10.141	-1.4762	-5.3234	37.195	-6.633	3.6752	26.432	-43.849	-14.585
-65.497	-45.953	852.01	0.48154	1.0353	0.014838	0.50639	0.99454	0.099998	0.44272	0.92361	0.058151	0.50925	1.0499	0.51249	0.38029	1.0343	0.50501	0.51253	1.139	0.060751	0.42693	1.1753	0.064055	0.45912	1.0195	0.89631	0.44811	1.0049	0.10097	0.44601	1.0425	0.5055	80.824	-10.618	-6.7238	-22.006	24.448	0.94086	-9.2914	-1.5046	-5.1775	32.149	-5.879	2.7606	25.859	-41.518	-13.648
-63.223	-38.202	814.53	0.48187	1.0377	0.014855	0.50634	0.99464	0.10007	0.44269	0.92368	0.058304	0.50933	1.0516	0.51261	0.38033	1.0365	0.50493	0.51255	1.1391	0.060695	0.42696	1.1754	0.063964	0.45816	1.0286	0.89749	0.4483	1.005	0.10123	0.44598	1.0444	0.50581	80.969	-10.404	-6.7242	-23.486	23.656	0.44304	-8.4365	-1.5199	-5.0594	27.276	-5.0568	1.895	25.185	-39.039	-12.703
-60.918	-31.4	779.14	0.48217	1.0405	0.014874	0.50627	0.99476	0.10015	0.44265	0.92378	0.058471	0.50938	1.0533	0.51274	0.38034	1.0386	0.50481	0.51256	1.1392	0.060626	0.42699	1.1755	0.063849	0.45715	1.0377	0.8986	0.44847	1.0051	0.10151	0.4459	1.0462	0.50613	81.1	-10.175	-6.7217	-25.118	22.895	-0.018772	-7.5839	-1.5211	-4.9785	22.605	-4.2248	1.0926	24.443	-36.547	-11.795
-58.753	-25.514	746.35	0.48247	1.0438	0.014897	0.50618	0.9949	0.10024	0.44261	0.92388	0.058654	0.5094	1.055	0.51287	0.38034	1.0407	0.50467	0.51257	1.1392	0.060542	0.42702	1.1756	0.063712	0.45609	1.0467	0.8996	0.44864	1.0052	0.10182	0.44579	1.048	0.50645	81.221	-9.9386	-6.7178	-26.909	22.184	-0.44617	-6.7412	-1.5079	-4.939	18.16	-3.4346	0.36157	23.675	-34.171	-10.963
-56.877	-20.498	716.61	0.48279	1.0476	0.014922	0.50608	0.99506	0.10033	0.44256	0.924	0.05885	0.50938	1.0568	0.51301	0.38032	1.0427	0.50451	0.51257	1.1393	0.060443	0.42706	1.1757	0.063555	0.45499	1.0558	0.90049	0.4488	1.0053	0.10213	0.44565	1.0499	0.50678	81.336	-9.7037	-6.7142	-28.871	21.544	-0.84132	-5.916	-1.4815	-4.9403	13.958	-2.7253	-0.29493	22.926	-32.022	-10.232
-55.397	-16.288	690.26	0.48314	1.0519	0.014951	0.50596	0.99523	0.10044	0.44251	0.92414	0.05906	0.50933	1.0586	0.51314	0.38027	1.0448	0.50434	0.51257	1.1395	0.060329	0.42709	1.1759	0.063379	0.45385	1.0648	0.90127	0.44894	1.0055	0.10246	0.44548	1.0519	0.50711	81.449	-9.4812	-6.7125	-31.008	20.993	-1.2068	-5.1161	-1.4438	-4.9778	10.009	-2.1204	-0.87893	22.242	-30.181	-9.6165
-54.376	-12.804	667.59	0.48353	1.0566	0.014983	0.50584	0.99542	0.10056	0.44245	0.92429	0.059283	0.50925	1.0606	0.51327	0.3802	1.0468	0.50418	0.51257	1.1396	0.060202	0.42713	1.1761	0.063189	0.45268	1.0737	0.90192	0.44906	1.0057	0.1028	0.44529	1.0539	0.50743	81.563	-9.2808	-6.714	-33.326	20.545	-1.5451	-4.3489	-1.3981	-5.0446	6.3151	-1.6249	-1.3962	21.665	-28.693	-9.1171
-53.824	-9.9559	648.78	0.48395	1.0617	0.015018	0.50569	0.99563	0.1007	0.44238	0.92444	0.059517	0.50914	1.0627	0.51338	0.3801	1.049	0.50402	0.51256	1.1397	0.060063	0.42717	1.1763	0.062987	0.45147	1.0826	0.90243	0.44915	1.006	0.10315	0.44506	1.056	0.50774	81.683	-9.1097	-6.7195	-35.828	20.208	-1.8588	-3.6219	-1.348	-5.1327	2.8796	-1.228	-1.8546	21.237	-27.562	-8.7255
-53.71	-7.6438	633.99	0.48438	1.0671	0.015055	0.50553	0.99586	0.10085	0.4423	0.92461	0.05976	0.50897	1.065	0.51347	0.37997	1.0511	0.50387	0.51256	1.1399	0.059916	0.42721	1.1765	0.062776	0.45025	1.0915	0.90279	0.44921	1.0062	0.10351	0.44481	1.0583	0.50802	81.812	-8.9722	-6.7291	-38.514	19.987	-2.1496	-2.9419	-1.2977	-5.234	-0.29661	-0.90642	-2.2622	20.999	-26.764	-8.426
-53.97	-5.7686	623.29	0.48478	1.0727	0.015092	0.50535	0.99611	0.10102	0.44221	0.92478	0.060009	0.50876	1.0675	0.51353	0.37979	1.0535	0.50374	0.51255	1.14	0.059763	0.42725	1.1767	0.062561	0.449	1.1003	0.90301	0.44923	1.0066	0.10386	0.44452	1.0608	0.50828	81.957	-8.8693	-6.7421	-41.383	19.882	-2.4189	-2.3155	-1.2506	-5.3407	-3.2101	-0.62864	-2.6263	20.993	-26.246	-8.1986
-54.531	-4.2348	616.68	0.48513	1.0784	0.01513	0.50515	0.99638	0.1012	0.44209	0.92495	0.060264	0.5085	1.0702	0.51356	0.37956	1.056	0.50362	0.51255	1.1402	0.05961	0.42729	1.1769	0.062345	0.44776	1.1091	0.90307	0.44922	1.0069	0.10423	0.44419	1.0635	0.50851	82.121	-8.7986	-6.7571	-44.428	19.891	-2.6669	-1.748	-1.2094	-5.4464	-5.854	-0.36262	-2.9521	21.262	-25.947	-8.0221
-55.326	-2.9572	614.16	0.48541	1.084	0.015168	0.50492	0.99666	0.1014	0.44196	0.92512	0.060524	0.50818	1.0731	0.51356	0.37927	1.0586	0.50351	0.51255	1.1404	0.05946	0.42734	1.1772	0.06213	0.44651	1.1179	0.90297	0.44916	1.0073	0.10459	0.44382	1.0663	0.50869	82.308	-8.7553	-6.7723	-47.646	20.01	-2.8929	-1.2442	-1.176	-5.5457	-8.2161	-0.082158	-3.2423	21.858	-25.812	-7.8772
-56.304	-1.8671	615.64	0.48559	1.0894	0.015204	0.50466	0.99696	0.10163	0.4418	0.92529	0.06079	0.5078	1.0762	0.51351	0.37892	1.0616	0.50339	0.51255	1.1406	0.05932	0.42738	1.1774	0.061919	0.44527	1.1266	0.90272	0.44907	1.0077	0.10496	0.44339	1.0694	0.50883	82.521	-8.7327	-6.786	-51.028	20.232	-3.0951	-0.80781	-1.1515	-5.6345	-10.278	0.23077	-3.4979	22.835	-25.794	-7.748
-57.429	-0.9058	621.02	0.48567	1.0945	0.015237	0.50438	0.99727	0.10187	0.44162	0.92546	0.061064	0.50736	1.0796	0.51341	0.37851	1.0647	0.50325	0.51256	1.1408	0.05919	0.42743	1.1777	0.061714	0.44405	1.1353	0.90231	0.44894	1.0082	0.10533	0.44292	1.0728	0.50891	82.762	-8.7233	-6.797	-54.566	20.551	-3.272	-0.44067	-1.1361	-5.7097	-12.02	0.58623	-3.719	24.249	-25.861	-7.6226
-58.683	-0.009917	630.11	0.48566	1.0992	0.015268	0.50406	0.99759	0.10213	0.44142	0.92564	0.061354	0.50687	1.0832	0.51327	0.37804	1.0681	0.50309	0.51257	1.141	0.059075	0.42747	1.1779	0.061516	0.44285	1.1439	0.90175	0.44878	1.0087	0.1057	0.4424	1.0763	0.50893	83.032	-8.719	-6.8044	-58.249	20.956	-3.4239	-0.14239	-1.1294	-5.7697	-13.429	0.98796	-3.9073	26.139	-25.99	-7.4938
-60.063	0.90088	642.69	0.48555	1.1034	0.015296	0.50372	0.99793	0.10241	0.44122	0.92582	0.061664	0.50634	1.087	0.51308	0.37752	1.0718	0.5029	0.51259	1.1412	0.058973	0.42752	1.1782	0.061324	0.44168	1.1525	0.90105	0.4486	1.0092	0.10607	0.44184	1.0801	0.50888	83.327	-8.7129	-6.8072	-62.066	21.44	-3.5533	0.090094	-1.1299	-5.8135	-14.503	1.4344	-4.066	28.52	-26.169	-7.3584
-61.582	1.9324	658.49	0.48539	1.1072	0.01532	0.50335	0.99828	0.10271	0.44101	0.926	0.062	0.50577	1.0909	0.51284	0.37695	1.0758	0.50266	0.51261	1.1413	0.058885	0.42757	1.1784	0.06114	0.44054	1.1611	0.90022	0.4484	1.0098	0.10643	0.44124	1.0842	0.50877	83.647	-8.6995	-6.8046	-66.003	21.996	-3.6649	0.26223	-1.1356	-5.841	-15.258	1.9189	-4.2007	31.37	-26.399	-7.2186
-63.272	3.2175	677.2	0.48519	1.1105	0.015341	0.50296	0.99864	0.10303	0.4408	0.9262	0.062365	0.50517	1.0951	0.51256	0.37636	1.0799	0.50237	0.51263	1.1415	0.058808	0.42763	1.1786	0.060963	0.43943	1.1696	0.89926	0.44818	1.0104	0.1068	0.44062	1.0884	0.5086	83.987	-8.6755	-6.7966	-70.044	22.618	-3.7662	0.38131	-1.1445	-5.8527	-15.729	2.4304	-4.3191	34.637	-26.69	-7.0815
-65.18	4.9111	698.5	0.48499	1.1133	0.015359	0.50256	0.999	0.10337	0.4406	0.92641	0.062761	0.50457	1.0993	0.51224	0.37574	1.0843	0.50202	0.51265	1.1417	0.05874	0.42768	1.1789	0.060795	0.43835	1.1781	0.89819	0.44795	1.011	0.10718	0.43998	1.0928	0.50837	84.346	-8.6394	-6.7838	-74.175	23.304	-3.8657	0.45576	-1.1546	-5.8494	-15.967	2.9542	-4.431	38.235	-27.061	-6.9583
-67.361	7.1753	722.08	0.48481	1.1157	0.015374	0.50215	0.99937	0.10373	0.4404	0.92662	0.06319	0.50396	1.1037	0.51188	0.37512	1.0889	0.50162	0.51267	1.1418	0.058679	0.42774	1.1791	0.060635	0.43731	1.1866	0.89702	0.44773	1.0116	0.10756	0.43934	1.0973	0.50807	84.718	-8.5908	-6.7685	-78.382	24.05	-3.9721	0.49438	-1.1643	-5.8333	-16.036	3.4728	-4.5461	42.063	-27.541	-6.8621
-69.88	10.162	747.65	0.48467	1.1176	0.015386	0.50174	0.99975	0.10412	0.44022	0.92685	0.063654	0.50336	1.1082	0.51148	0.3745	1.0936	0.50116	0.51269	1.142	0.058625	0.4278	1.1793	0.060485	0.4363	1.1951	0.89575	0.44751	1.0123	0.10795	0.43871	1.1019	0.50773	85.1	-8.5298	-6.7536	-82.655	24.855	-4.0932	0.50607	-1.1725	-5.8065	-16.001	3.967	-4.6733	46.021	-28.16	-6.8046
-72.799	13.997	774.96	0.48459	1.1191	0.015396	0.50135	1.0001	0.10452	0.44005	0.92708	0.064158	0.50278	1.1127	0.51106	0.37389	1.0984	0.50066	0.5127	1.1421	0.058576	0.42786	1.1794	0.060345	0.4353	1.2035	0.8944	0.44731	1.013	0.10836	0.43809	1.1067	0.50733	85.488	-8.4574	-6.7426	-86.988	25.717	-4.2354	0.49904	-1.1782	-5.7717	-15.922	4.4173	-4.8201	50.022	-28.951	-6.7942
-76.168	18.775	803.79	0.48457	1.1203	0.015403	0.50097	1.0005	0.10495	0.4399	0.92733	0.064707	0.50222	1.1172	0.51062	0.3733	1.1032	0.5001	0.51272	1.1422	0.058535	0.42792	1.1796	0.060217	0.43432	1.212	0.89298	0.44713	1.0136	0.10877	0.43749	1.1115	0.5069	85.878	-8.3746	-6.7392	-91.374	26.633	-4.4037	0.48029	-1.1809	-5.7308	-15.847	4.8055	-4.9921	53.999	-29.94	-6.8345
-80.021	24.554	833.87	0.48462	1.1212	0.015409	0.50063	1.0009	0.1054	0.43978	0.92758	0.065306	0.50168	1.1218	0.51015	0.37274	1.1082	0.49951	0.51274	1.1423	0.058503	0.42798	1.1798	0.060101	0.43334	1.2204	0.89148	0.44697	1.0143	0.10921	0.43692	1.1163	0.50643	86.266	-8.2823	-6.7468	-95.808	27.598	-4.601	0.45534	-1.1803	-5.6856	-15.814	5.1175	-5.1924	57.906	-31.145	-6.9238
-84.361	31.352	864.97	0.48474	1.1219	0.015414	0.50031	1.0014	0.10588	0.43967	0.92785	0.065961	0.50117	1.1264	0.50967	0.3722	1.1131	0.49888	0.51275	1.1424	0.058482	0.42804	1.1799	0.059998	0.43234	1.2289	0.88992	0.44684	1.015	0.10967	0.43637	1.1212	0.50593	86.65	-8.181	-6.7682	-100.29	28.602	-4.8268	0.42753	-1.1763	-5.6374	-15.839	5.3457	-5.4205	61.724	-32.565	-7.0543
-89.163	39.148	896.78	0.48492	1.1224	0.015418	0.50004	1.0018	0.10639	0.43959	0.92814	0.066678	0.50067	1.1311	0.50917	0.37168	1.1181	0.49822	0.51277	1.1425	0.058473	0.4281	1.1801	0.059905	0.43133	1.2374	0.8883	0.44674	1.0157	0.11015	0.43585	1.1261	0.50541	87.029	-8.0703	-6.8053	-104.8	29.631	-5.0779	0.39827	-1.169	-5.5869	-15.926	5.4909	-5.6726	65.448	-34.182	-7.2129
-94.362	47.899	929.03	0.48514	1.1227	0.015421	0.49981	1.0023	0.10693	0.43952	0.92844	0.067465	0.50019	1.1357	0.50867	0.37117	1.1232	0.49754	0.51279	1.1426	0.058477	0.42816	1.1802	0.059823	0.43029	1.2459	0.88663	0.44667	1.0164	0.11066	0.43534	1.1311	0.50487	87.4	-7.9492	-6.8595	-109.33	30.663	-5.3485	0.3673	-1.1588	-5.534	-16.063	5.5637	-5.9423	69.093	-35.957	-7.3827
-99.865	57.539	961.41	0.48538	1.123	0.015423	0.49962	1.0028	0.10752	0.43948	0.92877	0.068328	0.49971	1.1404	0.50817	0.37068	1.1283	0.49684	0.5128	1.1427	0.058494	0.42821	1.1804	0.059748	0.42922	1.2544	0.88491	0.44661	1.0171	0.1112	0.43485	1.1361	0.50431	87.765	-7.8156	-6.9313	-113.88	31.674	-5.6313	0.33277	-1.1465	-5.4785	-16.226	5.5838	-6.222	72.68	-37.83	-7.544
-105.55	67.994	993.6	0.48562	1.1232	0.015425	0.49946	1.0034	0.10815	0.43945	0.92912	0.069275	0.49923	1.1452	0.50767	0.37018	1.1335	0.49612	0.51281	1.1428	0.058522	0.42826	1.1805	0.059679	0.42812	1.2631	0.88314	0.44656	1.0178	0.1118	0.43435	1.1412	0.50375	88.123	-7.6669	-7.0208	-118.42	32.63	-5.9181	0.29196	-1.1331	-5.4189	-16.383	5.5784	-6.503	76.239	-39.728	-7.6759
-111.29	79.188	1025.3	0.48584	1.1234	0.015427	0.49934	1.004	0.10883	0.43942	0.9295	0.070317	0.49874	1.15	0.50718	0.36967	1.1387	0.49538	0.5128	1.1429	0.05856	0.4283	1.1807	0.059614	0.42697	1.2718	0.88133	0.44653	1.0186	0.11244	0.43384	1.1463	0.50318	88.475	-7.5	-7.1276	-122.92	33.499	-6.2001	0.24139	-1.1199	-5.3535	-16.493	5.5794	-6.7758	79.793	-41.567	-7.7569
-116.94	91.044	1056.1	0.48602	1.1235	0.015429	0.49925	1.0048	0.10956	0.43941	0.92992	0.071466	0.49822	1.155	0.5067	0.36913	1.1442	0.49462	0.51279	1.1429	0.058604	0.42834	1.1808	0.059553	0.4258	1.2806	0.87949	0.44649	1.0194	0.11316	0.43331	1.1516	0.5026	88.822	-7.3125	-7.2509	-127.37	34.245	-6.4683	0.17694	-1.1083	-5.2799	-16.513	5.6192	-7.0314	83.361	-43.26	-7.7682
-122.36	103.48	1085.7	0.48614	1.1237	0.01543	0.49919	1.0055	0.11036	0.4394	0.93038	0.072734	0.49767	1.16	0.50624	0.36856	1.1497	0.49384	0.51275	1.143	0.058651	0.42837	1.1809	0.059494	0.42458	1.2895	0.87761	0.44644	1.0202	0.11394	0.43274	1.157	0.50203	89.162	-7.1024	-7.3901	-131.71	34.83	-6.7146	0.093788	-1.0995	-5.1954	-16.401	5.7267	-7.2613	86.944	-44.726	-7.6961
-127.42	116.42	1113.6	0.48619	1.1239	0.015432	0.49914	1.0064	0.11123	0.4394	0.9309	0.074136	0.49706	1.1652	0.50579	0.36795	1.1555	0.49303	0.5127	1.143	0.058696	0.42839	1.1811	0.059438	0.42333	1.2985	0.8757	0.44639	1.021	0.11482	0.43213	1.1625	0.50146	89.497	-6.8693	-7.5445	-135.89	35.224	-6.9312	-0.01362	-1.0951	-5.0975	-16.112	5.9264	-7.4576	90.529	-45.891	-7.5332
-132	129.77	1139.5	0.48616	1.1241	0.015433	0.49912	1.0074	0.11217	0.43939	0.93147	0.075689	0.4964	1.1705	0.50535	0.36728	1.1615	0.49218	0.51261	1.1431	0.058735	0.42841	1.1812	0.059383	0.42204	1.3077	0.87379	0.44632	1.022	0.11578	0.43145	1.1683	0.50088	89.824	-6.614	-7.714	-139.87	35.399	-7.1105	-0.15138	-1.0964	-4.9845	-15.606	6.2363	-7.6132	94.088	-46.691	-7.2783
-136.01	143.43	1162.9	0.48606	1.1244	0.015434	0.49912	1.0085	0.11319	0.43939	0.93212	0.077411	0.49567	1.176	0.50493	0.36655	1.1678	0.49131	0.51251	1.1431	0.058762	0.42843	1.1813	0.059331	0.42072	1.317	0.87187	0.44624	1.023	0.11686	0.43071	1.1742	0.50029	90.144	-6.3386	-7.8985	-143.58	35.338	-7.2448	-0.32561	-1.1048	-4.8554	-14.842	6.6656	-7.7215	97.584	-47.083	-6.934
-139.38	157.29	1183.4	0.48587	1.1247	0.015436	0.49914	1.0096	0.1143	0.43939	0.93284	0.07932	0.49488	1.1818	0.50452	0.36576	1.1743	0.4904	0.51237	1.1431	0.058771	0.42845	1.1815	0.059282	0.41935	1.3264	0.86997	0.44616	1.0241	0.11806	0.4299	1.1804	0.4997	90.454	-6.0461	-8.0985	-146.96	35.028	-7.3267	-0.54211	-1.122	-4.7102	-13.783	7.213	-7.7774	100.97	-47.046	-6.5044
-142.07	171.24	1200.6	0.48561	1.125	0.015437	0.49917	1.0109	0.11551	0.4394	0.93365	0.081435	0.49401	1.1877	0.50412	0.36491	1.1811	0.48945	0.51221	1.143	0.058756	0.42847	1.1816	0.059237	0.41793	1.336	0.86808	0.44607	1.0253	0.11939	0.42902	1.1869	0.49909	90.753	-5.7398	-8.3147	-149.94	34.461	-7.3498	-0.80613	-1.1493	-4.5501	-12.399	7.8678	-7.777	104.2	-46.582	-5.9941
-144.08	185.16	1214.1	0.48527	1.1253	0.015438	0.49924	1.0124	0.11682	0.43941	0.93456	0.083774	0.49308	1.194	0.50371	0.364	1.1883	0.48847	0.51201	1.143	0.058707	0.42849	1.1817	0.059195	0.41646	1.3457	0.86622	0.44598	1.0267	0.12085	0.42807	1.1938	0.49846	91.039	-5.4233	-8.5484	-152.46	33.641	-7.3092	-1.1224	-1.1878	-4.3771	-10.669	8.6112	-7.7183	107.21	-45.714	-5.4072
-145.39	198.92	1223.6	0.48487	1.1256	0.015439	0.49933	1.0139	0.11824	0.43943	0.9356	0.086357	0.49207	1.2005	0.5033	0.36303	1.1958	0.48744	0.51179	1.1429	0.058616	0.42851	1.1818	0.059158	0.41492	1.3556	0.86438	0.44591	1.0282	0.12247	0.42706	1.2009	0.49781	91.31	-5.1002	-8.8002	-154.46	32.573	-7.2015	-1.4951	-1.2381	-4.1944	-8.5815	9.4195	-7.6011	109.91	-44.475	-4.7486
-146.03	212.36	1228.5	0.48443	1.126	0.01544	0.49946	1.0156	0.11977	0.43947	0.93676	0.0892	0.49101	1.2074	0.50287	0.36201	1.2036	0.48638	0.51155	1.1427	0.058475	0.42854	1.1818	0.059125	0.41331	1.3656	0.86257	0.44586	1.0299	0.12424	0.426	1.2084	0.49713	91.564	-4.7738	-9.0705	-155.85	31.274	-7.0264	-1.9286	-1.2998	-4.006	-6.1328	10.265	-7.4273	112.22	-42.906	-4.0251
-146.01	225.3	1228.6	0.48395	1.1264	0.015442	0.49963	1.0175	0.12142	0.43953	0.93809	0.092322	0.48989	1.2147	0.50243	0.36096	1.2118	0.48527	0.51128	1.1425	0.058276	0.42857	1.1818	0.059096	0.41163	1.3758	0.86081	0.44584	1.0317	0.12616	0.4249	1.2162	0.49642	91.797	-4.4466	-9.3592	-156.58	29.761	-6.7869	-2.4272	-1.3719	-3.8167	-3.328	11.117	-7.2018	114.06	-41.052	-3.2467
-145.32	237.54	1223.3	0.48344	1.1268	0.015443	0.49983	1.0195	0.12319	0.4396	0.93959	0.095738	0.48874	1.2223	0.50195	0.35988	1.2203	0.48412	0.51099	1.1423	0.058014	0.42861	1.1818	0.05907	0.40985	1.3861	0.8591	0.44585	1.0338	0.12826	0.42376	1.2244	0.49566	92.005	-4.1203	-9.665	-156.57	28.055	-6.4879	-2.9955	-1.4525	-3.6321	-0.18004	11.947	-6.9317	115.33	-38.953	-2.4263
-143.96	248.82	1212.2	0.48291	1.1273	0.015444	0.50007	1.0218	0.12509	0.43968	0.94131	0.099466	0.48756	1.2303	0.50143	0.35879	1.2292	0.4829	0.51069	1.1421	0.057687	0.42865	1.1818	0.059046	0.40798	1.3967	0.85745	0.44589	1.0361	0.13051	0.4226	1.233	0.49484	92.182	-3.7959	-9.9854	-155.74	26.18	-6.1365	-3.6384	-1.5393	-3.4583	3.2894	12.726	-6.6263	115.95	-36.641	-1.5802
-141.89	258.84	1194.8	0.48237	1.1278	0.015446	0.50034	1.0243	0.12712	0.43976	0.94327	0.10352	0.48636	1.2388	0.50085	0.35769	1.2385	0.48161	0.51037	1.1418	0.057298	0.4287	1.1817	0.059023	0.40599	1.4074	0.85587	0.44597	1.0387	0.13293	0.42143	1.2421	0.49396	92.322	-3.4732	-10.317	-154.03	24.161	-5.7404	-4.361	-1.63	-3.3016	7.0503	13.434	-6.2963	115.83	-34.139	-0.72725
-139.05	267.25	1170.9	0.48182	1.1283	0.015448	0.50064	1.027	0.1293	0.43983	0.94552	0.10792	0.48517	1.2478	0.50021	0.35661	1.2482	0.48023	0.51006	1.1414	0.056857	0.42874	1.1816	0.058997	0.40391	1.4182	0.85439	0.44607	1.0415	0.1355	0.42027	1.2515	0.49301	92.417	-3.151	-10.655	-151.36	22.027	-5.3066	-5.169	-1.7223	-3.1684	11.063	14.058	-5.9541	114.93	-31.459	0.1103
-135.39	273.66	1139.9	0.48125	1.1288	0.01545	0.50094	1.0299	0.13164	0.43987	0.94811	0.11269	0.48398	1.2572	0.49949	0.35555	1.2583	0.47875	0.50975	1.1411	0.056381	0.42879	1.1814	0.058968	0.4017	1.4292	0.85301	0.4462	1.0447	0.13823	0.41912	1.2615	0.49196	92.455	-2.8272	-10.995	-147.67	19.811	-4.8424	-6.0686	-1.814	-3.065	15.273	14.592	-5.6129	113.19	-28.607	0.90806
-130.82	277.68	1101.6	0.48067	1.1295	0.015452	0.50123	1.0332	0.13415	0.43985	0.9511	0.11784	0.48282	1.2671	0.49867	0.35452	1.2689	0.47715	0.50946	1.1407	0.055898	0.42884	1.1812	0.058933	0.39939	1.4403	0.85174	0.44634	1.0483	0.14111	0.41799	1.2719	0.49081	92.424	-2.4983	-11.329	-142.92	17.548	-4.3542	-7.0665	-1.9031	-2.9972	19.61	15.033	-5.2868	110.62	-25.591	1.641
-125.3	278.91	1056	0.48007	1.1302	0.015455	0.50149	1.0368	0.13685	0.43975	0.95454	0.12338	0.48169	1.2776	0.49774	0.35354	1.28	0.4754	0.5092	1.1403	0.055444	0.42889	1.181	0.058888	0.39697	1.4516	0.85059	0.44648	1.0522	0.14413	0.41689	1.2829	0.48953	92.31	-2.1606	-11.65	-137.08	15.282	-3.8493	-8.1705	-1.9872	-2.9698	23.983	15.381	-4.9906	107.22	-22.423	2.2844
-118.81	276.99	1003.1	0.47946	1.131	0.015459	0.50168	1.0408	0.13977	0.43953	0.9585	0.12935	0.4806	1.2886	0.4967	0.35263	1.2917	0.47348	0.50897	1.14	0.055064	0.42893	1.1808	0.058833	0.39446	1.4629	0.84958	0.4466	1.0566	0.1473	0.41584	1.2945	0.4881	92.095	-1.8103	-11.949	-130.15	13.059	-3.3366	-9.3889	-2.0642	-2.9865	28.279	15.626	-4.7384	103.02	-19.138	2.8161
-111.4	271.65	943.25	0.47881	1.132	0.015464	0.50177	1.0453	0.14294	0.43915	0.96307	0.13575	0.47957	1.3003	0.49552	0.35179	1.3039	0.47136	0.50877	1.1398	0.054816	0.42895	1.1807	0.058765	0.39186	1.4744	0.8487	0.44667	1.0615	0.15061	0.41484	1.3066	0.48651	91.76	-1.4445	-12.216	-122.16	10.926	-2.8274	-10.731	-2.1318	-3.0495	32.363	15.752	-4.5416	98.082	-15.798	3.2197
-103.14	262.75	877.09	0.47814	1.1332	0.01547	0.50173	1.0502	0.14639	0.43858	0.9683	0.14259	0.47861	1.3125	0.4942	0.35103	1.3168	0.46903	0.50861	1.1397	0.054761	0.42896	1.1806	0.058684	0.38918	1.4858	0.84796	0.44666	1.067	0.15405	0.4139	1.3194	0.48473	91.283	-1.062	-12.44	-113.2	8.9354	-2.3351	-12.206	-2.1878	-3.1599	36.078	15.729	-4.4062	92.477	-12.495	3.4877
-94.215	250.3	805.59	0.47744	1.1347	0.015477	0.50152	1.0557	0.15016	0.43778	0.97429	0.1499	0.4777	1.3254	0.49272	0.35037	1.3304	0.46648	0.50847	1.1398	0.054969	0.42895	1.1808	0.058591	0.38644	1.4974	0.84737	0.44655	1.073	0.15765	0.41303	1.3329	0.48275	90.642	-0.6635	-12.608	-103.4	7.1345	-1.8723	-13.823	-2.2308	-3.3173	39.258	15.526	-4.3285	86.297	-9.3415	3.6233
-84.823	234.52	729.97	0.47671	1.1364	0.015486	0.50112	1.0617	0.15429	0.43673	0.9811	0.15768	0.47687	1.3391	0.49107	0.3498	1.3447	0.46369	0.50835	1.1402	0.055507	0.42891	1.1811	0.05849	0.38365	1.5089	0.84691	0.44628	1.0797	0.1614	0.41223	1.3471	0.48056	89.813	-0.25319	-12.709	-92.924	5.567	-1.4495	-15.59	-2.2604	-3.5197	41.726	15.114	-4.2945	79.637	-6.4577	3.6392
-75.218	215.85	651.74	0.47596	1.1384	0.015497	0.50049	1.0684	0.15882	0.43538	0.98881	0.16594	0.47609	1.3534	0.48924	0.34932	1.3598	0.46067	0.50822	1.1411	0.056444	0.42883	1.1818	0.058387	0.38083	1.5204	0.84658	0.44583	1.087	0.16531	0.41149	1.3621	0.47815	88.775	0.1609	-12.73	-82.006	4.2651	-1.0753	-17.512	-2.2777	-3.7631	43.312	14.472	-4.2806	72.586	-3.9562	3.5537
-65.664	194.91	572.56	0.4752	1.1407	0.01551	0.4996	1.0759	0.16378	0.43371	0.99749	0.17468	0.47535	1.3684	0.48725	0.34892	1.3757	0.45744	0.50807	1.1424	0.057837	0.42871	1.1828	0.058292	0.37798	1.5319	0.84637	0.44514	1.0951	0.1694	0.41081	1.3778	0.47552	87.509	0.56575	-12.657	-70.914	3.2455	-0.75457	-19.593	-2.2852	-4.0412	43.868	13.596	-4.2554	65.233	-1.9223	3.3873
-56.412	172.46	494.2	0.47445	1.1434	0.015526	0.49844	1.0841	0.1692	0.43171	1.0072	0.18388	0.47464	1.3842	0.4851	0.34856	1.3924	0.45403	0.50787	1.1443	0.059738	0.42855	1.1844	0.05822	0.37512	1.5433	0.84627	0.4442	1.104	0.17369	0.41016	1.3942	0.4727	86.004	0.94261	-12.48	-59.95	2.5048	-0.48983	-21.832	-2.2863	-4.3449	43.29	12.498	-4.186	57.66	-0.39926	3.1567
-47.679	149.39	418.38	0.47373	1.1465	0.015544	0.49698	1.0932	0.17511	0.42937	1.018	0.19351	0.47392	1.4007	0.48281	0.34823	1.4099	0.4505	0.5076	1.147	0.062181	0.42835	1.1867	0.058187	0.37225	1.5547	0.84628	0.44295	1.1136	0.1782	0.40953	1.4114	0.46972	84.262	1.267	-12.188	-49.422	2.0179	-0.28125	-24.221	-2.2851	-4.6628	41.536	11.21	-4.0437	49.96	0.61884	2.8721
-39.622	126.55	346.7	0.47306	1.15	0.015565	0.49523	1.1032	0.1815	0.42668	1.03	0.20352	0.47317	1.4179	0.48042	0.34788	1.4281	0.4469	0.50726	1.1505	0.065182	0.42811	1.1897	0.058214	0.36939	1.5659	0.84639	0.44137	1.1241	0.18294	0.40888	1.4293	0.46662	82.298	1.51	-11.779	-39.629	1.7375	-0.12732	-26.748	-2.2847	-4.9822	38.645	9.7817	-3.8093	42.242	1.1859	2.5373
-32.337	104.72	280.46	0.47247	1.1538	0.015589	0.49317	1.1142	0.18835	0.42366	1.0431	0.21383	0.47235	1.4357	0.47798	0.34747	1.4471	0.4433	0.50684	1.1551	0.068736	0.42783	1.1935	0.058323	0.36653	1.577	0.8466	0.43943	1.1355	0.1879	0.40817	1.4478	0.46347	80.147	1.6403	-11.257	-30.826	1.5978	-0.026086	-29.397	-2.2873	-5.2902	34.736	8.2693	-3.4784	34.625	1.3915	2.1497
-25.858	84.536	220.67	0.47197	1.1581	0.015615	0.49081	1.1263	0.19562	0.4203	1.0574	0.22433	0.47143	1.4543	0.47553	0.34696	1.4667	0.43978	0.50634	1.1609	0.072808	0.42753	1.1984	0.058537	0.36369	1.5879	0.84691	0.43711	1.1478	0.19309	0.40736	1.467	0.46033	77.862	1.6287	-10.637	-23.192	1.5253	0.027596	-32.144	-2.2932	-5.5752	30.001	6.7356	-3.0596	27.26	1.3446	1.7124
-20.171	66.41	167.95	0.47156	1.1629	0.015645	0.48817	1.1394	0.20322	0.41664	1.0729	0.23491	0.47038	1.4734	0.47314	0.3463	1.4869	0.43643	0.50579	1.168	0.077341	0.42722	1.2043	0.058883	0.36088	1.5988	0.84732	0.43441	1.1609	0.19846	0.40642	1.4868	0.45729	75.514	1.4521	-9.9499	-16.852	1.4538	0.036006	-34.962	-2.3016	-5.8271	24.707	5.2412	-2.5787	20.303	1.1523	1.2264
-15.241	50.547	122.6	0.4712	1.1684	0.01568	0.48525	1.1536	0.21107	0.4127	1.0894	0.2454	0.46917	1.493	0.47088	0.34547	1.5077	0.43333	0.50519	1.1765	0.082254	0.4269	1.2115	0.059394	0.35811	1.6095	0.84784	0.43132	1.1751	0.20398	0.40531	1.507	0.45442	73.186	1.0983	-9.2324	-11.801	1.3289	0.007158	-37.82	-2.3117	-6.0377	19.145	3.8405	-2.0643	13.963	0.90158	0.71944
-11.028	36.983	84.638	0.47087	1.1751	0.015723	0.48208	1.1689	0.21904	0.4085	1.107	0.25564	0.46777	1.5131	0.46881	0.34443	1.5288	0.43055	0.50455	1.1865	0.087453	0.42657	1.2199	0.06011	0.35541	1.62	0.84846	0.42788	1.1901	0.2096	0.404	1.5276	0.45181	70.968	0.5684	-8.5296	-7.8983	1.1173	-0.043293	-40.685	-2.3234	-6.2011	13.602	2.5783	-1.5409	8.4853	0.64896	0.2486
-7.5078	25.648	53.886	0.47049	1.1846	0.015784	0.47868	1.1851	0.22701	0.40406	1.1255	0.26545	0.46618	1.5335	0.46703	0.34316	1.5503	0.42817	0.50384	1.198	0.092849	0.42621	1.2297	0.061086	0.35278	1.6304	0.84918	0.42413	1.2061	0.21525	0.40247	1.5486	0.44953	68.944	-0.12117	-7.886	-5.4848	0.87279	-0.16355	-43.523	-2.3393	-6.3156	8.6012	1.49	-1.1076	3.6627	0.42521	-0.30449
-4.6551	16.42	29.934	0.46996	1.2014	0.015893	0.47508	1.2022	0.23482	0.39943	1.1447	0.27468	0.46438	1.5543	0.46558	0.34166	1.5721	0.42624	0.50305	1.211	0.09836	0.42581	1.241	0.062383	0.35024	1.6406	0.85001	0.42011	1.2229	0.22086	0.4007	1.5698	0.44766	67.19	-0.94036	-7.3386	-2.9381	0.46922	-0.16972	-46.302	-2.3639	-6.3845	3.798	0.59471	-0.58747	0.71975	0.22538	-0.42024
0	0	0	NaN	NaN	NaN	0.47131	1.2202	0.24236	0.39464	1.1645	0.28317	0.46238	1.5752	0.46453	0.33992	1.594	0.42482	0.50214	1.2254	0.10392	0.42533	1.2538	0.064057	0.34779	1.6508	0.85094	0.41588	1.2404	0.22637	0.3987	1.5912	0.44624	65.766	-1.8483	-6.9124	0.037898	0.001466	0.004046	-48.997	-2.4045	-6.4161	0.027388	0.03533	-0.030489	0.27276	0.077178	0.049251
