0.59234	0.79954	0.099407	0.50337	0.81833	0.1188	0.53675	0.72996	0.051402	0.59267	0.87145	0.51605	0.46599	0.87943	0.49755	0.61999	0.93907	0.056611	0.54347	0.97193	0.065485	0.52255	0.88921	0.90562	0.54791	0.8089	0.10907	0.52934	0.87531	0.50682	80.924	-5.5096	-15.831	-7.3954	-2.2064	-2.5726
0.59234	0.79955	0.099414	0.50336	0.81834	0.11881	0.53674	0.72996	0.051414	0.59264	0.87148	0.51605	0.46596	0.87945	0.49755	0.61997	0.93908	0.056592	0.54348	0.97193	0.065462	0.52252	0.88928	0.90563	0.54791	0.80891	0.10908	0.52931	0.87535	0.50683	80.921	-5.5141	-15.832	-7.3959	-2.212	-2.5746
0.59233	0.79956	0.099422	0.50336	0.81835	0.11881	0.53674	0.72997	0.051427	0.59261	0.87151	0.51606	0.46594	0.87948	0.49756	0.61995	0.93909	0.056573	0.5435	0.97193	0.065441	0.52249	0.88936	0.90563	0.5479	0.80893	0.10909	0.52928	0.87539	0.50683	80.919	-5.5171	-15.831	-7.396	-2.2166	-2.5762
0.59232	0.79957	0.09943	0.50335	0.81836	0.11882	0.53674	0.72998	0.051439	0.59257	0.87154	0.51606	0.46591	0.87951	0.49756	0.61994	0.9391	0.056556	0.54351	0.97192	0.065422	0.52246	0.88942	0.90564	0.54789	0.80894	0.1091	0.52925	0.87543	0.50684	80.917	-5.5182	-15.831	-7.3955	-2.2195	-2.5774
0.59231	0.79958	0.099437	0.50335	0.81836	0.11883	0.53673	0.72998	0.051449	0.59255	0.87157	0.51606	0.46589	0.87953	0.49756	0.61992	0.9391	0.056542	0.54352	0.97192	0.065406	0.52243	0.88948	0.90564	0.54788	0.80895	0.10911	0.52922	0.87547	0.50684	80.915	-5.5168	-15.83	-7.3942	-2.2207	-2.578
0.5923	0.79959	0.099444	0.50334	0.81837	0.11883	0.53673	0.72999	0.051458	0.59252	0.87159	0.51607	0.46587	0.87956	0.49756	0.61992	0.93911	0.056531	0.54353	0.97192	0.065394	0.5224	0.88954	0.90564	0.54787	0.80896	0.10912	0.5292	0.87549	0.50684	80.914	-5.5129	-15.829	-7.3919	-2.2199	-2.5781
0.5923	0.79959	0.09945	0.50334	0.81837	0.11883	0.53673	0.72999	0.051464	0.5925	0.8716	0.51607	0.46585	0.87958	0.49756	0.61991	0.93911	0.056523	0.54353	0.97192	0.065386	0.52237	0.88959	0.90564	0.54786	0.80896	0.10913	0.52918	0.87551	0.50684	80.913	-5.507	-15.827	-7.3883	-2.2177	-2.5779
0.59229	0.79959	0.099455	0.50334	0.81837	0.11883	0.53673	0.73	0.051469	0.59248	0.8716	0.51608	0.46584	0.8796	0.49755	0.61991	0.93911	0.056518	0.54354	0.97193	0.065382	0.52234	0.88963	0.90565	0.54785	0.80896	0.10913	0.52916	0.87551	0.50684	80.913	-5.4996	-15.826	-7.3833	-2.2145	-2.5775
0.59229	0.7996	0.099458	0.50334	0.81838	0.11883	0.53673	0.73	0.051472	0.59246	0.8716	0.51608	0.46582	0.87961	0.49754	0.61991	0.93912	0.056515	0.54354	0.97193	0.06538	0.52231	0.88966	0.90565	0.54783	0.80896	0.10914	0.52914	0.87551	0.50684	80.912	-5.4915	-15.825	-7.3768	-2.211	-2.5771
0.59228	0.7996	0.09946	0.50334	0.81838	0.11883	0.53673	0.73	0.051474	0.59245	0.87159	0.51609	0.46581	0.87961	0.49754	0.61991	0.93912	0.056514	0.54354	0.97193	0.06538	0.52228	0.88969	0.90565	0.54783	0.80895	0.10914	0.52913	0.87549	0.50684	80.911	-5.4833	-15.824	-7.3688	-2.2078	-2.577
0.59228	0.79959	0.099462	0.50333	0.81837	0.11883	0.53673	0.73001	0.051474	0.59243	0.87157	0.51609	0.4658	0.8796	0.49753	0.61992	0.93912	0.056515	0.54354	0.97193	0.065382	0.52225	0.88972	0.90565	0.54782	0.80895	0.10914	0.52911	0.87547	0.50684	80.909	-5.4758	-15.824	-7.3596	-2.2049	-2.5773
0.59228	0.79959	0.099462	0.50333	0.81837	0.11883	0.53673	0.73001	0.051474	0.59241	0.87154	0.5161	0.46579	0.87958	0.49753	0.61992	0.93911	0.056517	0.54354	0.97193	0.065385	0.52222	0.88974	0.90565	0.54782	0.80894	0.10915	0.5291	0.87544	0.50684	80.907	-5.4692	-15.823	-7.3493	-2.2026	-2.5781
0.59228	0.79959	0.099461	0.50333	0.81837	0.11883	0.53673	0.73001	0.051474	0.5924	0.87151	0.5161	0.46577	0.87955	0.49752	0.61992	0.93911	0.056519	0.54353	0.97193	0.065387	0.52219	0.88976	0.90565	0.54782	0.80893	0.10915	0.52908	0.87541	0.50684	80.905	-5.4639	-15.823	-7.3385	-2.2007	-2.5793
0.59228	0.79959	0.09946	0.50333	0.81837	0.11883	0.53673	0.73001	0.051473	0.59238	0.87147	0.51611	0.46575	0.87952	0.49752	0.61992	0.93911	0.056522	0.54353	0.97193	0.06539	0.52216	0.88979	0.90565	0.54781	0.80892	0.10915	0.52907	0.87538	0.50684	80.901	-5.4599	-15.822	-7.3276	-2.1989	-2.5807
0.59228	0.79959	0.099459	0.50333	0.81837	0.11883	0.53674	0.73001	0.051473	0.59236	0.87144	0.51611	0.46574	0.87949	0.49752	0.61992	0.93912	0.056524	0.54353	0.97193	0.065391	0.52213	0.88981	0.90565	0.54781	0.80891	0.10915	0.52905	0.87534	0.50684	80.898	-5.4573	-15.822	-7.317	-2.1972	-2.5821
0.59228	0.79959	0.099459	0.50333	0.81837	0.11883	0.53674	0.73001	0.051473	0.59235	0.87141	0.51611	0.46572	0.87946	0.49751	0.61992	0.93912	0.056527	0.54352	0.97194	0.065392	0.5221	0.88983	0.90565	0.54781	0.8089	0.10915	0.52904	0.87531	0.50684	80.894	-5.4559	-15.821	-7.307	-2.1952	-2.5833
0.59228	0.79959	0.09946	0.50333	0.81837	0.11882	0.53673	0.73	0.051473	0.59233	0.87139	0.51612	0.46571	0.87944	0.49751	0.61992	0.93912	0.05653	0.54352	0.97194	0.065391	0.52207	0.88985	0.90565	0.54781	0.8089	0.10915	0.52902	0.87528	0.50684	80.89	-5.4556	-15.82	-7.2977	-2.1933	-2.584
0.59227	0.79959	0.099463	0.50334	0.81837	0.11882	0.53673	0.73	0.051474	0.59232	0.87137	0.51612	0.46569	0.87941	0.49751	0.61992	0.93912	0.056531	0.54352	0.97194	0.06539	0.52204	0.88986	0.90565	0.5478	0.80889	0.10915	0.52901	0.87526	0.50684	80.886	-5.4562	-15.82	-7.2895	-2.1913	-2.5841
0.59227	0.79959	0.099466	0.50334	0.81837	0.11882	0.53673	0.73	0.051475	0.5923	0.87135	0.51612	0.46568	0.8794	0.49751	0.61992	0.93912	0.056532	0.54352	0.97195	0.065388	0.52201	0.88987	0.90565	0.5478	0.80889	0.10915	0.52899	0.87524	0.50684	80.883	-5.4575	-15.819	-7.2824	-2.1896	-2.5836
0.59227	0.79959	0.09947	0.50334	0.81837	0.11882	0.53673	0.73001	0.051476	0.59229	0.87134	0.51613	0.46566	0.87938	0.4975	0.61992	0.93912	0.056532	0.54352	0.97195	0.065385	0.52199	0.88988	0.90565	0.5478	0.80889	0.10916	0.52898	0.87523	0.50684	80.88	-5.4591	-15.82	-7.2763	-2.1882	-2.5827
0.59227	0.7996	0.099475	0.50334	0.81836	0.11882	0.53673	0.73001	0.051478	0.59228	0.87134	0.51613	0.46565	0.87938	0.4975	0.61991	0.93912	0.056532	0.54352	0.97195	0.065383	0.52196	0.88989	0.90565	0.5478	0.80889	0.10916	0.52897	0.87522	0.50684	80.878	-5.4608	-15.82	-7.2713	-2.187	-2.5818
0.59227	0.7996	0.09948	0.50334	0.81836	0.11882	0.53673	0.73001	0.051479	0.59227	0.87134	0.51613	0.46563	0.87938	0.4975	0.61991	0.93912	0.056531	0.54353	0.97195	0.06538	0.52193	0.88989	0.90565	0.5478	0.80889	0.10916	0.52896	0.87521	0.50684	80.876	-5.4625	-15.821	-7.2675	-2.1861	-2.581
0.59227	0.79961	0.099484	0.50334	0.81837	0.11882	0.53673	0.73001	0.051481	0.59226	0.87134	0.51613	0.46562	0.87938	0.4975	0.61991	0.93912	0.056529	0.54353	0.97195	0.065377	0.5219	0.88989	0.90566	0.5478	0.80889	0.10916	0.52894	0.87521	0.50684	80.874	-5.4641	-15.823	-7.2648	-2.1856	-2.5807
0.59227	0.79961	0.099488	0.50334	0.81837	0.11883	0.53673	0.73001	0.051483	0.59225	0.87135	0.51613	0.46561	0.87938	0.49749	0.61991	0.93912	0.056527	0.54354	0.97195	0.065375	0.52188	0.88989	0.90566	0.5478	0.80889	0.10916	0.52893	0.87522	0.50684	80.873	-5.4654	-15.825	-7.2633	-2.1855	-2.5812
0.59227	0.79962	0.099492	0.50334	0.81837	0.11883	0.53673	0.73001	0.051486	0.59224	0.87136	0.51614	0.46559	0.87939	0.49749	0.61992	0.93912	0.056525	0.54354	0.97195	0.065373	0.52185	0.88989	0.90566	0.5478	0.80889	0.10916	0.52892	0.87522	0.50685	80.872	-5.4664	-15.827	-7.2629	-2.1858	-2.5824
0.59226	0.79962	0.099495	0.50333	0.81837	0.11883	0.53673	0.73001	0.051488	0.59222	0.87137	0.51614	0.46558	0.87939	0.49748	0.61991	0.93912	0.056523	0.54354	0.97195	0.065371	0.52183	0.88989	0.90566	0.5478	0.8089	0.10916	0.52891	0.87523	0.50685	80.871	-5.4671	-15.83	-7.2638	-2.1865	-2.5843
0.59226	0.79963	0.099498	0.50332	0.81837	0.11883	0.53673	0.73002	0.05149	0.59221	0.87138	0.51614	0.46557	0.8794	0.49748	0.61991	0.93912	0.056521	0.54354	0.97195	0.065369	0.5218	0.88989	0.90566	0.5478	0.8089	0.10916	0.52889	0.87524	0.50685	80.871	-5.4674	-15.833	-7.2659	-2.1878	-2.5868
0.59226	0.79963	0.099501	0.50332	0.81838	0.11883	0.53673	0.73002	0.051491	0.59219	0.8714	0.51614	0.46556	0.87941	0.49748	0.61991	0.93912	0.056519	0.54353	0.97195	0.065368	0.52178	0.88989	0.90567	0.5478	0.8089	0.10917	0.52887	0.87526	0.50685	80.872	-5.4674	-15.835	-7.2691	-2.1893	-2.5897
0.59226	0.79963	0.099504	0.50331	0.81838	0.11883	0.53673	0.73002	0.051491	0.59218	0.87141	0.51614	0.46556	0.87941	0.49747	0.61991	0.93912	0.056518	0.54353	0.97195	0.065366	0.52176	0.88988	0.90567	0.5478	0.8089	0.10917	0.52886	0.87527	0.50685	80.873	-5.4672	-15.838	-7.2731	-2.1911	-2.5925
0.59226	0.79964	0.099505	0.5033	0.81839	0.11883	0.53674	0.73002	0.051491	0.59216	0.87143	0.51614	0.46555	0.87942	0.49747	0.61991	0.93912	0.056517	0.54353	0.97195	0.065365	0.52174	0.88988	0.90567	0.5478	0.8089	0.10917	0.52884	0.87529	0.50685	80.874	-5.4668	-15.839	-7.2776	-2.1929	-2.5948
0.59225	0.79964	0.099506	0.50329	0.81839	0.11883	0.53674	0.73002	0.05149	0.59214	0.87144	0.51614	0.46555	0.87942	0.49747	0.61991	0.93912	0.056516	0.54352	0.97196	0.065364	0.52172	0.88987	0.90567	0.5478	0.8089	0.10917	0.52883	0.8753	0.50685	80.876	-5.4663	-15.841	-7.2822	-2.1944	-2.5962
0.59225	0.79963	0.099506	0.50329	0.81839	0.11882	0.53674	0.73002	0.051489	0.59213	0.87144	0.51614	0.46555	0.87942	0.49747	0.61991	0.93912	0.056516	0.54352	0.97196	0.065364	0.5217	0.88986	0.90567	0.5478	0.8089	0.10916	0.52881	0.87531	0.50685	80.877	-5.4659	-15.842	-7.2866	-2.1956	-2.5962
0.59225	0.79963	0.099505	0.50329	0.81839	0.11882	0.53674	0.73002	0.051486	0.59212	0.87144	0.51614	0.46556	0.87941	0.49746	0.61991	0.93912	0.056515	0.54351	0.97196	0.065365	0.52169	0.88985	0.90566	0.54779	0.8089	0.10916	0.5288	0.87532	0.50685	80.878	-5.4657	-15.843	-7.2903	-2.1963	-2.5946
0.59225	0.79963	0.099503	0.50329	0.81839	0.11881	0.53674	0.73001	0.051484	0.59211	0.87144	0.51614	0.46556	0.87941	0.49746	0.61991	0.93912	0.056514	0.54351	0.97196	0.065367	0.52167	0.88984	0.90566	0.54779	0.8089	0.10916	0.52879	0.87532	0.50684	80.879	-5.4658	-15.844	-7.2931	-2.1966	-2.5914
0.59225	0.79963	0.099501	0.50329	0.81839	0.11881	0.53674	0.73001	0.051481	0.5921	0.87143	0.51614	0.46557	0.8794	0.49746	0.61991	0.93912	0.056514	0.54351	0.97196	0.06537	0.52166	0.88982	0.90566	0.54778	0.80889	0.10916	0.52879	0.87531	0.50684	80.879	-5.4662	-15.845	-7.295	-2.1961	-2.5866
0.59225	0.79962	0.0995	0.5033	0.81839	0.1188	0.53674	0.73001	0.051478	0.59209	0.87142	0.51614	0.46557	0.87938	0.49746	0.61992	0.93911	0.056514	0.54351	0.97196	0.065374	0.52165	0.8898	0.90565	0.54778	0.80889	0.10916	0.52878	0.8753	0.50684	80.879	-5.4668	-15.847	-7.2961	-2.1951	-2.5806
0.59225	0.79961	0.099498	0.50331	0.81839	0.11879	0.53674	0.73001	0.051474	0.59209	0.8714	0.51614	0.46558	0.87937	0.49746	0.61992	0.93911	0.056514	0.54352	0.97195	0.06538	0.52165	0.88978	0.90565	0.54778	0.80888	0.10915	0.52878	0.87529	0.50683	80.878	-5.4675	-15.848	-7.2965	-2.1935	-2.574
0.59225	0.79961	0.099497	0.50332	0.81838	0.11879	0.53674	0.73	0.05147	0.59209	0.87137	0.51614	0.46559	0.87935	0.49746	0.61993	0.93911	0.056516	0.54352	0.97195	0.065387	0.52165	0.88975	0.90565	0.54777	0.80887	0.10915	0.52879	0.87527	0.50683	80.879	-5.4681	-15.85	-7.2967	-2.1914	-2.5671
0.59226	0.7996	0.099496	0.50333	0.81838	0.11878	0.53674	0.73	0.051464	0.5921	0.87135	0.51614	0.46559	0.87933	0.49746	0.61994	0.9391	0.056518	0.54352	0.97195	0.065396	0.52164	0.88972	0.90565	0.54777	0.80886	0.10915	0.52879	0.87525	0.50682	80.88	-5.4686	-15.852	-7.297	-2.189	-2.5603
0.59227	0.79959	0.099495	0.50335	0.81837	0.11878	0.53674	0.73	0.051456	0.5921	0.87133	0.51614	0.46559	0.87932	0.49746	0.61994	0.9391	0.056522	0.54352	0.97194	0.065407	0.52165	0.8897	0.90565	0.54777	0.80885	0.10915	0.5288	0.87523	0.50682	80.882	-5.4689	-15.855	-7.2978	-2.1867	-2.5539
0.59227	0.79959	0.099494	0.50336	0.81837	0.11877	0.53674	0.72999	0.051447	0.59211	0.8713	0.51614	0.46559	0.87931	0.49745	0.61995	0.93909	0.056526	0.54352	0.97194	0.065418	0.52165	0.88967	0.90565	0.54777	0.80883	0.10914	0.52881	0.87522	0.50681	80.886	-5.4691	-15.858	-7.2995	-2.1846	-2.548
0.59228	0.79958	0.099493	0.50337	0.81837	0.11877	0.53674	0.72999	0.051437	0.59212	0.87128	0.51614	0.46559	0.87929	0.49745	0.61996	0.93909	0.056532	0.54353	0.97193	0.065431	0.52165	0.88964	0.90565	0.54777	0.80882	0.10914	0.52882	0.8752	0.50681	80.891	-5.4691	-15.862	-7.3022	-2.183	-2.5426
0.59229	0.79957	0.099493	0.50338	0.81836	0.11876	0.53674	0.72998	0.051425	0.59213	0.87127	0.51614	0.4656	0.87929	0.49745	0.61996	0.93908	0.056538	0.54353	0.97193	0.065444	0.52166	0.88961	0.90565	0.54778	0.8088	0.10914	0.52883	0.87519	0.5068	80.896	-5.4691	-15.866	-7.3062	-2.1821	-2.5378
0.5923	0.79956	0.099491	0.50339	0.81835	0.11876	0.53674	0.72998	0.051413	0.59213	0.87126	0.51614	0.4656	0.87928	0.49745	0.61997	0.93908	0.056544	0.54354	0.97192	0.065457	0.52167	0.88958	0.90564	0.54778	0.80878	0.10913	0.52884	0.87519	0.50679	80.903	-5.4691	-15.87	-7.3113	-2.1821	-2.5334
0.59231	0.79956	0.099489	0.5034	0.81834	0.11876	0.53675	0.72997	0.0514	0.59214	0.87125	0.51614	0.4656	0.87928	0.49745	0.61998	0.93908	0.05655	0.54355	0.97191	0.065469	0.52168	0.88955	0.90564	0.54779	0.80876	0.10912	0.52885	0.87519	0.50679	80.91	-5.4693	-15.874	-7.3175	-2.1828	-2.5294
0.59231	0.79955	0.099486	0.50341	0.81833	0.11875	0.53675	0.72996	0.051388	0.59215	0.87125	0.51613	0.4656	0.87929	0.49744	0.61999	0.93907	0.056556	0.54356	0.97191	0.065481	0.52169	0.88953	0.90564	0.5478	0.80874	0.10912	0.52886	0.87519	0.50678	80.918	-5.4697	-15.879	-7.3245	-2.184	-2.5255
0.59232	0.79954	0.099481	0.50341	0.81832	0.11875	0.53675	0.72996	0.051376	0.59216	0.87125	0.51612	0.46561	0.8793	0.49744	0.61999	0.93907	0.056562	0.54356	0.9719	0.065491	0.5217	0.8895	0.90563	0.54781	0.80872	0.10911	0.52887	0.8752	0.50677	80.925	-5.4705	-15.883	-7.3322	-2.1853	-2.5216
0.59232	0.79953	0.099476	0.50343	0.8183	0.11874	0.53675	0.72996	0.051365	0.59216	0.87125	0.51611	0.46561	0.87931	0.49743	0.62	0.93906	0.056568	0.54357	0.97189	0.0655	0.52171	0.88948	0.90563	0.54782	0.8087	0.1091	0.52887	0.87521	0.50676	80.933	-5.4718	-15.887	-7.3402	-2.1864	-2.5177
0.59233	0.79952	0.09947	0.50344	0.81828	0.11874	0.53676	0.72995	0.051355	0.59217	0.87126	0.51611	0.46562	0.87932	0.49742	0.62001	0.93906	0.056575	0.54358	0.97188	0.065508	0.52172	0.88945	0.90562	0.54783	0.80868	0.1091	0.52888	0.87523	0.50675	80.94	-5.4734	-15.889	-7.3483	-2.187	-2.5135
0.59233	0.79951	0.099465	0.50345	0.81827	0.11873	0.53676	0.72995	0.051345	0.59218	0.87126	0.5161	0.46563	0.87933	0.49741	0.62001	0.93906	0.056582	0.54358	0.97188	0.065516	0.52174	0.88943	0.90562	0.54784	0.80867	0.10909	0.52889	0.87525	0.50674	80.947	-5.4753	-15.891	-7.3565	-2.1867	-2.5094
0.59233	0.7995	0.099459	0.50345	0.81825	0.11873	0.53676	0.72994	0.051336	0.59219	0.87127	0.51609	0.46564	0.87935	0.4974	0.62001	0.93905	0.056588	0.54359	0.97187	0.065523	0.52175	0.88941	0.90561	0.54784	0.80866	0.10908	0.5289	0.87526	0.50673	80.954	-5.4772	-15.892	-7.3645	-2.1857	-2.5054
0.59234	0.79949	0.099454	0.50346	0.81824	0.11872	0.53676	0.72994	0.051328	0.5922	0.87128	0.51608	0.46565	0.87936	0.49739	0.62001	0.93905	0.056593	0.54359	0.97186	0.065531	0.52176	0.88939	0.90561	0.54785	0.80864	0.10908	0.52891	0.87528	0.50672	80.961	-5.479	-15.892	-7.3726	-2.184	-2.5017
0.59234	0.79949	0.09945	0.50346	0.81824	0.11872	0.53677	0.72994	0.051321	0.5922	0.87128	0.51607	0.46566	0.87938	0.49737	0.62001	0.93905	0.056597	0.54359	0.97186	0.065539	0.52177	0.88937	0.9056	0.54785	0.80863	0.10907	0.52892	0.87529	0.50671	80.967	-5.4801	-15.892	-7.3808	-2.1818	-2.4988
0.59235	0.79948	0.099447	0.50346	0.81823	0.11871	0.53677	0.72993	0.051314	0.59222	0.8713	0.51606	0.46567	0.8794	0.49736	0.62001	0.93904	0.056598	0.54359	0.97186	0.065548	0.52179	0.88935	0.9056	0.54785	0.80862	0.10907	0.52893	0.87531	0.5067	80.975	-5.4805	-15.893	-7.3892	-2.1793	-2.4967
0.59235	0.79948	0.099444	0.50347	0.81823	0.11871	0.53677	0.72993	0.051308	0.59223	0.8713	0.51605	0.46568	0.87941	0.49735	0.62001	0.93904	0.056598	0.54359	0.97185	0.065557	0.5218	0.88933	0.9056	0.54785	0.80861	0.10906	0.52894	0.87533	0.50669	80.982	-5.4799	-15.893	-7.398	-2.1766	-2.4955
0.59236	0.79947	0.099441	0.50347	0.81822	0.1187	0.53677	0.72993	0.051302	0.59224	0.87131	0.51604	0.46569	0.87943	0.49734	0.62001	0.93904	0.056596	0.54359	0.97185	0.065568	0.52182	0.88932	0.90559	0.54784	0.8086	0.10905	0.52895	0.87535	0.50669	80.99	-5.4784	-15.894	-7.4072	-2.174	-2.4953
0.59236	0.79947	0.099439	0.50346	0.81822	0.1187	0.53678	0.72992	0.051297	0.59225	0.87133	0.51603	0.4657	0.87945	0.49733	0.62001	0.93904	0.056594	0.54359	0.97184	0.065579	0.52184	0.8893	0.90559	0.54784	0.80859	0.10905	0.52896	0.87536	0.50668	80.997	-5.4762	-15.895	-7.4168	-2.1712	-2.4956
0.59237	0.79947	0.099436	0.50346	0.81822	0.11869	0.53678	0.72992	0.051293	0.59226	0.87134	0.51602	0.46571	0.87947	0.49732	0.62001	0.93904	0.056594	0.54359	0.97184	0.065591	0.52187	0.88928	0.90559	0.54784	0.80859	0.10904	0.52897	0.87538	0.50667	81.004	-5.474	-15.896	-7.4266	-2.1684	-2.4965
0.59237	0.79946	0.099432	0.50347	0.81822	0.11869	0.53678	0.72992	0.051289	0.59227	0.87135	0.51602	0.46572	0.87948	0.49732	0.62001	0.93904	0.056595	0.54359	0.97184	0.065602	0.52189	0.88926	0.90559	0.54784	0.80859	0.10903	0.52898	0.87541	0.50667	81.011	-5.4723	-15.896	-7.4363	-2.1654	-2.4973
0.59237	0.79946	0.099428	0.50347	0.81822	0.11869	0.53678	0.72991	0.051286	0.59229	0.87136	0.51601	0.46572	0.8795	0.49732	0.62001	0.93904	0.056599	0.54359	0.97183	0.065612	0.52192	0.88924	0.90559	0.54784	0.80859	0.10903	0.529	0.87543	0.50667	81.016	-5.4717	-15.894	-7.4455	-2.1621	-2.4978
0.59238	0.79945	0.099424	0.50347	0.81822	0.11868	0.53678	0.72991	0.051284	0.5923	0.87137	0.516	0.46573	0.87951	0.49732	0.62001	0.93903	0.056607	0.5436	0.97182	0.06562	0.52194	0.88923	0.90559	0.54783	0.80859	0.10902	0.52901	0.87546	0.50666	81.021	-5.4727	-15.891	-7.4538	-2.1587	-2.4975
0.59238	0.79945	0.09942	0.50347	0.81822	0.11868	0.53678	0.72991	0.051282	0.59232	0.87138	0.51599	0.46573	0.87952	0.49733	0.62001	0.93903	0.056617	0.54361	0.97181	0.065626	0.52197	0.88921	0.90559	0.54783	0.8086	0.10902	0.52902	0.87549	0.50666	81.023	-5.4756	-15.887	-7.4608	-2.1552	-2.4964
0.59238	0.79945	0.099417	0.50348	0.81821	0.11868	0.53678	0.72991	0.051281	0.59233	0.8714	0.51599	0.46573	0.87953	0.49735	0.62001	0.93903	0.056629	0.54361	0.97181	0.06563	0.522	0.8892	0.90559	0.54782	0.80861	0.10902	0.52903	0.87551	0.50666	81.025	-5.4801	-15.881	-7.4664	-2.1517	-2.4946
0.59238	0.79944	0.099414	0.50348	0.81821	0.11867	0.53678	0.72991	0.05128	0.59235	0.87141	0.51599	0.46573	0.87955	0.49736	0.62	0.93903	0.056642	0.54362	0.9718	0.065632	0.52203	0.88919	0.90559	0.54782	0.80863	0.10902	0.52904	0.87554	0.50666	81.025	-5.4859	-15.874	-7.4707	-2.1487	-2.4925
0.59238	0.79944	0.099411	0.50349	0.81821	0.11866	0.53678	0.72991	0.05128	0.59236	0.87143	0.51598	0.46573	0.87956	0.49737	0.62	0.93903	0.056654	0.54363	0.9718	0.065633	0.52206	0.88918	0.90558	0.54781	0.80864	0.10902	0.52906	0.87556	0.50667	81.025	-5.4925	-15.866	-7.4739	-2.1466	-2.4907
0.59238	0.79944	0.09941	0.5035	0.81821	0.11865	0.53678	0.7299	0.051279	0.59238	0.87145	0.51598	0.46574	0.87958	0.49738	0.62	0.93903	0.056665	0.54364	0.97179	0.065632	0.52209	0.88917	0.90558	0.54781	0.80866	0.10902	0.52907	0.87558	0.50666	81.025	-5.4994	-15.858	-7.4768	-2.1458	-2.4895
0.59238	0.79944	0.099408	0.50352	0.8182	0.11864	0.53678	0.7299	0.051279	0.5924	0.87147	0.51598	0.46574	0.8796	0.49739	0.62	0.93903	0.056674	0.54365	0.97179	0.065629	0.52212	0.88917	0.90558	0.54781	0.80867	0.10902	0.52909	0.8756	0.50666	81.025	-5.5063	-15.85	-7.4796	-2.1469	-2.4895
0.59238	0.79944	0.099407	0.50354	0.8182	0.11862	0.53678	0.7299	0.051279	0.59241	0.8715	0.51597	0.46575	0.87961	0.49739	0.61999	0.93903	0.056682	0.54365	0.97179	0.065626	0.52216	0.88917	0.90558	0.54782	0.80868	0.10902	0.5291	0.87563	0.50666	81.026	-5.5129	-15.843	-7.483	-2.15	-2.4909
0.59238	0.79944	0.099406	0.50356	0.81819	0.1186	0.53678	0.72991	0.051279	0.59242	0.87152	0.51597	0.46577	0.87963	0.4974	0.61999	0.93902	0.056688	0.54365	0.97179	0.065622	0.52219	0.88918	0.90558	0.54784	0.80868	0.10902	0.52912	0.87565	0.50666	81.027	-5.5192	-15.837	-7.4871	-2.1554	-2.4936
0.59238	0.79945	0.099405	0.50358	0.81819	0.11859	0.53678	0.72991	0.05128	0.59244	0.87156	0.51597	0.46578	0.87964	0.4974	0.61999	0.93902	0.056692	0.54365	0.97179	0.065618	0.52223	0.88919	0.90558	0.54786	0.80868	0.10902	0.52913	0.87568	0.50666	81.028	-5.5248	-15.832	-7.492	-2.1625	-2.4975
0.59238	0.79945	0.099404	0.5036	0.81817	0.11857	0.53678	0.72991	0.051281	0.59245	0.87159	0.51597	0.4658	0.87965	0.49741	0.61998	0.93902	0.056696	0.54365	0.97179	0.065614	0.52226	0.88919	0.90557	0.54788	0.80868	0.10902	0.52915	0.8757	0.50666	81.03	-5.5298	-15.829	-7.4976	-2.171	-2.5025
0.59238	0.79946	0.099403	0.50362	0.81817	0.11855	0.53678	0.72991	0.051282	0.59246	0.87163	0.51596	0.46582	0.87966	0.49741	0.61997	0.93903	0.056698	0.54365	0.9718	0.065609	0.5223	0.8892	0.90557	0.54791	0.80868	0.10903	0.52916	0.87573	0.50665	81.033	-5.5334	-15.826	-7.5032	-2.1801	-2.5081
0.59239	0.79946	0.099402	0.50365	0.81815	0.11853	0.53678	0.72991	0.051284	0.59248	0.87166	0.51596	0.46584	0.87967	0.49742	0.61996	0.93903	0.0567	0.54364	0.9718	0.065603	0.52234	0.88921	0.90557	0.54794	0.80868	0.10903	0.52918	0.87576	0.50665	81.034	-5.5354	-15.825	-7.5085	-2.1888	-2.5142
0.59239	0.79947	0.099401	0.50366	0.81815	0.11852	0.53678	0.72991	0.051287	0.59249	0.87169	0.51596	0.46586	0.87967	0.49743	0.61995	0.93904	0.0567	0.54364	0.9718	0.065598	0.52238	0.88922	0.90557	0.54797	0.80869	0.10903	0.52919	0.87578	0.50665	81.035	-5.5353	-15.825	-7.5127	-2.1967	-2.5207
0.59239	0.79948	0.099401	0.50368	0.81814	0.1185	0.53678	0.72992	0.051289	0.59252	0.87172	0.51595	0.46589	0.87967	0.49744	0.61994	0.93905	0.056699	0.54364	0.97181	0.065592	0.52242	0.88922	0.90557	0.548	0.80869	0.10903	0.52922	0.8758	0.50665	81.035	-5.533	-15.826	-7.515	-2.203	-2.5272
0.59239	0.79948	0.099402	0.50369	0.81813	0.11849	0.53678	0.72992	0.051292	0.59254	0.87174	0.51595	0.46591	0.87967	0.49745	0.61993	0.93906	0.056696	0.54364	0.97181	0.065587	0.52247	0.88922	0.90557	0.54802	0.8087	0.10903	0.52924	0.87582	0.50665	81.033	-5.5287	-15.826	-7.5151	-2.2072	-2.5337
0.59239	0.79949	0.099403	0.5037	0.81813	0.11849	0.53678	0.72992	0.051295	0.59256	0.87175	0.51596	0.46594	0.87967	0.49745	0.61992	0.93906	0.056691	0.54364	0.97181	0.065581	0.52251	0.88922	0.90557	0.54804	0.80871	0.10903	0.52927	0.87584	0.50665	81.029	-5.5229	-15.827	-7.5126	-2.2093	-2.54
0.59239	0.7995	0.099405	0.5037	0.81814	0.11848	0.53678	0.72993	0.051298	0.59259	0.87175	0.51596	0.46597	0.87967	0.49746	0.61992	0.93907	0.056684	0.54364	0.97181	0.065576	0.52256	0.88921	0.90558	0.54806	0.80873	0.10903	0.5293	0.87584	0.50665	81.022	-5.5164	-15.826	-7.5076	-2.2091	-2.546
0.59239	0.7995	0.099406	0.5037	0.81814	0.11848	0.53678	0.72993	0.0513	0.59262	0.87175	0.51597	0.46601	0.87967	0.49745	0.61992	0.93907	0.056677	0.54364	0.97181	0.06557	0.5226	0.88921	0.90558	0.54807	0.80875	0.10903	0.52933	0.87584	0.50666	81.014	-5.5101	-15.824	-7.5005	-2.207	-2.5515
0.59239	0.79951	0.099407	0.5037	0.81814	0.11848	0.53678	0.72993	0.051303	0.59265	0.87173	0.51597	0.46604	0.87967	0.49745	0.61993	0.93907	0.05667	0.54363	0.97182	0.065564	0.52265	0.8892	0.90559	0.54808	0.80878	0.10903	0.52936	0.87584	0.50666	81.004	-5.5048	-15.82	-7.4918	-2.2033	-2.5564
0.59238	0.79951	0.099407	0.5037	0.81815	0.11848	0.53678	0.72993	0.051305	0.59269	0.87171	0.51598	0.46607	0.87965	0.49745	0.61994	0.93906	0.056663	0.54363	0.97182	0.065557	0.52269	0.88919	0.9056	0.54809	0.8088	0.10904	0.5294	0.87583	0.50666	80.993	-5.5013	-15.814	-7.4822	-2.1987	-2.5605
0.59238	0.79951	0.099407	0.5037	0.81815	0.11848	0.53678	0.72994	0.051307	0.59272	0.87169	0.51599	0.4661	0.87964	0.49744	0.61995	0.93906	0.056657	0.54363	0.97183	0.065549	0.52273	0.88917	0.90561	0.54809	0.80883	0.10904	0.52943	0.87582	0.50667	80.981	-5.4998	-15.807	-7.4724	-2.1935	-2.5636
0.59237	0.79951	0.099406	0.5037	0.81816	0.11849	0.53678	0.72994	0.05131	0.59275	0.87166	0.51599	0.46613	0.87962	0.49744	0.61996	0.93905	0.056652	0.54363	0.97183	0.065541	0.52277	0.88916	0.90562	0.54809	0.80885	0.10904	0.52946	0.8758	0.50667	80.97	-5.5005	-15.8	-7.4632	-2.1883	-2.5656
0.59237	0.79951	0.099405	0.5037	0.81816	0.1185	0.53678	0.72994	0.051312	0.59278	0.87163	0.51599	0.46616	0.87959	0.49744	0.61998	0.93904	0.056647	0.54363	0.97183	0.065532	0.5228	0.88915	0.90563	0.54809	0.80887	0.10904	0.52949	0.87578	0.50668	80.96	-5.5031	-15.793	-7.4552	-2.1836	-2.5667
0.59237	0.79951	0.099403	0.50369	0.81817	0.11851	0.53678	0.72994	0.051314	0.59281	0.8716	0.51599	0.46618	0.87956	0.49745	0.61999	0.93904	0.056642	0.54363	0.97184	0.065522	0.52284	0.88914	0.90563	0.54809	0.80888	0.10904	0.52951	0.87576	0.50669	80.951	-5.5071	-15.787	-7.4488	-2.1794	-2.567
0.59237	0.79951	0.099402	0.50369	0.81817	0.11852	0.53678	0.72994	0.051317	0.59283	0.87157	0.51599	0.4662	0.87953	0.49745	0.62	0.93903	0.056635	0.54363	0.97184	0.065512	0.52287	0.88913	0.90564	0.54808	0.80889	0.10904	0.52953	0.87574	0.50669	80.944	-5.5121	-15.782	-7.4443	-2.1759	-2.5665
0.59237	0.79951	0.099401	0.50368	0.81818	0.11853	0.53678	0.72995	0.051321	0.59285	0.87154	0.51599	0.46621	0.87951	0.49746	0.62001	0.93902	0.056627	0.54362	0.97185	0.065502	0.52289	0.88911	0.90565	0.54808	0.80888	0.10904	0.52955	0.87571	0.5067	80.939	-5.5176	-15.778	-7.4419	-2.1732	-2.5657
0.59237	0.79951	0.099401	0.50367	0.81819	0.11854	0.53677	0.72995	0.051325	0.59287	0.87152	0.51599	0.46623	0.87948	0.49746	0.62002	0.93902	0.056618	0.54362	0.97185	0.065493	0.52292	0.8891	0.90566	0.54808	0.80888	0.10904	0.52956	0.87569	0.5067	80.936	-5.5233	-15.777	-7.4415	-2.1709	-2.5646
0.59237	0.79952	0.099401	0.50366	0.8182	0.11855	0.53677	0.72995	0.05133	0.59288	0.8715	0.51599	0.46623	0.87946	0.49747	0.62003	0.93902	0.056607	0.54361	0.97186	0.065483	0.52294	0.88909	0.90566	0.54807	0.80887	0.10904	0.52957	0.87567	0.5067	80.935	-5.5294	-15.776	-7.4427	-2.1688	-2.5633
0.59237	0.79952	0.099401	0.50365	0.81821	0.11856	0.53677	0.72995	0.051335	0.59289	0.87149	0.51599	0.46624	0.87944	0.49747	0.62004	0.93902	0.056596	0.54361	0.97186	0.065474	0.52296	0.88908	0.90567	0.54806	0.80885	0.10904	0.52958	0.87566	0.50671	80.935	-5.5357	-15.776	-7.4451	-2.1665	-2.5617
0.59237	0.79953	0.099402	0.50364	0.81822	0.11857	0.53677	0.72996	0.051341	0.5929	0.87148	0.51599	0.46625	0.87942	0.49748	0.62004	0.93902	0.056586	0.5436	0.97187	0.065465	0.52298	0.88907	0.90567	0.54805	0.80884	0.10904	0.52959	0.87564	0.50671	80.935	-5.5423	-15.776	-7.4478	-2.164	-2.5598
0.59236	0.79954	0.099403	0.50363	0.81823	0.11858	0.53677	0.72996	0.051346	0.59291	0.87147	0.51599	0.46625	0.8794	0.49749	0.62005	0.93902	0.056578	0.5436	0.97187	0.065456	0.52299	0.88906	0.90568	0.54804	0.80883	0.10904	0.5296	0.87563	0.50672	80.935	-5.5493	-15.775	-7.4501	-2.161	-2.5576
0.59236	0.79954	0.099404	0.50363	0.81823	0.11858	0.53676	0.72996	0.051352	0.59292	0.87146	0.51599	0.46625	0.87939	0.49749	0.62005	0.93902	0.056573	0.5436	0.97188	0.065446	0.52301	0.88905	0.90568	0.54803	0.80882	0.10904	0.5296	0.87562	0.50672	80.935	-5.5565	-15.774	-7.4515	-2.1577	-2.5553
0.59236	0.79955	0.099404	0.50362	0.81824	0.11859	0.53676	0.72996	0.051358	0.59293	0.87145	0.51599	0.46626	0.87937	0.4975	0.62005	0.93902	0.056568	0.5436	0.97188	0.065437	0.52302	0.88904	0.90568	0.54801	0.80882	0.10904	0.52961	0.87561	0.50673	80.932	-5.5636	-15.771	-7.4514	-2.1543	-2.5532
0.59235	0.79956	0.099405	0.50362	0.81824	0.11859	0.53676	0.72996	0.051363	0.59293	0.87144	0.51599	0.46626	0.87935	0.49751	0.62005	0.93902	0.056564	0.5436	0.97188	0.065427	0.52302	0.88904	0.90569	0.548	0.80882	0.10904	0.52962	0.87559	0.50674	80.929	-5.5704	-15.769	-7.4496	-2.1508	-2.5514
0.59235	0.79956	0.099406	0.50362	0.81824	0.11859	0.53676	0.72996	0.051367	0.59294	0.87143	0.51599	0.46625	0.87933	0.49752	0.62005	0.93902	0.056559	0.5436	0.97188	0.065418	0.52302	0.88903	0.90569	0.548	0.80883	0.10904	0.52962	0.87558	0.50674	80.924	-5.5767	-15.767	-7.4462	-2.1471	-2.5501
0.59235	0.79957	0.099406	0.50362	0.81824	0.11859	0.53676	0.72996	0.051371	0.59295	0.87142	0.51599	0.46625	0.87931	0.49753	0.62006	0.93903	0.056552	0.5436	0.97188	0.065408	0.52303	0.88902	0.90569	0.54799	0.80884	0.10904	0.52963	0.87557	0.50674	80.918	-5.5823	-15.765	-7.4411	-2.143	-2.5492
0.59235	0.79958	0.099407	0.50363	0.81823	0.11859	0.53676	0.72996	0.051374	0.59296	0.87141	0.51599	0.46625	0.87929	0.49754	0.62006	0.93903	0.056543	0.54361	0.97188	0.065399	0.52303	0.88902	0.90569	0.54799	0.80885	0.10904	0.52963	0.87556	0.50674	80.911	-5.5872	-15.763	-7.435	-2.1384	-2.5487
0.59235	0.79958	0.099408	0.50364	0.81823	0.11859	0.53676	0.72996	0.051377	0.59297	0.8714	0.516	0.46625	0.87928	0.49754	0.62006	0.93903	0.056533	0.54362	0.97188	0.06539	0.52303	0.88901	0.90569	0.54799	0.80886	0.10904	0.52964	0.87554	0.50674	80.904	-5.5916	-15.762	-7.4283	-2.1332	-2.5482
0.59235	0.79959	0.099409	0.50365	0.81822	0.11858	0.53676	0.72996	0.051378	0.59298	0.87138	0.51599	0.46625	0.87926	0.49754	0.62006	0.93903	0.056521	0.54363	0.97187	0.065381	0.52303	0.88901	0.90569	0.54799	0.80888	0.10904	0.52965	0.87553	0.50674	80.896	-5.5954	-15.761	-7.4218	-2.1275	-2.5478
0.59236	0.79959	0.09941	0.50366	0.81821	0.11858	0.53676	0.72996	0.051379	0.59299	0.87138	0.51599	0.46625	0.87925	0.49755	0.62006	0.93902	0.056509	0.54364	0.97187	0.065373	0.52303	0.88901	0.90569	0.54799	0.80889	0.10904	0.52966	0.87552	0.50674	80.89	-5.5987	-15.761	-7.4159	-2.122	-2.5473
