6.5032	8.4098	65.326	0.62574	0.87102	0.014173	0.66654	0.89911	0.10517	0.59145	0.85925	0.044753	0.66882	0.76605	0.51348	0.53916	0.77537	0.50825	0.69399	1.0438	0.12654	0.61457	1.0837	0.15412	0.60899	0.62264	0.87306	0.61254	0.8991	0.12229	0.60599	0.77185	0.50587	81.381	-3.3012	-11.129	1.3724	1.9212	-0.19368	-4.206	-2.7889	-9.5988	-10.839	4.1686	-0.93432	-23.851	4.2122	4.3174
7.8709	9.0927	99.209	0.6272	0.88704	0.014282	0.66596	0.90777	0.10477	0.59125	0.86676	0.044984	0.66829	0.775	0.51206	0.53859	0.78366	0.50664	0.69172	1.0529	0.12463	0.61186	1.0922	0.15163	0.6091	0.63329	0.87197	0.61161	0.90745	0.12074	0.60538	0.78039	0.50448	80.779	-3.2901	-11.015	1.7332	2.7823	-0.45861	-3.9575	-2.776	-9.2886	-15.067	5.5296	-1.4528	-33.222	5.2465	5.2596
9.0618	8.7832	140.42	0.62843	0.89862	0.014362	0.66538	0.91529	0.10429	0.59108	0.87274	0.045446	0.66783	0.78417	0.51085	0.53811	0.79226	0.50523	0.68937	1.0609	0.12165	0.60901	1.0997	0.14775	0.60924	0.64406	0.87099	0.61065	0.91481	0.11898	0.60484	0.78924	0.50332	79.968	-3.2775	-10.835	2.3352	3.9394	-0.77522	-3.9085	-2.7436	-8.9729	-19.529	7.1616	-2.0591	-43.57	6.3835	6.2307
9.848	6.7289	188.54	0.62956	0.90814	0.014427	0.66483	0.92183	0.10374	0.59095	0.87742	0.046114	0.66745	0.79356	0.50983	0.5377	0.80113	0.504	0.68699	1.068	0.11774	0.60611	1.1064	0.14262	0.60942	0.65497	0.87016	0.60971	0.92136	0.11707	0.60437	0.79836	0.50236	78.961	-3.2826	-10.599	3.0807	5.3532	-1.1242	-4.0283	-2.698	-8.6505	-23.585	8.8856	-2.702	-53.642	7.3841	6.9909
9.9483	2.0425	242.59	0.63068	0.91673	0.014487	0.66431	0.92757	0.10314	0.59084	0.88104	0.046955	0.66715	0.80316	0.509	0.53738	0.81024	0.50294	0.68467	1.0743	0.11305	0.60325	1.1124	0.13647	0.60964	0.66601	0.86946	0.60883	0.92728	0.11509	0.60398	0.80773	0.50159	77.788	-3.3312	-10.32	3.96	7.0414	-1.4596	-4.2863	-2.6444	-8.3139	-26.77	10.663	-3.3258	-62.644	8.1807	7.4996
9.0732	-5.9052	301.55	0.63184	0.92491	0.014543	0.66383	0.93263	0.10251	0.59076	0.88384	0.047934	0.66691	0.81296	0.50835	0.53713	0.81955	0.50206	0.68247	1.0798	0.10777	0.60053	1.1179	0.12954	0.6099	0.67718	0.86892	0.60802	0.9327	0.11309	0.60366	0.81731	0.50099	76.494	-3.4518	-10.017	4.8755	8.9719	-1.743	-4.6558	-2.5867	-7.9505	-28.591	12.337	-3.8708	-69.62	8.5659	7.6009
6.9644	-17.242	364.9	0.63308	0.93283	0.014599	0.66341	0.93713	0.10186	0.59071	0.88602	0.04901	0.66675	0.82296	0.50789	0.53695	0.82904	0.50136	0.68044	1.0847	0.10214	0.59802	1.1228	0.12214	0.61021	0.68846	0.86855	0.60729	0.93775	0.11114	0.60342	0.82707	0.50053	75.145	-3.671	-9.7137	5.7487	11.135	-1.9449	-5.1179	-2.5268	-7.5471	-28.878	13.785	-4.3009	-74.274	8.3659	7.2024
3.4576	-31.632	432.51	0.6344	0.94043	0.014652	0.66305	0.94114	0.10122	0.59068	0.88772	0.050139	0.66665	0.83315	0.50759	0.53684	0.83869	0.50083	0.67864	1.089	0.096372	0.59579	1.1272	0.11454	0.61057	0.69984	0.86833	0.60665	0.94246	0.10929	0.60325	0.837	0.50023	73.815	-4.0082	-9.4319	6.5143	13.529	-2.0469	-5.6625	-2.4663	-7.0951	-27.655	14.92	-4.5966	-76.727	7.4402	6.2586
-1.4677	-48.532	504.06	0.63575	0.94764	0.014703	0.66275	0.94471	0.10062	0.59066	0.88906	0.051277	0.6666	0.84353	0.50747	0.53677	0.84845	0.5005	0.67708	1.0928	0.090673	0.59387	1.1311	0.10704	0.61097	0.7113	0.86828	0.60609	0.94686	0.10756	0.60314	0.84708	0.50006	72.58	-4.4713	-9.1896	7.1183	16.142	-2.0334	-6.2865	-2.4067	-6.5949	-24.988	15.696	-4.7405	-77.199	5.7171	4.7835
-7.6583	-67.348	578.75	0.63705	0.95438	0.014751	0.66248	0.94786	0.10008	0.59065	0.89015	0.052382	0.66658	0.85408	0.50751	0.53674	0.85832	0.50036	0.67578	1.0959	0.085236	0.59227	1.1345	0.099857	0.61142	0.72282	0.86839	0.60559	0.95092	0.10598	0.60308	0.85728	0.50003	71.509	-5.0551	-8.9961	7.5134	18.937	-1.8862	-6.9901	-2.3495	-6.0582	-20.908	16.109	-4.7085	-75.838	3.2073	2.8524
-14.812	-87.418	655.19	0.63823	0.96062	0.014795	0.66224	0.95062	0.099615	0.59065	0.89104	0.053422	0.66657	0.86477	0.50769	0.53672	0.86823	0.50042	0.67471	1.0986	0.080226	0.59098	1.1374	0.093201	0.61193	0.73437	0.86866	0.60514	0.95461	0.10457	0.60307	0.86757	0.50014	70.659	-5.7419	-8.8499	7.654	21.856	-1.5846	-7.7709	-2.2958	-5.506	-15.435	16.184	-4.4706	-72.727	-0.004325	0.58929
-22.529	-107.93	731.65	0.63924	0.96633	0.014836	0.662	0.953	0.099245	0.59064	0.89178	0.054369	0.66657	0.87553	0.508	0.53671	0.87813	0.50066	0.67386	1.1008	0.075765	0.58996	1.1399	0.08722	0.6125	0.74592	0.86907	0.60472	0.95789	0.10333	0.60308	0.87789	0.50036	70.064	-6.5055	-8.7393	7.502	24.827	-1.1103	-8.6202	-2.2446	-4.9643	-8.6701	15.972	-4.0005	-68.031	-3.7743	-1.8495
-30.357	-127.97	806.35	0.64005	0.97147	0.014872	0.66176	0.95502	0.098976	0.59063	0.89238	0.055207	0.66657	0.88631	0.50841	0.53668	0.88795	0.50107	0.67319	1.1025	0.071934	0.58917	1.1419	0.082009	0.61312	0.75746	0.86962	0.6043	0.96076	0.10229	0.60311	0.88819	0.5007	69.742	-7.3153	-8.6459	7.0343	27.777	-0.45447	-9.5216	-2.1934	-4.4588	-0.81122	15.538	-3.2856	-62.011	-7.9138	-4.2957
-37.859	-146.68	877.48	0.64067	0.97605	0.014903	0.66149	0.95669	0.098809	0.59061	0.89287	0.055925	0.66654	0.89699	0.5089	0.53665	0.89761	0.50161	0.67265	1.1038	0.068769	0.58857	1.1435	0.077613	0.6138	0.76896	0.87029	0.60387	0.96324	0.10144	0.60313	0.89837	0.50114	69.689	-8.1398	-8.5504	6.2486	30.63	0.37496	-10.452	-2.1383	-4.0119	7.8756	14.95	-2.3339	-54.969	-12.212	-6.5969
-44.693	-163.29	943.43	0.64108	0.98006	0.014931	0.66121	0.95806	0.098734	0.59059	0.89328	0.056523	0.6665	0.90748	0.50944	0.53659	0.90704	0.50224	0.67222	1.1048	0.066256	0.58811	1.1447	0.074025	0.61455	0.78039	0.87107	0.60342	0.96533	0.1008	0.60314	0.90835	0.50166	69.885	-8.9482	-8.4364	5.1603	33.31	1.3486	-11.385	-2.076	-3.6422	17.076	14.253	-1.1782	-47.212	-16.48	-8.6501
-50.697	-177.27	1003	0.64133	0.98354	0.014954	0.6609	0.95915	0.09874	0.59056	0.8936	0.057006	0.66643	0.91767	0.51001	0.53653	0.91616	0.50292	0.67188	1.1054	0.064344	0.58776	1.1456	0.071189	0.61535	0.79174	0.87196	0.60294	0.96708	0.10035	0.60313	0.91804	0.50222	70.296	-9.711	-8.294	3.7923	35.761	2.4171	-12.292	-2.0048	-3.3641	26.439	13.462	0.1282	-39.059	-20.6	-10.424
-55.803	-188.31	1055.7	0.64145	0.98656	0.014975	0.66058	0.96	0.09881	0.59054	0.89385	0.057388	0.66636	0.92748	0.51057	0.53647	0.92491	0.50361	0.67161	1.1059	0.062953	0.58751	1.1463	0.069019	0.6162	0.803	0.87294	0.60245	0.96854	0.10008	0.60309	0.92736	0.5028	70.879	-10.401	-8.1202	2.1758	37.945	3.5284	-13.145	-1.925	-3.188	35.625	12.599	1.5248	-30.8	-24.477	-11.911
-59.939	-196.27	1101	0.64147	0.98916	0.014992	0.66024	0.96066	0.098928	0.59051	0.89405	0.05768	0.66628	0.93682	0.5111	0.53641	0.93322	0.50426	0.67139	1.1062	0.061995	0.58732	1.1468	0.067412	0.61709	0.81414	0.87401	0.60195	0.96975	0.099945	0.60304	0.93623	0.50336	71.589	-10.996	-7.9173	0.3579	39.837	4.6342	-13.919	-1.8387	-3.1189	44.318	11.707	2.946	-22.699	-28.001	-13.097
-63.081	-201.07	1139	0.6414	0.99138	0.015006	0.65991	0.96116	0.099075	0.59049	0.8942	0.057899	0.66621	0.94564	0.51157	0.53636	0.94105	0.50483	0.67122	1.1064	0.06138	0.58718	1.1471	0.066266	0.61799	0.82515	0.87515	0.60146	0.97075	0.099921	0.60298	0.9446	0.50387	72.383	-11.48	-7.6917	-1.6001	41.418	5.687	-14.596	-1.7488	-3.1558	52.235	10.831	4.324	-15.003	-31.08	-13.981
-65.324	-202.72	1169.5	0.64127	0.99323	0.015018	0.65959	0.96153	0.099238	0.59046	0.89432	0.058058	0.66615	0.9539	0.51196	0.53633	0.94839	0.50532	0.67107	1.1065	0.061026	0.58709	1.1473	0.065483	0.61888	0.836	0.87635	0.601	0.9716	0.09997	0.60293	0.95243	0.50431	73.222	-11.846	-7.4523	-3.6345	42.686	6.6389	-15.158	-1.6581	-3.2902	59.135	9.9816	5.5961	-7.9142	-33.692	-14.605
-66.85	-201.37	1192.6	0.64114	0.99477	0.015027	0.65928	0.9618	0.099404	0.59044	0.89441	0.058172	0.66612	0.96159	0.51227	0.53634	0.95521	0.5057	0.67096	1.1066	0.060863	0.58702	1.1474	0.064982	0.61974	0.84668	0.87762	0.60058	0.97231	0.10006	0.60289	0.9597	0.50467	74.075	-12.096	-7.2093	-5.6929	43.651	7.4502	-15.598	-1.5688	-3.5068	64.838	9.142	6.716	-1.5681	-35.879	-15.033
-67.869	-197.27	1208.3	0.64104	0.99604	0.015035	0.65901	0.96199	0.099564	0.59042	0.89448	0.058253	0.66613	0.96868	0.51248	0.53639	0.96152	0.50599	0.67087	1.1066	0.060832	0.58698	1.1475	0.06469	0.62055	0.85718	0.87892	0.60022	0.97292	0.10017	0.60289	0.96641	0.50494	74.916	-12.24	-6.9721	-7.7362	44.332	8.0954	-15.911	-1.4829	-3.7848	69.233	8.2901	7.6555	3.9764	-37.71	-15.326
-68.574	-190.78	1216.7	0.641	0.99711	0.015042	0.65877	0.96212	0.099711	0.5904	0.89452	0.058312	0.6662	0.9752	0.5126	0.5365	0.96733	0.50619	0.67081	1.1066	0.060885	0.58695	1.1476	0.064545	0.6213	0.8675	0.88026	0.59992	0.97344	0.10029	0.60294	0.97257	0.50512	75.724	-12.292	-6.7489	-9.7371	44.756	8.5621	-16.095	-1.4024	-4.1005	72.272	7.4107	8.401	8.7146	-39.257	-15.534
-69.116	-182.29	1218.1	0.64106	0.99803	0.015048	0.65856	0.96221	0.099842	0.59039	0.89456	0.058359	0.66633	0.98114	0.51264	0.53666	0.97268	0.50632	0.67076	1.1066	0.060984	0.58694	1.1476	0.064501	0.62197	0.87765	0.88162	0.5997	0.97389	0.1004	0.60306	0.9782	0.50524	76.485	-12.267	-6.5457	-11.68	44.951	8.8493	-16.155	-1.3297	-4.4289	73.961	6.5021	8.9494	12.679	-40.581	-15.685
-69.594	-172.24	1212.9	0.64123	0.99887	0.015054	0.6584	0.96227	0.099955	0.59038	0.89459	0.058402	0.66653	0.98653	0.51263	0.53689	0.97759	0.50641	0.67074	1.1066	0.061102	0.58694	1.1476	0.064516	0.62255	0.88762	0.883	0.59955	0.97429	0.10051	0.60325	0.98333	0.5053	77.188	-12.185	-6.3664	-13.56	44.95	8.9653	-16.096	-1.2675	-4.7466	74.359	5.5785	9.3055	15.938	-41.721	-15.795
-70.054	-161.06	1201.5	0.64151	0.99969	0.015061	0.65828	0.96232	0.10005	0.59037	0.89462	0.058447	0.66679	0.99141	0.51257	0.53717	0.9821	0.50647	0.67072	1.1066	0.061219	0.58695	1.1476	0.064563	0.62305	0.89745	0.88439	0.59947	0.97463	0.10062	0.6035	0.98799	0.50533	77.829	-12.064	-6.2127	-15.38	44.78	8.9258	-15.926	-1.2181	-5.0332	73.571	4.6666	9.4794	18.574	-42.697	-15.863
-70.493	-149.17	1184.4	0.64192	1.0005	0.015067	0.65819	0.96235	0.10013	0.59037	0.89464	0.058498	0.66711	0.99581	0.5125	0.5375	0.98625	0.50653	0.67072	1.1066	0.061323	0.58697	1.1476	0.064619	0.62346	0.90713	0.88579	0.59947	0.97493	0.10073	0.60382	0.99224	0.50535	78.404	-11.918	-6.0839	-17.147	44.469	8.7511	-15.655	-1.1829	-5.2732	71.731	3.7992	9.4848	20.676	-43.504	-15.88
-70.869	-136.94	1162.4	0.64244	1.0015	0.015075	0.65814	0.96238	0.10019	0.59037	0.89467	0.058559	0.66748	0.99979	0.51241	0.53787	0.99009	0.5066	0.67073	1.1066	0.061406	0.587	1.1476	0.064669	0.6238	0.9167	0.88719	0.59952	0.97519	0.10085	0.60419	0.99611	0.50537	78.917	-11.76	-5.9779	-18.873	44.039	8.4629	-15.292	-1.162	-5.4565	68.992	3.0107	9.3363	22.333	-44.115	-15.828
-71.119	-124.69	1135.9	0.64307	1.0026	0.015084	0.6581	0.96242	0.10025	0.59037	0.8947	0.058633	0.66788	1.0034	0.51233	0.53826	0.99365	0.50668	0.67075	1.1067	0.061464	0.58703	1.1477	0.064703	0.62407	0.92618	0.88859	0.5996	0.97542	0.10098	0.60458	0.99964	0.5054	79.371	-11.599	-5.8913	-20.568	43.507	8.0834	-14.849	-1.154	-5.5789	65.515	2.3342	9.0495	23.626	-44.491	-15.684
-71.17	-112.68	1105.8	0.64378	1.0038	0.015094	0.65809	0.96246	0.10029	0.59037	0.89474	0.058721	0.6683	1.0066	0.51226	0.53867	0.99699	0.50676	0.67077	1.1067	0.061495	0.58706	1.1477	0.064714	0.62428	0.93559	0.88997	0.59972	0.97561	0.10112	0.605	1.0029	0.50545	79.77	-11.439	-5.8206	-22.248	42.886	7.6345	-14.334	-1.1569	-5.6417	61.46	1.7972	8.6413	24.63	-44.59	-15.426
-70.955	-101.13	1072.6	0.64457	1.0053	0.015106	0.65808	0.96251	0.10034	0.59037	0.89478	0.058823	0.66872	1.0096	0.5122	0.53908	1.0001	0.50684	0.67079	1.1067	0.061501	0.5871	1.1477	0.064701	0.62443	0.94496	0.89133	0.59986	0.97578	0.10129	0.60541	1.0059	0.50553	80.121	-11.28	-5.7628	-23.925	42.186	7.1374	-13.755	-1.1685	-5.651	56.978	1.4234	8.1306	25.405	-44.37	-15.033
-70.419	-90.202	1037.2	0.64543	1.007	0.015119	0.65808	0.96257	0.10038	0.59037	0.89484	0.05894	0.66914	1.0123	0.51216	0.53948	1.0031	0.50691	0.67081	1.1068	0.061484	0.58713	1.1478	0.064663	0.62452	0.95431	0.89264	0.60002	0.97593	0.10148	0.60581	1.0086	0.50564	80.428	-11.118	-5.7152	-25.615	41.418	6.6121	-13.122	-1.1864	-5.6163	52.201	1.2288	7.5378	25.994	-43.8	-14.495
-69.535	-79.999	1000.1	0.64632	1.0089	0.015135	0.65807	0.96264	0.10043	0.59035	0.8949	0.059072	0.66955	1.0148	0.51215	0.53986	1.0059	0.50697	0.67083	1.1068	0.061447	0.58717	1.1478	0.064601	0.62457	0.96366	0.89392	0.60018	0.97607	0.10169	0.60618	1.0112	0.50578	80.698	-10.949	-5.676	-27.329	40.592	6.0753	-12.442	-1.2085	-5.5496	47.251	1.2166	6.8852	26.426	-42.872	-13.814
-68.311	-70.602	962.31	0.64725	1.0112	0.015152	0.65807	0.96274	0.10048	0.59034	0.89497	0.059219	0.66994	1.0172	0.51217	0.54022	1.0087	0.507	0.67084	1.1069	0.061391	0.5872	1.1479	0.064518	0.62458	0.973	0.89514	0.60037	0.9762	0.10192	0.60651	1.0137	0.50596	80.934	-10.769	-5.6436	-29.076	39.716	5.5408	-11.721	-1.2321	-5.4637	42.23	1.3744	6.1958	26.724	-41.605	-13.012
-66.792	-62.059	924.4	0.6482	1.0138	0.015172	0.65805	0.96284	0.10054	0.59032	0.89505	0.059378	0.67031	1.0194	0.51221	0.54056	1.0113	0.50701	0.67086	1.107	0.06132	0.58724	1.148	0.064415	0.62453	0.98235	0.89631	0.60055	0.97632	0.10217	0.6068	1.016	0.50617	81.142	-10.574	-5.6166	-30.867	38.804	5.0185	-10.967	-1.2543	-5.3708	37.227	1.6742	5.493	26.905	-40.048	-12.122
-65.059	-54.386	887.11	0.64917	1.0167	0.015194	0.65802	0.96296	0.10061	0.59029	0.89514	0.05955	0.67065	1.0215	0.51229	0.54088	1.0138	0.50699	0.67087	1.1071	0.061237	0.58728	1.1481	0.064296	0.62445	0.9917	0.89743	0.60075	0.97646	0.10245	0.60706	1.0182	0.50642	81.325	-10.364	-5.594	-32.706	37.871	4.5154	-10.188	-1.2719	-5.2813	32.317	2.0783	4.7976	26.99	-38.274	-11.183
-63.215	-47.574	851.09	0.65014	1.02	0.015218	0.65798	0.96309	0.10068	0.59025	0.89524	0.059733	0.67096	1.0235	0.51238	0.54117	1.0162	0.50694	0.67087	1.1072	0.061144	0.58731	1.1482	0.064163	0.62432	1.001	0.89847	0.60096	0.97661	0.10275	0.60727	1.0203	0.50669	81.488	-10.14	-5.5752	-34.599	36.935	4.0349	-9.3906	-1.2821	-5.2035	27.559	2.5438	4.1269	27.001	-36.376	-10.237
-61.378	-41.589	816.93	0.65112	1.0236	0.015245	0.65793	0.96324	0.10077	0.59021	0.89535	0.059927	0.67125	1.0254	0.5125	0.54145	1.0186	0.50686	0.67088	1.1073	0.061044	0.58735	1.1483	0.06402	0.62415	1.0104	0.89945	0.60116	0.97677	0.10307	0.60745	1.0224	0.50699	81.636	-9.9079	-5.5599	-36.552	36.019	3.578	-8.5835	-1.2826	-5.1437	22.998	3.0264	3.4935	26.96	-34.454	-9.3232
-59.662	-36.383	785.11	0.65212	1.0276	0.015273	0.65787	0.9634	0.10087	0.59017	0.89547	0.060131	0.67152	1.0274	0.51264	0.54171	1.0209	0.50676	0.67089	1.1074	0.060939	0.58739	1.1484	0.063869	0.62393	1.0197	0.90033	0.60136	0.97694	0.10342	0.6076	1.0245	0.50731	81.773	-9.6729	-5.548	-38.572	35.143	3.1432	-7.7743	-1.272	-5.1058	18.663	3.4889	2.904	26.892	-32.603	-8.4744
-58.162	-31.886	756.05	0.65312	1.0318	0.015304	0.6578	0.96357	0.10097	0.59012	0.89559	0.060345	0.67176	1.0293	0.51279	0.54195	1.0232	0.50664	0.6709	1.1075	0.060833	0.58743	1.1486	0.063712	0.62367	1.029	0.90113	0.60156	0.97712	0.10378	0.60773	1.0266	0.50764	81.903	-9.4417	-5.5398	-40.668	34.327	2.7285	-6.971	-1.2504	-5.0917	14.573	3.9039	2.3614	26.82	-30.906	-7.7134
-56.944	-28.017	730.1	0.65412	1.0364	0.015337	0.65772	0.96376	0.10108	0.59006	0.89573	0.060567	0.67198	1.0313	0.51294	0.54218	1.0254	0.50652	0.67091	1.1076	0.060726	0.58747	1.1487	0.063551	0.62338	1.0382	0.90182	0.60174	0.97732	0.10416	0.60783	1.0287	0.50798	82.031	-9.2205	-5.5355	-42.849	33.589	2.3323	-6.1812	-1.2192	-5.1018	10.735	4.257	1.8648	26.765	-29.42	-7.0528
-56.038	-24.681	707.54	0.65511	1.0412	0.015371	0.65763	0.96396	0.10121	0.59	0.89586	0.060795	0.67218	1.0333	0.51309	0.54238	1.0276	0.50639	0.67092	1.1077	0.06062	0.58752	1.1489	0.063388	0.62304	1.0474	0.90241	0.6019	0.97754	0.10455	0.60791	1.0308	0.50832	82.16	-9.0139	-5.5354	-45.125	32.943	1.9529	-5.4124	-1.1809	-5.1351	7.1478	4.5478	1.4108	26.748	-28.177	-6.4958
-55.446	-21.776	688.59	0.65605	1.0461	0.015406	0.65752	0.96418	0.10134	0.58992	0.89601	0.061026	0.67235	1.0355	0.51324	0.54256	1.0298	0.50627	0.67094	1.1078	0.060516	0.58757	1.1491	0.063225	0.62268	1.0565	0.90287	0.60204	0.97777	0.10495	0.60798	1.033	0.50866	82.294	-8.8252	-5.5397	-47.508	32.397	1.59	-4.6718	-1.1391	-5.1895	3.8039	4.7878	0.99486	26.789	-27.181	-6.0372
-55.141	-19.2	673.42	0.65692	1.0512	0.015442	0.6574	0.9644	0.10149	0.58984	0.89615	0.061259	0.67249	1.0377	0.51337	0.54271	1.032	0.50617	0.67095	1.108	0.060414	0.58762	1.1493	0.063063	0.62228	1.0656	0.90322	0.60216	0.97804	0.10535	0.60802	1.0352	0.50898	82.437	-8.6557	-5.5483	-50.009	31.961	1.2442	-3.9665	-1.0973	-5.2613	0.69494	4.9972	0.6126	26.909	-26.417	-5.6663
-55.078	-16.854	662.14	0.65768	1.0562	0.015477	0.65725	0.96463	0.10164	0.58974	0.8963	0.061491	0.6726	1.04	0.51348	0.54283	1.0343	0.50607	0.67097	1.1081	0.060316	0.58768	1.1495	0.062904	0.62187	1.0745	0.90345	0.60226	0.97833	0.10576	0.60803	1.0376	0.50929	82.592	-8.5055	-5.5603	-52.639	31.637	0.91782	-3.3033	-1.0586	-5.3464	-2.1865	5.201	0.2614	27.137	-25.849	-5.3683
-55.2	-14.65	654.84	0.65831	1.0612	0.015511	0.65708	0.96487	0.10182	0.58963	0.89644	0.061722	0.67266	1.0425	0.51357	0.54291	1.0368	0.50599	0.671	1.1082	0.060223	0.58774	1.1496	0.062748	0.62144	1.0834	0.90354	0.60232	0.97864	0.10618	0.60802	1.0401	0.50957	82.763	-8.373	-5.5741	-55.409	31.426	0.61428	-2.6891	-1.0252	-5.4403	-4.8443	5.426	-0.059515	27.505	-25.432	-5.1267
-55.449	-12.512	651.51	0.65877	1.0659	0.015543	0.65688	0.96512	0.102	0.5895	0.89659	0.061956	0.67268	1.0452	0.51363	0.54294	1.0393	0.50592	0.67102	1.1084	0.060135	0.58779	1.1499	0.062595	0.62101	1.0923	0.90349	0.60234	0.97898	0.1066	0.60797	1.0428	0.50982	82.953	-8.2555	-5.5879	-58.326	31.328	0.338	-2.1302	-0.99848	-5.5381	-7.2781	5.6977	-0.34906	28.053	-25.118	-4.9249
-55.772	-10.376	652.11	0.65905	1.0704	0.015573	0.65664	0.96538	0.1022	0.58936	0.89674	0.0622	0.67266	1.048	0.51366	0.54293	1.0421	0.50585	0.67105	1.1085	0.060053	0.58785	1.1501	0.062445	0.62057	1.101	0.90331	0.60233	0.97934	0.10702	0.6079	1.0457	0.51004	83.164	-8.1497	-5.6001	-61.395	31.338	0.09371	-1.6318	-0.97922	-5.6352	-9.4836	6.0375	-0.60467	28.824	-24.861	-4.7477
-56.128	-8.1891	656.5	0.65915	1.0745	0.015601	0.65637	0.96564	0.10242	0.58923	0.89691	0.062461	0.6726	1.051	0.51366	0.54288	1.045	0.50577	0.67107	1.1087	0.059979	0.58791	1.1503	0.062299	0.62014	1.1097	0.903	0.60228	0.97972	0.10744	0.60778	1.0487	0.5102	83.397	-8.0522	-5.6094	-64.618	31.449	-0.11498	-1.1976	-0.96744	-5.7274	-11.452	6.4602	-0.82376	29.862	-24.622	-4.5825
-56.486	-5.9096	664.52	0.65907	1.0782	0.015625	0.65606	0.96591	0.10267	0.58909	0.89708	0.062749	0.6725	1.0542	0.51362	0.54278	1.0482	0.50567	0.67109	1.1088	0.059913	0.58797	1.1505	0.062155	0.61972	1.1183	0.90255	0.6022	0.98012	0.10786	0.60764	1.052	0.51032	83.651	-7.9597	-5.6152	-67.99	31.654	-0.28603	-0.82875	-0.96249	-5.8111	-13.173	6.974	-1.0045	31.214	-24.376	-4.4193
-56.833	-3.4975	675.95	0.65883	1.0815	0.015646	0.65572	0.96619	0.10294	0.58896	0.89727	0.063071	0.67237	1.0576	0.51354	0.54265	1.0516	0.50555	0.67112	1.1089	0.059856	0.58803	1.1507	0.062014	0.61931	1.1268	0.90196	0.60209	0.98055	0.10829	0.60746	1.0555	0.51038	83.926	-7.8703	-5.6178	-71.507	31.946	-0.41891	-0.52404	-0.96343	-5.8832	-14.636	7.5803	-1.1462	32.919	-24.105	-4.2507
-57.169	-0.90526	690.55	0.65846	1.0844	0.015664	0.65536	0.96649	0.10324	0.58883	0.89747	0.063434	0.6722	1.0612	0.51342	0.54249	1.0552	0.5054	0.67114	1.1091	0.059805	0.58808	1.1509	0.061876	0.61892	1.1352	0.90126	0.60194	0.98102	0.10872	0.60727	1.0591	0.51039	84.218	-7.7827	-5.6181	-75.158	32.32	-0.51409	-0.28019	-0.96921	-5.9412	-15.837	8.2749	-1.2493	35	-23.806	-4.0719
-57.515	1.9322	708.02	0.65799	1.0869	0.015679	0.65499	0.96681	0.10357	0.5887	0.89769	0.063845	0.67202	1.065	0.51325	0.5423	1.059	0.50521	0.67117	1.1092	0.059761	0.58814	1.1511	0.06174	0.61855	1.1436	0.90042	0.60178	0.98151	0.10915	0.60705	1.063	0.51034	84.525	-7.6965	-5.6186	-78.932	32.771	-0.57247	-0.092546	-0.97884	-5.9833	-16.786	9.0466	-1.3148	37.454	-23.489	-3.881
-57.918	5.0945	728.09	0.65746	1.089	0.015691	0.65462	0.96715	0.10395	0.58857	0.89793	0.064312	0.67182	1.0689	0.51305	0.5421	1.0631	0.50498	0.67118	1.1094	0.059723	0.58819	1.1513	0.061606	0.6182	1.152	0.89948	0.6016	0.98205	0.10959	0.60683	1.0671	0.51023	84.844	-7.6111	-5.6223	-82.816	33.295	-0.59606	0.044693	-0.9914	-6.0088	-17.5	9.8757	-1.3455	40.259	-23.183	-3.6801
-58.447	8.6667	750.44	0.65691	1.0908	0.015701	0.65426	0.96752	0.10436	0.58845	0.89818	0.064841	0.67162	1.073	0.51281	0.5419	1.0674	0.5047	0.6712	1.1095	0.059689	0.58824	1.1515	0.061474	0.61787	1.1603	0.89842	0.60143	0.98261	0.11004	0.60661	1.0713	0.51006	85.172	-7.5256	-5.6326	-86.794	33.89	-0.58837	0.13796	-1.0059	-6.0179	-18.001	10.734	-1.3457	43.382	-22.932	-3.4746
-59.188	12.735	774.79	0.65638	1.0922	0.015709	0.65392	0.96793	0.1048	0.58834	0.89845	0.065436	0.67143	1.0772	0.51254	0.5417	1.0718	0.50438	0.67121	1.1096	0.05966	0.58828	1.1517	0.061344	0.61756	1.1686	0.89726	0.60127	0.98322	0.1105	0.6064	1.0758	0.50984	85.505	-7.4394	-5.6523	-90.854	34.553	-0.55414	0.19393	-1.021	-6.0112	-18.32	11.585	-1.3212	46.779	-22.796	-3.2717
-60.242	17.377	800.84	0.65591	1.0934	0.015715	0.65362	0.96837	0.10529	0.58825	0.89873	0.066102	0.67126	1.0816	0.51223	0.54152	1.0764	0.50401	0.67122	1.1098	0.059637	0.58832	1.1518	0.061217	0.61726	1.1769	0.89601	0.60114	0.98385	0.11097	0.60621	1.0803	0.50958	85.842	-7.3513	-5.6842	-94.985	35.281	-0.49811	0.21941	-1.0358	-5.9898	-18.487	12.386	-1.2776	50.402	-22.845	-3.0784
-61.707	22.655	828.3	0.65551	1.0943	0.01572	0.65336	0.96885	0.1058	0.58816	0.89904	0.066839	0.67112	1.086	0.5119	0.54137	1.0812	0.50359	0.67123	1.1099	0.059621	0.58836	1.152	0.061094	0.61699	1.1852	0.89466	0.60104	0.98451	0.11146	0.60605	1.085	0.50926	86.18	-7.2601	-5.7301	-99.178	36.069	-0.42533	0.22098	-1.0492	-5.9547	-18.531	13.093	-1.2204	54.21	-23.149	-2.8994
-63.659	28.62	856.89	0.65521	1.095	0.015724	0.65315	0.96937	0.10634	0.5881	0.89936	0.067649	0.671	1.0906	0.51154	0.54125	1.0861	0.50314	0.67123	1.11	0.059611	0.58839	1.1521	0.060977	0.61673	1.1936	0.89322	0.60098	0.9852	0.11198	0.60592	1.0898	0.50891	86.519	-7.165	-5.7913	-103.43	36.909	-0.34048	0.20448	-1.0605	-5.9067	-18.477	13.668	-1.1543	58.166	-23.768	-2.736
-66.142	35.302	886.34	0.65502	1.0956	0.015727	0.65299	0.96992	0.10692	0.58807	0.8997	0.068532	0.67091	1.0953	0.51116	0.54116	1.0911	0.50264	0.67122	1.1101	0.059609	0.58843	1.1523	0.060867	0.61647	1.202	0.8917	0.60097	0.98591	0.11252	0.60583	1.0947	0.50853	86.857	-7.065	-5.8683	-107.72	37.792	-0.2481	0.17442	-1.0695	-5.8465	-18.34	14.082	-1.0839	62.241	-24.739	-2.5865
-69.154	42.711	916.35	0.65491	1.096	0.01573	0.65288	0.9705	0.10752	0.58806	0.90006	0.06949	0.67086	1.1	0.51075	0.5411	1.0962	0.50211	0.67122	1.1102	0.059613	0.58846	1.1524	0.060763	0.61623	1.2105	0.89011	0.601	0.98664	0.11309	0.60577	1.0997	0.50811	87.193	-6.9597	-5.9608	-112.04	38.699	-0.15254	0.13337	-1.0767	-5.7751	-18.126	14.319	-1.0135	66.415	-26.069	-2.4476
-72.642	50.844	946.64	0.65488	1.0964	0.015732	0.65283	0.97113	0.10815	0.58807	0.90044	0.070526	0.67082	1.1049	0.51033	0.54106	1.1014	0.50155	0.67119	1.1103	0.059621	0.5885	1.1525	0.060668	0.61598	1.2191	0.88845	0.60108	0.98741	0.11371	0.60574	1.1048	0.50767	87.528	-6.8482	-6.068	-116.37	39.607	-0.056676	0.081823	-1.0832	-5.6936	-17.836	14.382	-0.94598	70.663	-27.734	-2.3146
-76.507	59.682	976.86	0.65489	1.0967	0.015734	0.65282	0.9718	0.10882	0.5881	0.90085	0.071646	0.6708	1.1098	0.5099	0.54104	1.1068	0.50097	0.67116	1.1103	0.05963	0.58853	1.1526	0.060581	0.61574	1.2278	0.88675	0.60121	0.9882	0.11437	0.60573	1.11	0.50721	87.859	-6.7293	-6.1889	-120.69	40.484	0.038071	0.018406	-1.0909	-5.6037	-17.461	14.289	-0.88307	74.959	-29.677	-2.1839
-80.608	69.195	1006.6	0.65493	1.097	0.015736	0.65285	0.97253	0.10952	0.58816	0.90129	0.072855	0.67079	1.1148	0.50946	0.54103	1.1122	0.50038	0.67111	1.1104	0.05964	0.58857	1.1527	0.060502	0.61548	1.2365	0.88503	0.60136	0.98903	0.11509	0.60573	1.1153	0.50674	88.187	-6.601	-6.3227	-124.97	41.297	0.13145	-0.059357	-1.1019	-5.507	-16.989	14.076	-0.82526	79.269	-31.808	-2.0522
-84.777	79.347	1035.5	0.65496	1.0973	0.015738	0.65291	0.9733	0.11028	0.58822	0.90177	0.074163	0.67076	1.1199	0.50902	0.54101	1.1178	0.49977	0.67104	1.1105	0.059649	0.58861	1.1529	0.060431	0.61523	1.2454	0.8833	0.60154	0.9899	0.11587	0.60572	1.1207	0.50626	88.511	-6.4606	-6.4687	-129.15	42.008	0.22416	-0.15428	-1.1185	-5.4048	-16.41	13.789	-0.77186	83.555	-34.019	-1.915
-88.833	90.089	1063.2	0.65496	1.0975	0.015739	0.653	0.97415	0.11109	0.5883	0.90229	0.075579	0.67071	1.1251	0.50859	0.54096	1.1235	0.49916	0.67095	1.1105	0.059656	0.58865	1.153	0.060368	0.61496	1.2543	0.88157	0.60174	0.99082	0.11673	0.6057	1.1263	0.50577	88.828	-6.3049	-6.6265	-133.21	42.577	0.31793	-0.26898	-1.1423	-5.2974	-15.707	13.482	-0.72062	87.776	-36.184	-1.7653
-92.603	101.37	1089.1	0.65491	1.0978	0.015741	0.65312	0.97506	0.11196	0.58838	0.90286	0.077117	0.67063	1.1304	0.50816	0.54089	1.1294	0.49854	0.67083	1.1105	0.059659	0.58869	1.1531	0.060313	0.61468	1.2633	0.87984	0.60194	0.99179	0.11767	0.60565	1.132	0.50528	89.14	-6.1306	-6.7954	-137.07	42.966	0.41543	-0.40607	-1.1743	-5.1845	-14.868	13.204	-0.66786	91.887	-38.176	-1.5929
-95.928	113.12	1112.8	0.6548	1.098	0.015742	0.65325	0.97606	0.11291	0.58847	0.90348	0.078789	0.67051	1.1359	0.50775	0.54078	1.1355	0.4979	0.6707	1.1105	0.059657	0.58873	1.1532	0.060266	0.61438	1.2724	0.87812	0.60215	0.99284	0.11871	0.60556	1.1379	0.50479	89.444	-5.9353	-6.9748	-140.71	43.139	0.51902	-0.5682	-1.2147	-5.0648	-13.879	13.001	-0.61004	95.841	-39.882	-1.3881
-98.68	125.28	1134	0.65462	1.0983	0.015744	0.6534	0.97716	0.11394	0.58855	0.90417	0.080611	0.67034	1.1415	0.50735	0.54064	1.1418	0.49726	0.67054	1.1105	0.059647	0.58877	1.1533	0.060226	0.61405	1.2816	0.8764	0.60235	0.99397	0.11985	0.60543	1.1439	0.50429	89.739	-5.7172	-7.1647	-144.05	43.066	0.63039	-0.75838	-1.263	-4.9371	-12.729	12.903	-0.54421	99.586	-41.206	-1.1428
-100.77	137.76	1152.2	0.65436	1.0986	0.015745	0.65356	0.97835	0.11507	0.58863	0.90493	0.082598	0.67013	1.1473	0.50697	0.54045	1.1483	0.49658	0.67036	1.1105	0.059624	0.58881	1.1534	0.060193	0.61371	1.291	0.87469	0.60253	0.99519	0.12109	0.60525	1.1502	0.50379	90.024	-5.4756	-7.3654	-147.05	42.724	0.75132	-0.98027	-1.3181	-4.8003	-11.404	12.934	-0.46756	103.07	-42.075	-0.85084
-102.13	150.46	1167.2	0.65401	1.0989	0.015746	0.65374	0.97966	0.11628	0.58871	0.90578	0.084766	0.66988	1.1533	0.50661	0.54023	1.1551	0.49586	0.67016	1.1105	0.059584	0.58886	1.1535	0.060166	0.61333	1.3004	0.87299	0.6027	0.99651	0.12245	0.60503	1.1567	0.50328	90.297	-5.2114	-7.5778	-149.66	42.103	0.88526	-1.2382	-1.3788	-4.6533	-9.8923	13.102	-0.37656	106.24	-42.443	-0.50734
-102.75	163.29	1178.7	0.6536	1.0992	0.015747	0.65393	0.98108	0.1176	0.58878	0.90671	0.08713	0.66958	1.1595	0.50626	0.53999	1.1622	0.4951	0.66994	1.1104	0.059521	0.5889	1.1536	0.060142	0.61293	1.3101	0.8713	0.60286	0.99795	0.12394	0.60478	1.1635	0.50276	90.558	-4.9267	-7.8034	-151.82	41.204	1.0364	-1.5372	-1.4436	-4.4961	-8.1794	13.405	-0.26758	109.05	-42.293	-0.10977
-102.65	176.13	1186.3	0.65312	1.0995	0.015748	0.65415	0.98263	0.11902	0.58886	0.90776	0.089707	0.66926	1.1659	0.50592	0.53973	1.1696	0.49428	0.6697	1.1103	0.059426	0.58894	1.1537	0.060122	0.6125	1.3198	0.86963	0.60301	0.99953	0.12555	0.60449	1.1706	0.50222	90.805	-4.624	-8.0434	-153.49	40.034	1.2089	-1.8826	-1.5115	-4.3299	-6.2519	13.828	-0.13754	111.43	-41.638	0.3421
-101.84	188.84	1189.9	0.65259	1.0999	0.015748	0.65439	0.98432	0.12054	0.58894	0.90893	0.092511	0.66892	1.1727	0.50557	0.53947	1.1773	0.4934	0.66945	1.1102	0.059292	0.58898	1.1538	0.060102	0.61203	1.3298	0.86799	0.60316	1.0012	0.12729	0.60419	1.178	0.50164	91.036	-4.3062	-8.2988	-154.61	38.609	1.4069	-2.2799	-1.5817	-4.1577	-4.097	14.348	0.015362	113.33	-40.506	0.84564
-100.38	201.27	1189	0.65203	1.1002	0.015749	0.65466	0.98615	0.12216	0.58903	0.91024	0.095557	0.66857	1.1798	0.50521	0.53922	1.1854	0.49245	0.66918	1.1101	0.05911	0.58902	1.1538	0.060083	0.61152	1.3398	0.86638	0.60332	1.0031	0.12916	0.60388	1.1857	0.50103	91.25	-3.9757	-8.5701	-155.12	36.948	1.6331	-2.7354	-1.6535	-3.9843	-1.7021	14.939	0.19081	114.69	-38.937	1.3944
-98.304	213.22	1183.5	0.65144	1.1006	0.01575	0.65496	0.98813	0.12389	0.58913	0.91171	0.098858	0.66823	1.1872	0.50482	0.53899	1.1937	0.49142	0.6689	1.1099	0.058874	0.58906	1.1538	0.060061	0.61097	1.3501	0.86482	0.60349	1.0052	0.13116	0.60357	1.1937	0.50038	91.443	-3.6344	-8.8569	-154.96	35.073	1.8882	-3.2553	-1.7262	-3.8158	0.94146	15.569	0.38582	115.45	-36.979	1.979
-95.656	224.44	1172.8	0.65085	1.101	0.01575	0.6553	0.99028	0.12572	0.58926	0.91338	0.10243	0.66791	1.195	0.50438	0.53879	1.2025	0.49031	0.6686	1.1097	0.05858	0.5891	1.1537	0.060035	0.61037	1.3605	0.86332	0.60369	1.0075	0.1333	0.60329	1.2021	0.49966	91.613	-3.2828	-9.1575	-154.08	33.004	2.1701	-3.8461	-1.7991	-3.6594	3.8384	16.209	0.59357	115.56	-34.682	2.5859
-92.469	234.65	1156.5	0.65025	1.1014	0.015751	0.65567	0.99262	0.12765	0.58941	0.91527	0.10628	0.66762	1.2031	0.50387	0.53864	1.2116	0.4891	0.6683	1.1094	0.058227	0.58913	1.1537	0.060005	0.60972	1.371	0.86188	0.60394	1.01	0.13556	0.60305	1.2109	0.49887	91.754	-2.9202	-9.4692	-152.39	30.764	2.4729	-4.5146	-1.8711	-3.5224	6.9879	16.825	0.80356	114.97	-32.09	3.1982
-88.771	243.51	1134.4	0.64967	1.1018	0.015752	0.65609	0.99516	0.1297	0.58958	0.91744	0.11044	0.66739	1.2118	0.5033	0.53855	1.2211	0.48778	0.668	1.1091	0.057818	0.58917	1.1535	0.059969	0.60901	1.3816	0.86052	0.60422	1.0128	0.13796	0.60286	1.2201	0.498	91.86	-2.5447	-9.7878	-149.84	28.377	2.7881	-5.2676	-1.9404	-3.4117	10.38	17.389	1.0024	113.64	-29.248	3.7965
-84.578	250.64	1105.9	0.64911	1.1023	0.015754	0.65653	0.99794	0.13187	0.58977	0.91991	0.11491	0.66723	1.2208	0.50263	0.53855	1.231	0.48634	0.6677	1.1088	0.057366	0.5892	1.1534	0.059926	0.60825	1.3924	0.85925	0.60456	1.0158	0.14048	0.60274	1.2298	0.49702	91.923	-2.1534	-10.108	-146.35	25.866	3.1045	-6.1123	-2.0051	-3.3333	13.988	17.871	1.1745	111.56	-26.197	4.36
-79.903	255.61	1070.7	0.64857	1.1028	0.015756	0.65701	1.001	0.13417	0.58997	0.92276	0.11972	0.66716	1.2304	0.50186	0.53865	1.2413	0.48476	0.66741	1.1084	0.05689	0.58922	1.1532	0.059874	0.60743	1.4033	0.85808	0.60495	1.0192	0.14313	0.60272	1.2399	0.49593	91.93	-1.7424	-10.425	-141.87	23.26	3.4087	-7.0563	-2.0627	-3.2918	17.771	18.247	1.3023	108.72	-22.976	4.866
-74.759	258.01	1028.5	0.64805	1.1034	0.015758	0.6575	1.0043	0.13663	0.59016	0.92602	0.1249	0.6672	1.2404	0.50097	0.53887	1.2521	0.48302	0.66713	1.1081	0.056418	0.58925	1.153	0.059815	0.60655	1.4144	0.85701	0.60539	1.023	0.1459	0.6028	1.2505	0.4947	91.869	-1.3081	-10.73	-136.34	20.594	3.6862	-8.1077	-2.1109	-3.2903	21.665	18.495	1.3679	105.15	-19.625	5.2915
-69.172	257.41	979.22	0.64755	1.1041	0.015762	0.65799	1.0081	0.13928	0.59034	0.92978	0.13046	0.66735	1.251	0.49996	0.53923	1.2635	0.4811	0.66688	1.1078	0.055987	0.58926	1.1528	0.059747	0.60561	1.4255	0.85605	0.60587	1.0272	0.1488	0.603	1.2617	0.49331	91.722	-0.84721	-11.016	-129.75	17.913	3.9221	-9.2755	-2.1478	-3.3306	25.581	18.6	1.3545	100.87	-16.195	5.615
-63.194	253.5	923.07	0.64707	1.105	0.015766	0.65848	1.0122	0.14214	0.59047	0.9341	0.13644	0.66765	1.2622	0.49882	0.53975	1.2754	0.47898	0.66667	1.1075	0.055646	0.58927	1.1527	0.059674	0.60462	1.4367	0.85522	0.60638	1.0319	0.15184	0.60335	1.2734	0.49175	91.469	-0.35805	-11.276	-122.1	15.269	4.1007	-10.569	-2.1716	-3.4126	29.402	18.544	1.2479	95.95	-12.752	5.8185
-56.917	246.05	860.49	0.6466	1.1061	0.015772	0.65894	1.0167	0.14526	0.59055	0.93905	0.14287	0.66809	1.274	0.49752	0.54044	1.288	0.47665	0.66649	1.1073	0.055449	0.58927	1.1526	0.059598	0.60357	1.4479	0.85452	0.60691	1.037	0.15501	0.60385	1.2858	0.49001	91.09	0.15885	-11.499	-113.46	12.724	4.2082	-11.997	-2.1815	-3.5347	32.984	18.311	1.0402	90.474	-9.3845	5.8919
-50.478	234.99	792.27	0.64614	1.1075	0.01578	0.65935	1.0218	0.14867	0.59054	0.94471	0.14977	0.66868	1.2864	0.49608	0.54131	1.3012	0.4741	0.66635	1.1074	0.055461	0.58926	1.1527	0.059525	0.60246	1.4592	0.85395	0.60745	1.0428	0.15835	0.60451	1.2989	0.48807	90.558	0.7001	-11.677	-103.93	10.346	4.2344	-13.569	-2.1778	-3.6932	36.166	17.886	0.73458	84.54	-6.2047	5.8368
-44.052	220.48	719.57	0.64571	1.1092	0.015789	0.6597	1.0274	0.15243	0.59044	0.95115	0.15717	0.66942	1.2994	0.49449	0.54237	1.3152	0.47132	0.66626	1.1076	0.055749	0.58925	1.153	0.059464	0.6013	1.4705	0.85352	0.60795	1.0491	0.16185	0.60534	1.3126	0.48592	89.85	1.2588	-11.798	-93.672	8.1988	4.1736	-15.293	-2.1619	-3.8825	38.772	17.249	0.34764	78.254	-3.3419	5.6676
-37.841	202.87	643.83	0.64532	1.1112	0.015801	0.65997	1.0337	0.15657	0.59023	0.95845	0.16509	0.67032	1.3132	0.49273	0.54362	1.3299	0.46834	0.66621	1.1082	0.056386	0.58924	1.1536	0.059427	0.60009	1.4818	0.85323	0.6084	1.0561	0.16555	0.60633	1.327	0.48356	88.938	1.8236	-11.852	-82.91	6.3367	4.0249	-17.175	-2.1362	-4.0948	40.633	16.386	-0.090029	71.722	-0.92797	5.409
-32.045	182.77	566.74	0.64498	1.1136	0.015816	0.66015	1.0407	0.16117	0.5899	0.96669	0.17355	0.67135	1.3277	0.49084	0.54504	1.3453	0.46517	0.6662	1.1093	0.057441	0.58924	1.1546	0.059432	0.59884	1.493	0.85308	0.60877	1.0638	0.16946	0.60748	1.3422	0.48102	87.802	2.3778	-11.826	-71.907	4.7971	3.7941	-19.217	-2.1039	-4.3206	41.591	15.288	-0.53446	65.035	0.92585	5.092
-26.828	160.92	490.08	0.64472	1.1165	0.015834	0.66021	1.0484	0.16624	0.58943	0.97591	0.18256	0.67249	1.3428	0.48882	0.5466	1.3616	0.46186	0.66624	1.1109	0.058978	0.58925	1.156	0.059499	0.59753	1.5042	0.85306	0.60901	1.0722	0.17363	0.60877	1.3582	0.4783	86.426	2.8987	-11.707	-60.964	3.5936	3.494	-21.418	-2.0687	-4.5491	41.532	13.965	-0.93478	58.271	2.1584	4.7462
-22.289	138.24	415.69	0.6446	1.1199	0.015856	0.66014	1.057	0.17183	0.58883	0.98619	0.19208	0.67372	1.3587	0.4867	0.54829	1.3786	0.45845	0.66634	1.1132	0.06105	0.5893	1.1581	0.059652	0.59619	1.5152	0.85318	0.60909	1.0815	0.17807	0.61017	1.3748	0.47546	84.806	3.358	-11.486	-50.397	2.7122	3.1431	-23.774	-2.0332	-4.7692	40.396	12.452	-1.2424	51.5	2.774	4.3938
-18.452	115.63	345.23	0.64466	1.1238	0.015883	0.65994	1.0665	0.17797	0.58809	0.99756	0.2021	0.675	1.3753	0.48452	0.55005	1.3964	0.45502	0.66649	1.1164	0.063693	0.58939	1.1608	0.059918	0.59481	1.5262	0.85344	0.60896	1.0915	0.18282	0.61164	1.3922	0.47253	82.95	3.7231	-11.153	-40.507	2.1114	2.7629	-26.273	-1.9994	-4.9703	38.201	10.803	-1.4212	44.788	2.8452	4.0436
-15.262	93.979	280.11	0.64496	1.1284	0.015913	0.65961	1.0769	0.18464	0.5872	1.0101	0.21254	0.6763	1.3926	0.48233	0.55184	1.4149	0.45164	0.66673	1.1205	0.066919	0.58956	1.1644	0.060324	0.5934	1.537	0.85382	0.6086	1.1023	0.18788	0.61314	1.4102	0.46959	80.889	3.9595	-10.711	-31.556	1.7271	2.3736	-28.898	-1.9673	-5.1432	35.031	9.0895	-1.456	38.2	2.5024	3.6898
-12.615	74.029	221.37	0.64557	1.1337	0.01595	0.65913	1.0883	0.19183	0.58617	1.0237	0.22331	0.67757	1.4105	0.48017	0.55362	1.434	0.44838	0.66705	1.1257	0.070714	0.58982	1.1688	0.060895	0.59197	1.5478	0.85432	0.60798	1.1141	0.19326	0.61462	1.4288	0.46671	78.671	4.0349	-10.17	-23.739	1.482	1.9912	-31.628	-1.9356	-5.2796	31.041	7.3846	-1.3532	31.795	1.9008	3.3173
-10.381	56.313	169.63	0.64654	1.1398	0.015992	0.65851	1.1008	0.19948	0.58497	1.0384	0.2343	0.6788	1.429	0.47811	0.55533	1.4537	0.44532	0.66749	1.1321	0.075034	0.5902	1.1743	0.061654	0.59054	1.5584	0.85491	0.60708	1.1267	0.19895	0.61605	1.448	0.46396	76.364	3.9244	-9.5545	-17.167	1.302	1.6269	-34.435	-1.9023	-5.3736	26.431	5.7587	-1.1405	25.638	1.2025	2.9095
-8.436	41.121	125.12	0.64798	1.1468	0.016043	0.65775	1.1143	0.20752	0.58361	1.0542	0.24536	0.67994	1.4481	0.47621	0.55694	1.4739	0.44254	0.66807	1.1398	0.079812	0.59073	1.1809	0.062623	0.58912	1.5689	0.85559	0.60589	1.1402	0.20492	0.61738	1.4677	0.46141	74.049	3.6142	-8.9023	-11.875	1.1276	1.2887	-37.288	-1.8665	-5.4221	21.448	4.2688	-0.85237	19.823	0.53249	2.4617
-6.7004	28.512	87.802	0.65011	1.1554	0.016105	0.65685	1.1288	0.21583	0.58208	1.0711	0.25632	0.68097	1.4676	0.47455	0.55841	1.4945	0.44011	0.66879	1.1489	0.084963	0.59142	1.1886	0.063826	0.58772	1.5793	0.85633	0.60445	1.1546	0.2111	0.61858	1.4877	0.45915	71.815	3.1049	-8.2565	-7.8128	0.923	0.97892	-40.156	-1.8289	-5.4253	16.358	2.9566	-0.53232	14.47	-0.021478	1.981
-5.142	18.358	57.411	0.65343	1.1669	0.01619	0.65582	1.1443	0.22429	0.58035	1.0889	0.267	0.68186	1.4875	0.47317	0.55972	1.5154	0.43808	0.66965	1.1594	0.090398	0.59229	1.1976	0.065295	0.58637	1.5896	0.85715	0.60278	1.1699	0.21743	0.61962	1.5081	0.45723	69.746	2.4127	-7.6612	-4.8257	0.68043	0.69569	-43.004	-1.7926	-5.3879	11.423	1.8527	-0.23407	9.722	-0.39343	1.4822
-3.7666	10.441	33.543	0.65948	1.1852	0.016327	0.65467	1.1606	0.23274	0.57844	1.1074	0.2772	0.68261	1.5077	0.47215	0.56085	1.5365	0.43651	0.67064	1.1712	0.096039	0.59333	1.208	0.067067	0.58508	1.5999	0.85804	0.60092	1.186	0.22382	0.62047	1.5287	0.45572	67.92	1.5671	-7.153	-2.9557	0.39783	0.45984	-45.801	-1.7632	-5.318	7.0529	0.93213	0.098462	5.8038	-0.76283	1.0654
-0.066667	0.13575	0.45613	NaN	NaN	NaN	0.65339	1.1778	0.24105	0.57632	1.1266	0.28674	0.68321	1.5281	0.47153	0.5618	1.5579	0.43544	0.67172	1.1845	0.10182	0.59454	1.2197	0.069184	0.58386	1.6101	0.859	0.59892	1.2029	0.23016	0.62115	1.5495	0.45466	66.401	0.60726	-6.7562	-1.4238	0.14007	0.22023	-48.518	-1.7481	-5.227	3.0442	0.29005	0.20014	2.5192	-0.64299	0.56972
0	0	0	NaN	NaN	NaN	0.652	1.1956	0.24907	0.57401	1.1464	0.29546	0.68364	1.5487	0.47135	0.56258	1.5794	0.43489	0.67285	1.199	0.10769	0.59589	1.233	0.07167	0.58272	1.6202	0.86005	0.59682	1.2205	0.23637	0.62164	1.5703	0.45408	65.233	-0.42203	-6.4802	0.035396	0.001956	0.002926	-51.13	-1.7561	-5.1293	0.024861	0.027383	-0.028355	0.22658	0.057144	0.029147
